(60,10)
(62,3)
(63,7)
(64,12)
(65,1)
(66,23)
(67,33)
(68,25)
(69,63)
(104,13)
(106,23)
(107,41)
(108,6)
(110,49)
(111,42)
(112,44)
(115,29)
(116,26)
(166,44)
(168,21)
(169,8)
(170,164)
(171,33)
(172,20)
(173,28)
(176,29)
(179,48)
(263,81)
(264,4)
(265,16)
(266,9)
(267,8)
(268,29)
(269,21)
(270,92)
(272,22)
(1004,4)
(1005,1)
(1006,28)
(1007,4)
(1008,2)
(1010,1)
(1014,114)
(1015,240)
(1016,108)
(1018,11)
(1019,10)
(1020,14)
(1021,15)
(1022,82)
(1023,30)
(1024,20)
(1025,19)
(1026,53)
(1037,35)
(1038,8)
(1039,19)
(1040,8)
(1041,21)
(1042,18)
(1043,7)
(1046,39)
(1047,8)
(1048,9)
(1059,3)
(1061,16)
(1062,31)
(1066,4)
(1067,6)
(1068,14)
(1069,13)
(1070,8)
(1072,13)
(10080,37)
(10081,7)
(10082,38)
(10084,7)
(10085,42)
(10086,18)
(10087,68)
(10088,14)
(10089,22)
(10099,7)
(10101,8)
(10104,50)
(10105,24)
(10106,9)
(10107,7)
(10108,40)
(10109,70)
(10111,14)
(10113,26)
(10114,5)
(10115,34)
(10116,28)
(10117,53)
(10118,27)
(10119,38)
(10120,68)
(10121,48)
(10134,83)
(10135,45)
(10136,103)
(10140,68)
(10141,7)
(10142,73)
(10145,70)
(10146,78)
(10403,20)
(1,80)
(2,81)
(5,63)
(9,8)
(11,18)
(52,5)
(53,27)
(56,25)
(57,17)
(59,6)
(71,47)
(72,23)
(73,20)
(74,16)
(75,22)
(77,3)
(78,64)
(79,9)
(82,39)
(94,39)
(95,28)
(97,120)
(98,8)
(99,7)
(100,19)
(101,25)
(102,16)
(103,13)
(118,11)
(119,18)
(120,11)
(121,3)
(122,20)
(124,68)
(126,28)
(127,26)
(129,72)
(145,127)
(146,7)
(149,173)
(151,55)
(156,12)
(160,2)
(161,7)
(163,7)
(164,12)
(83,16)
(84,16)
(85,18)
(86,5)
(87,36)
(88,21)
(91,11)
(92,28)
(93,33)
(181,87)
(182,44)
(225,16)
(226,51)
(227,7)
(228,24)
(229,15)
(230,60)
(231,2)
(232,58)
(243,11)
(247,27)
(248,14)
(252,93)
(253,61)
(254,50)
(255,75)
(257,30)
(259,74)
(132,15)
(133,8)
(136,39)
(137,76)
(138,26)
(139,46)
(142,12)
(143,156)
(144,30)
(1049,14)
(1050,5)
(1051,4)
(1052,7)
(1053,6)
(1054,4)
(1055,14)
(1056,6)
(1057,11)
(274,65)
(275,28)
(277,2)
(387,2)
(388,20)
(520,3)
(522,7)
(570,55)
(571,23)
(233,14)
(234,8)
(236,46)
(237,14)
(238,16)
(239,28)
(240,36)
(241,7)
(242,28)
(1092,6)
(1093,1)
(1096,4)
(1097,20)
(1103,40)
(1104,7)
(1107,66)
(1108,3)
(1111,22)
(1073,10)
(1074,1)
(1075,13)
(1076,11)
(1077,11)
(1078,7)
(1079,6)
(1080,4)
(1081,19)
(572,21)
(573,16)
(574,54)
(575,28)
(576,19)
(578,17)
(579,44)
(581,21)
(582,46)
(1112,3)
(1113,40)
(1114,6)
(1115,106)
(1121,36)
(1122,37)
(1123,30)
(1164,22)
(1165,152)
(584,25)
(586,26)
(587,2)
(589,5)
(590,17)
(591,24)
(1001,102)
(1002,71)
(1003,19)
(1303,8)
(1413,82)
(1414,163)
(1415,20)
(10002,59)
(10005,2)
(10007,25)
(10014,54)
(10017,17)
(1027,17)
(1028,17)
(1029,10)
(1031,6)
(1032,2)
(1033,5)
(1034,43)
(1035,19)
(1036,58)
(1177,10)
(1180,78)
(1181,57)
(1182,90)
(1184,27)
(1186,15)
(1187,46)
(1301,51)
(1302,16)
(10053,39)
(10056,88)
(10057,62)
(10058,15)
(10062,38)
(10064,56)
(10065,20)
(10066,31)
(10068,54)
(10069,28)
(10070,28)
(10071,68)
(10072,36)
(10073,19)
(10075,13)
(10076,70)
(10077,56)
(10078,20)
(10079,58)
(1082,23)
(1083,9)
(1084,30)
(1085,11)
(1087,33)
(1088,21)
(1089,16)
(1090,6)
(1091,3)
(10122,16)
(10123,15)
(10124,6)
(10127,40)
(10128,32)
(10130,18)
(10131,30)
(10132,42)
(10133,122)
(10405,5)
(10406,28)
(10408,30)
(10409,35)
(10410,18)
(10412,8)
(10414,24)
(10424,27)
(10568,67)
(1166,158)
(1167,64)
(1168,21)
(1169,67)
(1170,45)
(1171,99)
(1173,26)
(1175,37)
(1176,8)
(10090,13)
(10091,77)
(10092,12)
(10093,48)
(10094,57)
(10095,31)
(10096,50)
(10097,77)
(10098,95)
(10569,15)
(10572,1)
(10575,1)
(10576,1)
(10580,3)
(10581,3)
(10582,24)
(10583,4)
(10638,74)
