(1,85)
(2,65)
(5,87)
(9,4)
(11,25)
(52,4)
(53,24)
(56,27)
(57,11)
(59,8)
(94,29)
(95,55)
(97,81)
(98,12)
(99,7)
(100,21)
(101,22)
(102,25)
(103,17)
(145,97)
(146,2)
(149,176)
(151,46)
(156,16)
(161,9)
(163,3)
(164,15)
(166,25)
(242,39)
(243,6)
(247,28)
(248,25)
(252,79)
(253,37)
(254,66)
(255,89)
(257,14)
(582,83)
(584,18)
(586,60)
(587,5)
(589,7)
(590,13)
(591,20)
(1001,60)
(1002,72)
(1026,37)
(1027,7)
(1028,4)
(1029,2)
(1031,7)
(1033,5)
(1034,19)
(1035,12)
(1036,70)
(1111,23)
(1112,2)
(1113,36)
(1114,11)
(1115,67)
(1121,10)
(1122,7)
(1123,9)
(1164,1)
(1165,178)
(10053,29)
(10056,55)
(10057,61)
(10058,15)
(10062,32)
(10064,58)
(10065,36)
(10066,29)
(10068,32)
(10079,70)
(10080,37)
(10081,7)
(10082,41)
(10084,14)
(10085,59)
(10086,29)
(10087,68)
(10088,24)
(10089,24)
(10090,10)
(10091,85)
(10092,15)
(10093,33)
(10094,46)
(10095,24)
(10096,66)
(10097,47)
(83,9)
(84,8)
(85,15)
(86,6)
(87,34)
(88,24)
(91,7)
(92,24)
(93,30)
(132,22)
(133,12)
(136,39)
(137,47)
(138,27)
(139,43)
(142,8)
(143,154)
(144,33)
(232,45)
(233,16)
(234,11)
(236,43)
(237,6)
(238,9)
(239,24)
(240,43)
(241,9)
(60,12)
(62,11)
(63,4)
(64,15)
(65,2)
(66,18)
(67,17)
(68,10)
(69,31)
(71,7)
(72,13)
(73,15)
(74,5)
(75,16)
(77,1)
(78,49)
(79,6)
(82,27)
(104,19)
(106,18)
(107,43)
(108,8)
(110,37)
(111,51)
(112,48)
(115,25)
(116,16)
(572,21)
(573,14)
(574,48)
(575,19)
(576,32)
(577,3)
(578,17)
(579,47)
(581,11)
(118,7)
(119,16)
(120,13)
(121,3)
(122,17)
(124,51)
(126,26)
(127,22)
(129,64)
(168,8)
(169,6)
(170,111)
(171,24)
(172,18)
(173,18)
(176,28)
(179,63)
(181,92)
(182,35)
(202,1)
(225,16)
(226,52)
(227,13)
(228,21)
(229,29)
(230,61)
(231,1)
(1037,9)
(1038,4)
(1039,11)
(1040,4)
(1041,17)
(1042,24)
(1043,7)
(1045,2)
(1046,22)
(259,69)
(263,117)
(264,5)
(265,19)
(266,9)
(267,8)
(268,49)
(269,38)
(270,114)
(272,21)
(274,66)
(275,32)
(277,2)
(387,8)
(388,18)
(520,7)
(522,2)
(570,82)
(571,24)
(1016,130)
(1018,9)
(1019,9)
(1020,9)
(1021,19)
(1022,52)
(1023,34)
(1024,14)
(1025,17)
(1056,9)
(1057,11)
(1059,1)
(1061,16)
(1062,23)
(1066,9)
(1068,3)
(1069,10)
(1070,20)
(1092,3)
(1093,1)
(1095,1)
(1096,2)
(1097,8)
(1103,32)
(1104,5)
(1107,67)
(1108,19)
(1003,12)
(1004,6)
(1005,3)
(1006,32)
(1007,10)
(1009,4)
(1010,2)
(1014,144)
(1015,179)
(1047,7)
(1048,8)
(1049,16)
(1050,9)
(1051,8)
(1052,12)
(1053,4)
(1054,6)
(1055,7)
(1072,14)
(1073,1)
(1074,6)
(1075,11)
(1076,7)
(1077,12)
(1078,12)
(1079,7)
(1080,4)
(1177,12)
(1180,168)
(1181,135)
(1182,87)
(1184,43)
(1186,13)
(1187,36)
(1301,46)
(1302,10)
(1081,5)
(1082,8)
(1083,3)
(1084,4)
(1085,3)
(1087,11)
(1088,5)
(1089,7)
(1091,1)
(1303,13)
(1413,84)
(1414,189)
(1415,27)
(10002,62)
(10007,63)
(10013,2)
(10014,50)
(10017,10)
(10069,20)
(10070,20)
(10071,66)
(10072,48)
(10073,20)
(10075,17)
(10076,67)
(10077,40)
(10078,28)
(1166,139)
(1167,64)
(1168,23)
(1169,45)
(1170,34)
(1171,112)
(1173,34)
(1175,41)
(1176,13)
(10098,88)
(10099,7)
(10101,20)
(10104,25)
(10105,16)
(10106,18)
(10107,15)
(10108,29)
(10109,94)
(10568,39)
(10569,12)
(10572,1)
(10575,2)
(10576,1)
(10581,2)
(10582,26)
(10583,1)
(10638,2)
(10133,79)
(10134,65)
(10135,23)
(10136,83)
(10140,48)
(10141,16)
(10142,77)
(10145,77)
(10146,71)
(10111,16)
(10113,35)
(10114,3)
(10115,45)
(10116,31)
(10117,51)
(10118,27)
(10119,22)
(10120,59)
(10121,26)
(10122,10)
(10123,10)
(10124,9)
(10127,40)
(10128,16)
(10130,17)
(10131,30)
(10132,28)
(10403,15)
(10405,4)
(10406,27)
(10408,26)
(10409,32)
(10410,12)
(10412,4)
(10414,22)
(10424,44)
