(60,8)
(62,7)
(63,3)
(64,14)
(65,1)
(66,17)
(67,10)
(68,13)
(69,24)
(104,11)
(106,12)
(107,27)
(108,4)
(110,17)
(111,31)
(112,7)
(115,14)
(116,3)
(163,33)
(164,7)
(166,19)
(168,14)
(169,6)
(170,46)
(171,33)
(172,20)
(173,29)
(255,39)
(257,10)
(259,137)
(263,105)
(264,5)
(265,28)
(266,13)
(267,27)
(268,22)
(1054,2)
(1055,6)
(1056,10)
(1057,9)
(1059,1)
(1061,24)
(1062,5)
(1066,3)
(1067,7)
(1068,1)
(1069,10)
(1070,8)
(1072,9)
(1073,4)
(1074,8)
(1075,5)
(1076,4)
(1077,7)
(1171,152)
(1173,38)
(1175,34)
(1176,30)
(1177,14)
(1180,87)
(1181,154)
(1182,75)
(1184,34)
(1186,7)
(1187,28)
(1301,43)
(1302,7)
(1303,3)
(1413,125)
(1414,172)
(1415,37)
(10002,60)
(10133,9)
(10134,40)
(10135,5)
(10136,55)
(10140,9)
(10142,7)
(10145,121)
(10146,51)
(10403,18)
(10570,2)
(10571,1)
(10575,1)
(10580,2)
(10581,6)
(10582,29)
(10583,6)
(10638,95)
(1,53)
(2,74)
(5,15)
(9,18)
(52,9)
(53,14)
(56,11)
(57,11)
(59,5)
(94,23)
(95,28)
(97,93)
(98,7)
(99,6)
(100,6)
(101,11)
(102,13)
(103,27)
(83,4)
(84,6)
(85,3)
(86,4)
(87,9)
(88,5)
(91,8)
(92,17)
(93,21)
(71,7)
(72,6)
(73,15)
(74,5)
(75,9)
(77,3)
(78,31)
(79,6)
(82,16)
(118,7)
(119,11)
(120,4)
(121,5)
(122,15)
(124,47)
(126,9)
(127,21)
(128,1)
(129,41)
(132,24)
(133,9)
(136,39)
(137,34)
(138,27)
(139,26)
(142,7)
(143,55)
(144,38)
(145,40)
(146,3)
(149,161)
(151,50)
(156,18)
(160,1)
(161,10)
(239,12)
(240,68)
(242,21)
(243,8)
(247,29)
(248,18)
(252,70)
(253,75)
(254,57)
(176,17)
(179,36)
(181,63)
(182,21)
(184,8)
(225,23)
(226,44)
(227,12)
(228,47)
(229,30)
(230,81)
(231,4)
(232,73)
(233,4)
(234,16)
(236,25)
(237,14)
(238,15)
(269,32)
(270,153)
(272,20)
(274,29)
(275,32)
(277,3)
(387,7)
(388,21)
(520,4)
(1010,2)
(1014,122)
(1015,129)
(1016,106)
(1018,19)
(1019,23)
(1020,6)
(1021,10)
(1022,14)
(522,5)
(570,48)
(571,23)
(572,8)
(573,18)
(574,45)
(575,25)
(576,17)
(577,2)
(578,8)
(579,28)
(581,11)
(582,50)
(584,14)
(586,69)
(587,18)
(589,10)
(1088,31)
(1089,19)
(1090,5)
(1091,9)
(1092,13)
(1095,1)
(1096,4)
(1097,20)
(1103,19)
(1034,15)
(1035,3)
(1036,26)
(1037,20)
(1038,5)
(1039,14)
(1040,14)
(1041,10)
(1042,21)
(1001,73)
(1002,87)
(1003,12)
(1004,6)
(1005,43)
(1006,22)
(1007,3)
(1008,1)
(1009,3)
(1043,11)
(1046,16)
(1047,4)
(1048,9)
(1049,10)
(1050,5)
(1051,3)
(1052,12)
(1053,4)
(1104,3)
(1107,35)
(1108,4)
(1111,28)
(1112,3)
(1113,22)
(1114,10)
(1115,72)
(1121,10)
(10062,26)
(10064,38)
(10065,15)
(10066,27)
(10068,2)
(10069,13)
(10070,32)
(10071,30)
(10072,27)
(1023,16)
(1024,15)
(1025,29)
(1026,30)
(1027,35)
(1028,40)
(1029,14)
(1031,3)
(1033,8)
(1122,21)
(1123,15)
(1164,17)
(1165,120)
(1166,153)
(1167,44)
(1168,26)
(1169,39)
(1170,36)
(1078,8)
(1079,13)
(1080,8)
(1081,20)
(1082,21)
(1084,5)
(1085,18)
(1087,25)
(10073,28)
(10075,21)
(10076,12)
(10077,9)
(10078,17)
(10079,5)
(10080,30)
(10081,3)
(10094,5)
(10095,3)
(10096,8)
(10097,9)
(10098,12)
(10099,4)
(10101,14)
(10104,26)
(10106,1)
(10006,21)
(10007,65)
(10013,5)
(10014,107)
(10017,6)
(10053,12)
(10056,43)
(10057,45)
(10058,20)
(10082,5)
(10085,6)
(10086,30)
(10087,41)
(10088,21)
(10089,15)
(10091,9)
(10092,15)
(10093,68)
(10108,32)
(10109,57)
(10111,13)
(10113,28)
(10114,2)
(10115,49)
(10116,5)
(10117,26)
(10118,39)
(10119,18)
(10120,9)
(10121,5)
(10122,9)
(10124,1)
(10127,62)
(10128,5)
(10131,6)
(10132,3)
(10405,3)
(10406,6)
(10408,6)
(10409,4)
(10410,13)
(10414,1)
(10424,7)
(10568,42)
(10569,8)
