(83,6)
(84,10)
(85,19)
(87,23)
(88,13)
(91,10)
(92,21)
(93,35)
(94,33)
(95,49)
(136,41)
(137,27)
(138,21)
(139,24)
(142,14)
(143,69)
(144,20)
(145,34)
(146,3)
(149,139)
(237,52)
(238,66)
(239,73)
(240,30)
(241,17)
(242,30)
(243,10)
(247,20)
(248,21)
(576,8)
(577,2)
(578,12)
(579,143)
(581,8)
(582,43)
(584,39)
(586,58)
(587,2)
(1062,18)
(1066,6)
(1067,5)
(1068,3)
(1069,7)
(1070,12)
(1072,5)
(1073,3)
(1074,13)
(1075,14)
(1076,13)
(1077,13)
(1078,9)
(1079,7)
(1080,9)
(1081,37)
(1082,21)
(1083,3)
(1095,5)
(1097,21)
(1103,15)
(1104,24)
(1107,35)
(1108,16)
(1111,92)
(1112,4)
(1113,78)
(1114,28)
(1115,91)
(1121,6)
(1122,34)
(1123,15)
(1164,63)
(1165,212)
(1166,164)
(1167,92)
(1168,59)
(10141,14)
(10142,42)
(10145,128)
(10146,70)
(10403,15)
(10405,34)
(10406,49)
(10408,8)
(10409,38)
(10410,72)
(10412,11)
(10414,38)
(10424,43)
(10568,53)
(10569,19)
(10570,2)
(10571,11)
(10572,3)
(61,8)
(62,10)
(63,16)
(64,12)
(65,13)
(66,10)
(67,18)
(68,23)
(69,74)
(71,8)
(72,10)
(73,32)
(74,7)
(75,17)
(77,7)
(78,42)
(79,10)
(82,27)
(107,32)
(108,3)
(110,33)
(111,19)
(112,26)
(115,8)
(116,34)
(118,2)
(119,15)
(1,8)
(2,105)
(5,75)
(9,12)
(11,10)
(52,5)
(53,20)
(56,13)
(57,6)
(59,6)
(120,4)
(121,28)
(122,17)
(124,40)
(126,9)
(127,5)
(129,58)
(132,12)
(133,14)
(97,121)
(98,15)
(99,5)
(100,23)
(101,21)
(102,9)
(103,10)
(104,25)
(106,22)
(170,46)
(171,3)
(172,27)
(173,13)
(176,40)
(179,1)
(181,52)
(182,38)
(225,33)
(226,129)
(227,24)
(228,83)
(229,63)
(230,95)
(231,17)
(232,92)
(233,52)
(234,123)
(236,46)
(151,119)
(156,16)
(160,23)
(161,2)
(163,4)
(164,22)
(166,24)
(168,14)
(169,5)
(387,1)
(388,21)
(520,4)
(522,1)
(570,44)
(571,10)
(572,13)
(573,3)
(574,57)
(575,24)
(266,15)
(267,41)
(268,229)
(269,24)
(270,122)
(272,18)
(274,119)
(275,45)
(277,8)
(252,52)
(253,23)
(254,34)
(255,80)
(257,8)
(259,142)
(263,212)
(264,5)
(265,34)
(1050,1)
(1051,6)
(1052,5)
(1053,9)
(1054,1)
(1055,9)
(1056,6)
(1057,9)
(1059,2)
(1061,22)
(1031,15)
(1032,4)
(1033,42)
(1034,26)
(1035,13)
(1036,21)
(1037,27)
(1038,4)
(1039,39)
(1040,9)
(1041,8)
(1042,11)
(1043,11)
(1045,2)
(1046,32)
(1047,10)
(1048,28)
(1049,8)
(589,3)
(590,13)
(591,31)
(1001,91)
(1002,251)
(1003,3)
(1004,17)
(1005,9)
(1006,65)
(1169,40)
(1170,6)
(1171,68)
(1173,42)
(1175,68)
(1176,67)
(1177,35)
(1180,205)
(1181,8)
(1007,2)
(1008,3)
(1009,8)
(1010,2)
(1014,218)
(1015,211)
(1016,140)
(1018,26)
(1019,44)
(1415,43)
(10002,13)
(10005,17)
(10007,1)
(10013,82)
(10014,13)
(10017,7)
(10053,3)
(10056,56)
(10057,69)
(1084,10)
(1085,25)
(1087,51)
(1088,12)
(1089,25)
(1090,1)
(1091,43)
(1092,43)
(1093,15)
(1182,37)
(1184,1)
(1186,34)
(1187,93)
(1301,5)
(1302,25)
(1303,45)
(1413,53)
(1414,148)
(1020,13)
(1021,13)
(1022,11)
(1023,13)
(1024,19)
(1025,75)
(1026,23)
(1027,28)
(1028,7)
(1029,29)
(10058,14)
(10062,31)
(10064,46)
(10065,14)
(10066,19)
(10068,85)
(10069,27)
(10070,65)
(10071,46)
(10573,3)
(10574,2)
(10575,7)
(10576,1)
(10580,2)
(10581,3)
(10582,2)
(10585,1)
(10638,102)
(10093,66)
(10094,63)
(10095,9)
(10096,122)
(10097,64)
(10098,26)
(10099,11)
(10101,43)
(10104,57)
(10072,13)
(10073,18)
(10075,20)
(10076,53)
(10077,20)
(10078,7)
(10079,66)
(10080,52)
(10081,17)
(10127,64)
(10128,33)
(10130,34)
(10131,26)
(10132,42)
(10133,112)
(10134,30)
(10135,54)
(10136,55)
(10140,86)
(10082,66)
(10084,38)
(10085,56)
(10086,21)
(10087,37)
(10088,11)
(10089,35)
(10090,15)
(10091,44)
(10092,4)
(10105,25)
(10106,7)
(10107,11)
(10108,25)
(10109,89)
(10111,16)
(10113,48)
(10114,12)
(10115,46)
(10116,23)
(10117,37)
(10118,37)
(10119,9)
(10120,30)
(10121,34)
(10122,11)
(10123,26)
(10124,19)
