(69,33)
(71,31)
(72,10)
(73,20)
(74,7)
(75,15)
(77,3)
(78,47)
(79,6)
(116,18)
(118,8)
(119,10)
(120,8)
(121,3)
(122,22)
(124,43)
(126,10)
(127,6)
(179,30)
(181,81)
(182,30)
(225,7)
(226,52)
(227,10)
(228,44)
(229,6)
(230,42)
(231,2)
(272,11)
(274,57)
(275,38)
(387,2)
(388,7)
(520,4)
(522,3)
(570,35)
(571,28)
(582,44)
(584,20)
(586,28)
(587,1)
(589,6)
(590,8)
(591,17)
(1001,57)
(1002,65)
(1026,30)
(1027,10)
(1028,13)
(1029,10)
(1031,8)
(1032,1)
(1033,5)
(1034,9)
(1035,10)
(1081,22)
(1082,13)
(1083,8)
(1084,13)
(1085,8)
(1087,32)
(1088,7)
(1089,10)
(1090,6)
(1303,8)
(1413,62)
(1414,157)
(1415,17)
(10002,39)
(10005,2)
(10007,24)
(10013,2)
(10014,42)
(10089,19)
(10090,9)
(10091,67)
(10092,9)
(10093,47)
(10094,38)
(10095,18)
(10096,41)
(10097,45)
(10133,63)
(10134,50)
(10135,37)
(10136,59)
(10140,43)
(10141,10)
(10142,35)
(10145,21)
(10146,72)
(60,15)
(61,1)
(62,7)
(63,8)
(64,16)
(65,2)
(66,5)
(67,27)
(68,17)
(103,10)
(104,10)
(106,22)
(107,36)
(108,3)
(110,29)
(111,41)
(112,58)
(115,21)
(164,15)
(166,23)
(168,9)
(169,3)
(170,132)
(171,21)
(172,30)
(173,8)
(176,25)
(82,33)
(83,8)
(84,10)
(85,17)
(86,1)
(87,37)
(88,15)
(91,8)
(92,13)
(129,52)
(132,17)
(133,14)
(136,36)
(137,49)
(138,24)
(139,21)
(142,7)
(143,135)
(259,46)
(263,65)
(264,3)
(265,8)
(266,11)
(267,7)
(268,19)
(269,8)
(270,97)
(1003,13)
(1004,3)
(1005,3)
(1006,26)
(1007,5)
(1009,3)
(1010,2)
(1014,91)
(1015,128)
(232,63)
(233,10)
(234,7)
(236,37)
(237,2)
(238,2)
(239,17)
(240,36)
(241,7)
(572,17)
(573,16)
(574,24)
(575,45)
(576,16)
(577,1)
(578,22)
(579,55)
(581,15)
(1112,2)
(1113,17)
(1114,3)
(1115,68)
(1121,18)
(1122,14)
(1123,18)
(1164,15)
(1165,107)
(1016,68)
(1018,13)
(1019,6)
(1020,5)
(1021,14)
(1022,70)
(1023,29)
(1024,9)
(1025,11)
(10017,7)
(10053,26)
(10056,42)
(10057,41)
(10058,10)
(10062,22)
(10064,40)
(10065,18)
(10066,19)
(10068,47)
(1,49)
(2,50)
(5,27)
(9,3)
(11,16)
(52,5)
(53,15)
(56,33)
(57,15)
(59,18)
(10069,16)
(10070,11)
(10071,30)
(10072,31)
(10073,17)
(10075,16)
(10076,37)
(10077,34)
(10078,21)
(93,32)
(94,31)
(95,20)
(97,66)
(98,2)
(99,2)
(100,14)
(101,14)
(102,20)
(1048,5)
(1049,10)
(1050,5)
(1051,3)
(1052,6)
(1053,7)
(1054,4)
(1055,5)
(1056,10)
(1072,8)
(1073,7)
(1074,13)
(1075,10)
(1076,6)
(1077,14)
(1078,7)
(1079,5)
(1080,4)
(10098,64)
(10099,13)
(10101,7)
(10104,26)
(10105,16)
(10106,10)
(10107,7)
(10108,28)
(10109,53)
(1166,121)
(1167,46)
(1168,12)
(1169,35)
(1170,32)
(1171,109)
(1173,36)
(1175,28)
(1176,12)
(144,25)
(145,123)
(146,12)
(149,138)
(151,50)
(156,7)
(160,1)
(161,13)
(163,4)
(10079,31)
(10080,31)
(10081,10)
(10082,29)
(10084,9)
(10085,20)
(10086,21)
(10087,62)
(10088,29)
(242,14)
(243,8)
(247,19)
(248,20)
(252,54)
(253,41)
(254,58)
(255,65)
(257,31)
(10121,32)
(10122,33)
(10123,17)
(10124,4)
(10127,35)
(10128,17)
(10130,9)
(10131,13)
(10132,26)
(1036,44)
(1038,2)
(1039,21)
(1040,3)
(1041,8)
(1042,9)
(1043,4)
(1045,1)
(1046,18)
(1047,3)
(10403,9)
(10405,5)
(10406,16)
(10408,32)
(10409,41)
(10410,17)
(10412,7)
(10414,15)
(10424,26)
(1057,4)
(1059,4)
(1061,10)
(1062,18)
(1066,5)
(1067,3)
(1068,4)
(1069,23)
(1070,11)
(1091,10)
(1092,6)
(1096,4)
(1097,15)
(1103,9)
(1104,3)
(1107,63)
(1108,9)
(1111,17)
(1177,5)
(1180,58)
(1181,92)
(1182,70)
(1184,26)
(1186,16)
(1187,52)
(1301,59)
(1302,6)
(10111,9)
(10113,25)
(10114,5)
(10115,34)
(10116,18)
(10117,42)
(10118,19)
(10119,28)
(10120,54)
(10568,27)
(10569,16)
(10575,2)
(10576,1)
(10580,1)
(10581,3)
(10582,17)
(10583,5)
(10638,74)
