(71,8)
(72,16)
(73,18)
(74,13)
(75,23)
(77,2)
(78,62)
(79,7)
(82,43)
(118,8)
(119,20)
(120,19)
(121,6)
(122,29)
(124,57)
(126,8)
(127,20)
(129,74)
(181,103)
(182,39)
(225,17)
(226,25)
(227,17)
(228,30)
(229,16)
(230,57)
(232,56)
(275,36)
(277,4)
(387,8)
(388,14)
(520,3)
(522,1)
(570,59)
(571,16)
(572,18)
(1081,29)
(1082,31)
(1083,7)
(1084,19)
(1085,12)
(1087,35)
(1088,13)
(1089,14)
(1090,3)
(1111,25)
(1112,9)
(1113,40)
(1114,5)
(1115,89)
(1121,30)
(1122,40)
(1123,20)
(1164,9)
(1165,151)
(1177,11)
(1180,124)
(1181,139)
(1182,87)
(1184,32)
(1186,14)
(1187,42)
(1301,27)
(1302,8)
(10069,22)
(10070,12)
(10071,55)
(10072,39)
(10073,19)
(10075,19)
(10076,70)
(10077,56)
(10078,14)
(10121,31)
(10122,11)
(10123,15)
(10124,8)
(10127,43)
(10128,20)
(10130,17)
(10131,30)
(10132,37)
(1,61)
(2,68)
(5,84)
(9,16)
(11,19)
(52,4)
(53,23)
(56,30)
(57,17)
(59,10)
(60,7)
(62,6)
(63,9)
(64,13)
(65,4)
(66,13)
(67,21)
(68,20)
(69,42)
(94,41)
(95,40)
(97,97)
(98,8)
(99,7)
(100,10)
(101,19)
(102,17)
(103,13)
(104,13)
(106,11)
(107,31)
(108,4)
(110,43)
(111,42)
(112,42)
(115,28)
(116,23)
(83,14)
(84,18)
(85,23)
(86,1)
(87,53)
(88,19)
(91,10)
(92,28)
(93,26)
(132,12)
(133,18)
(136,54)
(137,48)
(138,33)
(139,47)
(142,3)
(143,109)
(144,30)
(145,94)
(146,5)
(149,171)
(151,64)
(156,9)
(160,1)
(161,9)
(163,5)
(164,12)
(166,24)
(168,11)
(169,2)
(170,99)
(171,21)
(172,11)
(173,19)
(176,17)
(179,55)
(233,8)
(234,11)
(236,39)
(237,11)
(238,6)
(239,20)
(240,45)
(241,17)
(242,24)
(263,152)
(264,2)
(265,28)
(266,12)
(267,9)
(268,42)
(269,31)
(270,136)
(272,14)
(274,70)
(243,15)
(247,34)
(248,20)
(252,81)
(253,56)
(254,102)
(255,98)
(257,19)
(259,75)
(1048,5)
(1049,11)
(1050,7)
(1051,11)
(1052,14)
(1053,13)
(1054,6)
(1055,7)
(1056,4)
(573,9)
(574,53)
(575,34)
(576,33)
(577,4)
(578,23)
(579,47)
(581,22)
(582,68)
(584,21)
(586,45)
(587,4)
(589,17)
(590,10)
(591,23)
(1001,76)
(1002,79)
(1003,15)
(1057,13)
(1059,3)
(1061,19)
(1062,31)
(1066,6)
(1067,8)
(1068,3)
(1069,9)
(1070,12)
(1004,10)
(1005,3)
(1006,22)
(1007,7)
(1009,2)
(1010,1)
(1014,159)
(1015,177)
(1016,125)
(1018,6)
(1019,10)
(1020,7)
(1021,11)
(1022,57)
(1023,31)
(1024,11)
(1025,14)
(1026,42)
(1091,12)
(1092,15)
(1093,2)
(1096,4)
(1097,22)
(1103,37)
(1104,6)
(1107,69)
(1108,9)
(1027,12)
(1028,23)
(1029,9)
(1031,5)
(1033,5)
(1034,33)
(1035,8)
(1036,60)
(1037,37)
(1072,15)
(1073,3)
(1074,5)
(1075,9)
(1076,5)
(1077,6)
(1078,4)
(1079,6)
(1080,9)
(1166,133)
(1167,83)
(1168,10)
(1169,39)
(1170,27)
(1171,111)
(1173,41)
(1175,52)
(1176,14)
(1038,16)
(1039,23)
(1040,7)
(1041,23)
(1042,13)
(1043,12)
(1045,1)
(1046,30)
(1047,8)
(1303,6)
(1413,69)
(1414,197)
(1415,19)
(10002,57)
(10007,59)
(10013,1)
(10014,60)
(10017,23)
(10111,18)
(10113,42)
(10114,2)
(10115,49)
(10116,35)
(10117,70)
(10118,23)
(10119,32)
(10120,65)
(10053,24)
(10056,71)
(10057,67)
(10058,9)
(10062,39)
(10064,64)
(10065,36)
(10066,26)
(10068,41)
(10079,48)
(10080,41)
(10081,10)
(10082,55)
(10084,13)
(10085,43)
(10086,39)
(10087,62)
(10088,25)
(10089,20)
(10090,9)
(10091,73)
(10092,21)
(10093,42)
(10094,49)
(10095,23)
(10096,92)
(10097,44)
(10133,79)
(10134,78)
(10135,34)
(10136,89)
(10140,53)
(10141,16)
(10142,51)
(10145,62)
(10146,51)
(10568,64)
(10569,8)
(10570,1)
(10575,4)
(10581,4)
(10582,27)
(10583,2)
(10584,1)
(10638,69)
(10098,102)
(10099,10)
(10101,22)
(10104,32)
(10105,25)
(10106,20)
(10107,6)
(10108,33)
(10109,89)
(10403,18)
(10405,6)
(10406,20)
(10408,28)
(10409,40)
(10410,17)
(10412,3)
(10414,16)
(10424,40)
