(83,6)
(84,8)
(85,9)
(87,15)
(88,18)
(91,8)
(92,14)
(93,24)
(94,12)
(133,15)
(136,27)
(137,16)
(138,7)
(139,18)
(142,9)
(143,47)
(144,9)
(145,37)
(233,33)
(234,105)
(236,24)
(237,34)
(238,39)
(239,28)
(240,14)
(241,3)
(242,16)
(573,1)
(574,35)
(575,13)
(576,5)
(577,4)
(578,11)
(579,85)
(581,3)
(582,46)
(1029,26)
(1031,5)
(1033,22)
(1034,12)
(1035,4)
(1036,16)
(1037,32)
(1038,4)
(1039,13)
(1040,5)
(1041,11)
(1042,10)
(1043,8)
(1046,14)
(1047,6)
(1048,19)
(1049,6)
(1050,3)
(10006,13)
(10007,1)
(10013,61)
(10014,7)
(10017,5)
(10053,5)
(10056,32)
(10057,38)
(10058,7)
(10062,16)
(10064,23)
(10065,8)
(10066,18)
(10068,18)
(10069,28)
(10070,29)
(10071,43)
(10072,9)
(10106,4)
(10107,6)
(10108,17)
(10109,42)
(10111,7)
(10113,24)
(10114,9)
(10115,30)
(10116,8)
(10117,30)
(10118,26)
(10119,6)
(10120,14)
(10121,12)
(10122,6)
(10123,33)
(10124,12)
(10127,42)
(10578,5)
(10579,2)
(10581,3)
(10582,1)
(10585,4)
(10586,3)
(10587,1)
(10638,64)
(61,1)
(62,4)
(63,4)
(64,8)
(65,3)
(66,5)
(67,18)
(68,18)
(69,42)
(106,9)
(107,22)
(108,3)
(110,27)
(111,17)
(112,21)
(115,4)
(116,18)
(118,1)
(168,9)
(169,1)
(170,37)
(172,9)
(173,6)
(176,17)
(179,1)
(181,32)
(182,15)
(71,10)
(72,10)
(73,28)
(74,8)
(75,10)
(77,8)
(78,27)
(79,11)
(82,8)
(263,106)
(264,1)
(265,34)
(266,13)
(267,27)
(268,87)
(269,35)
(270,90)
(272,24)
(119,10)
(120,4)
(121,11)
(122,8)
(124,25)
(126,1)
(127,4)
(129,45)
(132,12)
(1,4)
(2,81)
(5,33)
(9,3)
(52,3)
(53,17)
(56,15)
(57,7)
(59,3)
(584,28)
(586,67)
(587,6)
(589,2)
(1001,76)
(1002,74)
(1003,1)
(1004,1)
(1005,9)
(95,30)
(97,89)
(98,9)
(99,3)
(100,11)
(101,15)
(102,9)
(103,10)
(104,13)
(202,1)
(225,26)
(226,50)
(227,33)
(228,55)
(229,28)
(230,43)
(231,22)
(232,44)
(1006,23)
(1007,1)
(1008,3)
(1009,7)
(1014,81)
(1015,109)
(1016,61)
(1018,10)
(1019,23)
(146,8)
(149,41)
(151,41)
(156,19)
(160,13)
(161,1)
(163,1)
(164,17)
(166,7)
(274,52)
(275,38)
(277,7)
(387,2)
(388,19)
(520,3)
(570,30)
(571,10)
(572,3)
(1020,10)
(1021,17)
(1022,15)
(1023,16)
(1024,12)
(1025,33)
(1026,15)
(1027,7)
(1028,7)
(243,8)
(247,23)
(248,18)
(252,41)
(253,16)
(254,20)
(255,85)
(257,7)
(259,49)
(1103,15)
(1104,10)
(1107,36)
(1108,15)
(1111,50)
(1113,47)
(1114,15)
(1115,98)
(1121,3)
(1122,17)
(1123,9)
(1164,56)
(1165,141)
(1166,107)
(1167,62)
(1168,20)
(1169,12)
(1170,7)
(1051,3)
(1052,2)
(1053,6)
(1054,3)
(1055,5)
(1056,2)
(1057,3)
(1059,2)
(1061,3)
(1171,39)
(1173,38)
(1175,30)
(1176,20)
(1177,18)
(1180,102)
(1181,15)
(1182,22)
(1184,2)
(1062,6)
(1066,4)
(1067,3)
(1068,5)
(1069,14)
(1070,29)
(1072,10)
(1073,3)
(1074,17)
(1075,5)
(1076,4)
(1077,5)
(1078,6)
(1079,6)
(1080,5)
(1081,5)
(1082,1)
(1083,2)
(1186,9)
(1187,69)
(1302,6)
(1303,3)
(1413,46)
(1414,143)
(1415,28)
(10002,10)
(10005,14)
(1084,10)
(1085,8)
(1087,28)
(1088,10)
(1089,12)
(1091,3)
(1092,13)
(1093,4)
(1097,15)
(10073,13)
(10075,5)
(10076,17)
(10077,21)
(10078,6)
(10079,22)
(10080,28)
(10081,10)
(10082,31)
(10085,24)
(10086,13)
(10087,21)
(10088,10)
(10089,15)
(10090,18)
(10091,21)
(10092,8)
(10093,40)
(10141,2)
(10142,26)
(10145,84)
(10146,52)
(10403,29)
(10405,24)
(10406,16)
(10408,3)
(10409,24)
(10094,36)
(10095,10)
(10096,36)
(10097,36)
(10098,17)
(10099,5)
(10101,10)
(10104,21)
(10105,17)
(10128,13)
(10130,17)
(10131,11)
(10132,12)
(10133,62)
(10134,20)
(10135,32)
(10136,25)
(10140,34)
(10410,50)
(10412,4)
(10414,21)
(10424,36)
(10568,21)
(10569,9)
(10570,1)
(10571,4)
(10574,3)
