(68,1)
(69,3)
(71,2)
(72,1)
(78,1)
(111,1)
(112,1)
(116,2)
(119,1)
(122,1)
(181,1)
(182,2)
(226,12)
(227,1)
(228,5)
(252,3)
(253,1)
(254,5)
(255,6)
(259,2)
(263,14)
(1023,1)
(1024,3)
(1025,2)
(1034,1)
(1038,1)
(1104,1)
(1107,1)
(1108,1)
(1111,2)
(1113,1)
(1414,5)
(1415,2)
(10002,5)
(10005,2)
(10006,3)
(10013,7)
(10014,1)
(10056,2)
(10057,3)
(10058,1)
(10094,3)
(10095,1)
(10096,1)
(10097,1)
(10098,2)
(10146,10)
(10403,1)
(10405,1)
(10406,2)
(10408,1)
(93,1)
(95,2)
(97,3)
(98,2)
(100,3)
(143,4)
(144,1)
(145,2)
(149,3)
(164,1)
(236,2)
(237,2)
(238,2)
(239,4)
(240,3)
(274,1)
(275,3)
(571,1)
(575,2)
(579,2)
(82,2)
(83,1)
(87,2)
(91,1)
(92,1)
(1115,6)
(1165,3)
(1166,8)
(1167,8)
(1168,3)
(1,11)
(2,6)
(5,1)
(53,2)
(56,2)
(57,1)
(124,1)
(129,1)
(132,1)
(136,1)
(138,1)
(101,1)
(103,2)
(104,3)
(106,3)
(110,1)
(1169,1)
(1170,2)
(1171,5)
(1173,3)
(1175,2)
(229,2)
(230,2)
(232,2)
(233,8)
(234,12)
(166,1)
(168,2)
(170,3)
(173,1)
(176,1)
(1187,4)
(1301,1)
(1302,1)
(1303,1)
(1413,7)
(265,8)
(267,2)
(268,7)
(269,3)
(270,7)
(10062,1)
(10064,1)
(10066,3)
(10068,2)
(10069,1)
(1039,2)
(1042,1)
(1043,1)
(1046,2)
(1048,1)
(241,1)
(242,2)
(243,3)
(247,5)
(248,4)
(586,3)
(1001,6)
(1002,4)
(1014,13)
(1015,6)
(10409,1)
(10410,1)
(10414,1)
(10424,2)
(10638,3)
(1074,3)
(1075,1)
(1079,1)
(1080,1)
(1081,1)
(1016,1)
(1018,1)
(1019,4)
(1020,1)
(1022,1)
(1051,1)
(1068,2)
(1069,1)
(1070,2)
(1073,3)
(1084,1)
(1088,2)
(1092,2)
(1096,1)
(1103,2)
(1176,3)
(1177,1)
(1180,5)
(1181,1)
(1182,3)
(1186,1)
(10070,1)
(10071,3)
(10075,3)
(10077,1)
(10078,2)
(10079,2)
(10080,2)
(10081,1)
(10082,1)
(10086,3)
(10108,3)
(10109,2)
(10114,1)
(10115,1)
(10117,1)
(10087,2)
(10088,1)
(10089,2)
(10091,4)
(10093,1)
(10119,3)
(10120,4)
(10124,3)
(10127,4)
(10131,2)
(10133,2)
(10134,2)
(10140,1)
(10142,2)
(10145,16)
