(84,10)
(85,10)
(86,1)
(87,20)
(88,15)
(91,5)
(92,14)
(93,21)
(94,22)
(137,19)
(138,9)
(139,13)
(142,6)
(143,52)
(144,9)
(145,32)
(146,8)
(149,29)
(238,56)
(239,36)
(240,19)
(241,1)
(242,8)
(243,12)
(247,18)
(248,30)
(252,57)
(575,10)
(576,5)
(577,6)
(578,5)
(579,77)
(581,7)
(582,38)
(584,31)
(586,65)
(1021,10)
(1022,20)
(1023,13)
(1024,12)
(1025,36)
(1026,15)
(1027,13)
(1028,8)
(1029,33)
(1051,1)
(1052,2)
(1053,2)
(1054,4)
(1055,5)
(1056,2)
(1057,3)
(1061,9)
(1062,9)
(1121,1)
(1122,20)
(1123,12)
(1164,73)
(1165,110)
(1166,70)
(1167,65)
(1168,16)
(1169,12)
(1170,6)
(1171,30)
(1173,44)
(1175,35)
(1176,21)
(1177,25)
(1180,97)
(1181,15)
(10136,37)
(10140,40)
(10141,2)
(10142,31)
(10145,70)
(10146,58)
(10403,18)
(10405,23)
(10406,25)
(10408,10)
(10409,27)
(10410,64)
(10412,5)
(10414,16)
(10424,20)
(10568,21)
(10569,7)
(10570,1)
(72,13)
(73,30)
(74,4)
(75,10)
(77,6)
(78,21)
(79,8)
(82,13)
(83,4)
(1,9)
(2,68)
(5,54)
(9,7)
(52,3)
(53,7)
(56,7)
(57,2)
(59,7)
(62,4)
(63,7)
(64,13)
(65,6)
(66,3)
(67,18)
(68,17)
(69,40)
(71,12)
(95,24)
(97,84)
(98,4)
(99,3)
(100,16)
(101,15)
(102,6)
(103,23)
(104,11)
(106,23)
(107,19)
(110,34)
(111,17)
(112,24)
(115,7)
(116,17)
(119,7)
(120,5)
(121,4)
(122,7)
(124,11)
(126,2)
(127,5)
(129,36)
(132,12)
(133,14)
(136,19)
(228,78)
(229,32)
(230,29)
(231,15)
(232,31)
(233,42)
(234,102)
(236,20)
(237,25)
(171,3)
(172,2)
(173,6)
(176,14)
(181,28)
(182,19)
(225,21)
(226,46)
(227,25)
(151,26)
(156,14)
(160,11)
(161,1)
(163,1)
(164,9)
(166,15)
(168,8)
(170,39)
(267,35)
(268,95)
(269,19)
(270,101)
(272,23)
(274,71)
(275,24)
(277,4)
(253,19)
(254,17)
(255,76)
(257,5)
(259,67)
(263,87)
(264,7)
(265,37)
(266,11)
(387,2)
(388,18)
(520,5)
(522,1)
(570,27)
(571,7)
(572,6)
(573,2)
(574,32)
(1008,1)
(1009,4)
(1010,2)
(1014,96)
(1015,134)
(1016,87)
(1018,9)
(1019,17)
(1020,6)
(587,9)
(589,6)
(1001,57)
(1002,66)
(1003,2)
(1004,5)
(1005,7)
(1006,21)
(1007,2)
(1041,5)
(1042,9)
(1043,7)
(1045,2)
(1046,10)
(1047,5)
(1048,12)
(1049,8)
(1050,1)
(1031,11)
(1033,18)
(1034,14)
(1035,5)
(1036,36)
(1037,24)
(1038,2)
(1039,13)
(1040,6)
(1066,1)
(1067,6)
(1068,2)
(1069,7)
(1070,19)
(1072,2)
(1073,4)
(1074,7)
(1075,8)
(1182,33)
(1184,3)
(1186,12)
(1187,93)
(1301,1)
(1302,4)
(1303,5)
(1413,61)
(1414,173)
(1103,12)
(1104,20)
(1107,30)
(1108,5)
(1111,47)
(1112,1)
(1113,29)
(1114,13)
(1115,121)
(1076,1)
(1077,3)
(1078,6)
(1079,6)
(1080,4)
(1081,1)
(1082,1)
(1083,2)
(1084,9)
(10057,53)
(10058,2)
(10062,14)
(10064,22)
(10065,14)
(10066,18)
(10068,25)
(10069,29)
(10070,30)
(1415,23)
(10002,19)
(10005,12)
(10006,11)
(10013,54)
(10014,5)
(10017,2)
(10053,7)
(10056,35)
(10081,17)
(10082,50)
(10085,21)
(10086,11)
(10087,31)
(10088,8)
(10089,16)
(10090,15)
(10091,13)
(1085,7)
(1087,23)
(1088,14)
(1089,18)
(1090,2)
(1091,7)
(1092,15)
(1093,6)
(1097,11)
(10071,42)
(10072,12)
(10073,11)
(10075,8)
(10076,21)
(10077,14)
(10078,13)
(10079,20)
(10080,36)
(10571,3)
(10574,2)
(10575,1)
(10578,6)
(10580,1)
(10585,1)
(10586,7)
(10638,61)
(10115,37)
(10116,12)
(10117,28)
(10118,21)
(10119,9)
(10120,25)
(10121,18)
(10122,5)
(10123,25)
(10092,4)
(10093,38)
(10094,32)
(10095,12)
(10096,28)
(10097,41)
(10098,28)
(10099,10)
(10101,17)
(10104,24)
(10105,14)
(10106,5)
(10107,7)
(10108,15)
(10109,45)
(10111,5)
(10113,19)
(10114,13)
(10124,19)
(10127,45)
(10128,33)
(10130,20)
(10131,15)
(10132,14)
(10133,86)
(10134,14)
(10135,30)
