(83,4)
(84,17)
(85,14)
(87,22)
(88,12)
(91,5)
(92,10)
(93,22)
(94,19)
(133,7)
(136,23)
(137,27)
(138,12)
(139,23)
(142,5)
(143,67)
(144,22)
(145,45)
(233,5)
(234,8)
(236,29)
(237,11)
(238,12)
(239,38)
(240,40)
(241,2)
(242,15)
(573,9)
(574,47)
(575,14)
(576,11)
(577,4)
(578,11)
(579,33)
(581,12)
(582,45)
(1093,1)
(1096,1)
(1097,11)
(1103,8)
(1104,6)
(1107,40)
(1108,11)
(1111,10)
(1112,4)
(1113,18)
(1115,41)
(1121,16)
(1122,24)
(1123,18)
(1164,15)
(1165,119)
(1166,111)
(1167,57)
(1181,134)
(1182,65)
(1184,28)
(1186,13)
(1187,52)
(1301,30)
(1302,3)
(1303,7)
(1413,99)
(10070,8)
(10071,26)
(10072,20)
(10073,17)
(10075,12)
(10076,53)
(10077,27)
(10078,14)
(10079,33)
(60,3)
(62,4)
(63,1)
(64,7)
(65,1)
(66,7)
(67,18)
(68,11)
(69,18)
(1,56)
(2,55)
(5,17)
(9,11)
(52,5)
(53,6)
(56,19)
(57,13)
(59,2)
(106,11)
(107,19)
(108,3)
(110,21)
(111,16)
(112,24)
(115,10)
(116,7)
(118,6)
(95,21)
(97,64)
(98,5)
(99,2)
(100,10)
(101,12)
(102,13)
(103,25)
(104,8)
(168,11)
(169,3)
(170,56)
(171,24)
(172,22)
(173,14)
(176,17)
(179,31)
(181,60)
(71,13)
(72,8)
(73,16)
(74,10)
(75,21)
(77,1)
(78,31)
(79,4)
(82,24)
(146,4)
(149,107)
(151,32)
(156,9)
(160,3)
(161,8)
(163,7)
(164,10)
(166,15)
(119,3)
(120,4)
(121,3)
(122,7)
(124,38)
(126,11)
(127,15)
(129,37)
(132,21)
(263,107)
(264,12)
(265,14)
(266,14)
(267,6)
(268,21)
(269,33)
(270,119)
(272,23)
(182,28)
(202,1)
(225,21)
(226,31)
(227,12)
(228,24)
(229,12)
(230,45)
(232,57)
(243,8)
(247,27)
(248,9)
(252,37)
(253,42)
(254,48)
(255,41)
(257,8)
(259,67)
(1074,5)
(1075,6)
(1076,3)
(1077,6)
(1078,6)
(1079,3)
(1080,4)
(1081,7)
(1082,15)
(274,66)
(275,19)
(277,1)
(387,6)
(388,14)
(520,1)
(570,34)
(571,13)
(572,10)
(584,12)
(586,37)
(587,18)
(589,9)
(591,12)
(1001,65)
(1002,73)
(1003,13)
(1004,1)
(1020,4)
(1021,5)
(1022,19)
(1023,15)
(1024,18)
(1025,17)
(1026,26)
(1027,12)
(1028,21)
(1083,8)
(1084,3)
(1085,3)
(1087,20)
(1088,9)
(1089,19)
(1090,1)
(1091,8)
(1092,5)
(1414,119)
(1415,24)
(10002,47)
(10006,32)
(10007,57)
(10013,1)
(10014,66)
(10017,7)
(10053,12)
(1005,15)
(1006,18)
(1007,3)
(1009,5)
(1014,117)
(1015,126)
(1016,81)
(1018,5)
(1019,6)
(1040,5)
(1041,6)
(1042,9)
(1043,10)
(1045,1)
(1046,24)
(1047,1)
(1048,8)
(1049,4)
(10056,34)
(10057,39)
(10058,11)
(10062,16)
(10064,30)
(10065,7)
(10066,15)
(10068,33)
(10069,14)
(1029,7)
(1031,6)
(1033,1)
(1034,14)
(1035,8)
(1036,18)
(1037,26)
(1038,8)
(1039,17)
(1050,1)
(1051,4)
(1052,5)
(1053,1)
(1054,1)
(1055,6)
(1056,6)
(1057,7)
(1059,2)
(10408,20)
(10409,21)
(10410,11)
(10412,3)
(10414,11)
(10424,36)
(10568,29)
(10569,13)
(10570,2)
(1168,16)
(1169,30)
(1170,29)
(1171,113)
(1173,32)
(1175,27)
(1176,25)
(1177,17)
(1180,115)
(1061,10)
(1062,7)
(1066,6)
(1067,3)
(1068,3)
(1069,3)
(1070,9)
(1072,6)
(1073,3)
(10091,48)
(10092,7)
(10093,29)
(10094,19)
(10095,24)
(10096,30)
(10097,31)
(10098,66)
(10099,5)
(10080,23)
(10081,4)
(10082,24)
(10085,44)
(10086,20)
(10087,43)
(10088,12)
(10089,13)
(10090,1)
(10124,5)
(10127,19)
(10128,11)
(10130,4)
(10131,9)
(10132,22)
(10133,72)
(10134,44)
(10135,28)
(10136,34)
(10140,52)
(10141,3)
(10142,24)
(10145,101)
(10146,43)
(10403,14)
(10405,1)
(10406,17)
(10101,13)
(10104,19)
(10105,11)
(10106,8)
(10107,4)
(10108,11)
(10109,47)
(10111,11)
(10113,14)
(10115,28)
(10116,22)
(10117,34)
(10118,31)
(10119,12)
(10120,18)
(10121,17)
(10122,10)
(10123,15)
(10578,4)
(10581,4)
(10582,21)
(10583,1)
(10585,1)
(10586,4)
(10587,1)
(10638,58)
