(60,2)
(63,2)
(64,2)
(66,7)
(67,1)
(68,1)
(69,2)
(71,5)
(110,4)
(111,5)
(112,10)
(115,8)
(116,6)
(118,6)
(119,5)
(120,2)
(171,16)
(172,13)
(173,5)
(176,5)
(179,21)
(181,26)
(182,10)
(184,6)
(264,3)
(265,4)
(266,7)
(267,2)
(268,7)
(269,19)
(270,53)
(1029,2)
(1034,7)
(1036,2)
(1037,10)
(1039,2)
(1040,5)
(1041,3)
(1079,8)
(1080,10)
(1081,9)
(1082,2)
(1084,4)
(1085,5)
(1087,4)
(1088,4)
(1089,7)
(1090,1)
(1091,1)
(1092,3)
(1096,3)
(1097,3)
(1103,1)
(1107,14)
(10069,3)
(10070,7)
(10071,12)
(10072,11)
(10073,50)
(10075,1)
(10076,21)
(10077,11)
(10145,94)
(10146,11)
(10403,4)
(10405,1)
(10406,2)
(10408,10)
(10409,11)
(10410,1)
(10412,1)
(10414,7)
(10424,12)
(10568,2)
(10569,12)
(10582,3)
(10638,94)
(1,14)
(2,79)
(5,6)
(9,4)
(52,14)
(53,2)
(56,5)
(57,5)
(98,4)
(101,10)
(102,2)
(103,10)
(104,10)
(106,5)
(107,14)
(108,1)
(72,7)
(73,9)
(74,6)
(75,3)
(77,3)
(78,19)
(79,2)
(82,8)
(146,1)
(149,40)
(151,14)
(156,1)
(163,6)
(164,10)
(166,3)
(170,10)
(121,1)
(122,3)
(124,17)
(126,3)
(127,18)
(129,8)
(132,4)
(85,4)
(87,10)
(88,1)
(91,1)
(93,12)
(94,9)
(95,19)
(97,32)
(247,7)
(248,4)
(252,19)
(253,22)
(254,20)
(255,17)
(259,59)
(263,65)
(136,8)
(137,3)
(138,3)
(139,9)
(142,3)
(143,17)
(144,8)
(145,16)
(225,4)
(226,25)
(227,6)
(228,9)
(229,4)
(230,13)
(232,5)
(233,2)
(1055,2)
(1056,4)
(1061,3)
(1062,1)
(1066,5)
(1067,2)
(1068,3)
(1069,7)
(234,1)
(236,17)
(237,2)
(238,2)
(239,3)
(240,25)
(242,5)
(243,5)
(272,12)
(274,46)
(275,7)
(387,1)
(388,2)
(522,4)
(570,21)
(571,4)
(1108,4)
(1111,3)
(1112,3)
(1113,5)
(1114,1)
(1115,22)
(1121,11)
(1122,7)
(572,1)
(573,2)
(574,20)
(575,6)
(576,5)
(577,1)
(578,5)
(579,12)
(1021,5)
(1022,8)
(1023,6)
(1024,5)
(1025,3)
(1026,3)
(1027,1)
(1028,11)
(1123,6)
(1165,69)
(1166,43)
(1167,1)
(1168,16)
(1169,9)
(1170,13)
(1042,4)
(1043,2)
(1046,3)
(1047,2)
(1048,1)
(1050,1)
(1051,1)
(1052,2)
(581,1)
(582,8)
(584,4)
(586,6)
(587,1)
(589,9)
(1001,14)
(1002,50)
(1171,85)
(1173,7)
(1175,10)
(1176,4)
(1177,8)
(1180,26)
(1181,37)
(1182,20)
(1070,7)
(1072,3)
(1073,2)
(1074,5)
(1075,2)
(1076,2)
(1077,6)
(1078,2)
(1003,1)
(1005,3)
(1006,5)
(1010,1)
(1014,47)
(1015,63)
(1016,52)
(1018,2)
(1184,13)
(1186,4)
(1187,15)
(1301,19)
(1302,2)
(1303,3)
(1413,75)
(1414,64)
(1415,13)
(10002,17)
(10005,33)
(10006,10)
(10007,46)
(10014,46)
(10017,5)
(10053,6)
(10108,8)
(10109,5)
(10111,4)
(10113,6)
(10115,12)
(10116,2)
(10117,24)
(10118,3)
(10056,16)
(10057,13)
(10058,2)
(10062,1)
(10064,17)
(10065,3)
(10066,4)
(10068,6)
(10119,6)
(10120,10)
(10121,6)
(10122,2)
(10123,7)
(10124,2)
(10127,3)
(10130,2)
(10078,11)
(10079,8)
(10080,10)
(10081,1)
(10082,21)
(10085,4)
(10086,5)
(10087,13)
(10088,7)
(10089,5)
(10091,13)
(10092,2)
(10093,10)
(10094,12)
(10095,8)
(10096,13)
(10097,18)
(10098,14)
(10099,1)
(10101,10)
(10104,8)
(10105,9)
(10107,6)
(10131,8)
(10133,19)
(10134,13)
(10135,16)
(10136,2)
(10140,19)
(10141,2)
(10142,7)
