(1,14)
(2,36)
(5,4)
(9,4)
(52,2)
(53,5)
(56,7)
(57,3)
(95,7)
(97,11)
(98,4)
(99,2)
(100,5)
(101,3)
(102,3)
(142,1)
(143,20)
(144,7)
(145,15)
(149,33)
(151,4)
(161,2)
(239,8)
(240,14)
(242,14)
(243,7)
(247,10)
(248,6)
(252,17)
(253,5)
(1028,2)
(1034,4)
(1035,3)
(1036,10)
(1037,2)
(1038,1)
(1041,1)
(1043,2)
(1045,1)
(1046,4)
(1047,2)
(1048,1)
(1049,2)
(1050,2)
(1054,1)
(1055,3)
(1108,9)
(1111,1)
(1113,5)
(1114,4)
(1115,10)
(1121,3)
(1123,2)
(1165,15)
(10073,3)
(10075,5)
(10076,9)
(10077,8)
(10078,8)
(10079,6)
(10080,4)
(10114,2)
(10115,10)
(10116,2)
(10117,5)
(10118,3)
(10119,5)
(10120,13)
(10121,8)
(10122,4)
(10123,3)
(10124,4)
(10127,4)
(10128,6)
(10130,4)
(10131,12)
(71,1)
(72,3)
(74,7)
(75,3)
(78,9)
(79,1)
(82,11)
(83,1)
(59,3)
(60,2)
(63,2)
(64,3)
(66,2)
(67,3)
(68,5)
(69,3)
(103,7)
(104,3)
(106,8)
(107,10)
(110,6)
(111,1)
(112,22)
(115,9)
(116,2)
(118,3)
(119,6)
(120,4)
(121,1)
(122,5)
(124,4)
(127,3)
(84,2)
(85,4)
(87,16)
(88,9)
(91,4)
(92,2)
(93,8)
(94,9)
(128,1)
(129,9)
(132,2)
(133,2)
(136,12)
(137,15)
(138,3)
(139,5)
(163,1)
(164,1)
(166,2)
(168,2)
(169,1)
(170,18)
(171,6)
(172,3)
(176,4)
(179,13)
(181,14)
(182,4)
(184,6)
(226,11)
(228,8)
(229,4)
(267,4)
(268,6)
(269,2)
(270,20)
(272,5)
(274,15)
(275,8)
(277,1)
(254,24)
(255,23)
(257,3)
(259,14)
(263,10)
(265,5)
(266,3)
(1056,3)
(1057,2)
(1059,1)
(1061,1)
(1062,2)
(1066,3)
(1067,4)
(1068,2)
(230,14)
(231,2)
(232,18)
(233,3)
(234,5)
(236,12)
(237,8)
(238,3)
(1069,6)
(1070,3)
(1072,5)
(1073,4)
(1074,4)
(1075,6)
(1076,5)
(582,17)
(584,7)
(586,5)
(587,2)
(589,2)
(1001,8)
(1002,18)
(1003,3)
(387,2)
(388,2)
(570,3)
(571,7)
(574,4)
(575,3)
(576,2)
(579,9)
(1187,5)
(1301,11)
(1302,1)
(1303,1)
(1413,16)
(1414,38)
(10002,23)
(10005,11)
(1004,1)
(1006,4)
(1007,1)
(1009,1)
(1014,9)
(1015,22)
(1016,13)
(10006,11)
(10007,3)
(10014,11)
(10053,4)
(10056,6)
(10057,12)
(10058,2)
(10062,6)
(1019,3)
(1021,4)
(1022,7)
(1023,11)
(1024,4)
(1025,2)
(1026,13)
(1027,5)
(10132,4)
(10133,14)
(10134,7)
(10135,4)
(10136,4)
(10140,12)
(10142,15)
(10145,21)
(1077,6)
(1078,2)
(1079,3)
(1080,3)
(1081,7)
(1082,4)
(1084,3)
(1087,4)
(1175,5)
(1176,3)
(1177,1)
(1180,3)
(1181,25)
(1182,14)
(1184,5)
(1186,1)
(10424,10)
(10568,2)
(10569,6)
(10580,1)
(10582,1)
(10583,2)
(10638,19)
(10064,7)
(10065,4)
(10066,8)
(10068,6)
(10069,3)
(10070,5)
(10071,11)
(10072,18)
(1089,2)
(1090,1)
(1092,1)
(1096,1)
(1097,3)
(1103,2)
(1104,1)
(1107,12)
(10091,15)
(10093,14)
(10094,8)
(10095,2)
(10096,8)
(10097,5)
(10098,7)
(10101,1)
(1166,12)
(1167,16)
(1168,6)
(1169,6)
(1170,5)
(1171,18)
(1173,6)
(10081,1)
(10082,4)
(10085,3)
(10086,8)
(10087,14)
(10088,10)
(10089,5)
(10090,1)
(10104,2)
(10105,4)
(10106,5)
(10107,5)
(10108,7)
(10109,11)
(10111,1)
(10113,4)
(10146,19)
(10403,2)
(10405,2)
(10406,9)
(10408,7)
(10409,2)
(10410,5)
(10414,6)
