(62,4)
(63,12)
(64,6)
(65,5)
(66,8)
(67,19)
(68,21)
(69,37)
(71,14)
(106,21)
(107,31)
(110,19)
(111,14)
(112,14)
(115,7)
(116,9)
(118,2)
(119,10)
(169,2)
(170,33)
(171,2)
(172,10)
(173,2)
(176,19)
(179,2)
(181,25)
(182,14)
(264,4)
(265,56)
(266,9)
(267,31)
(268,99)
(269,23)
(270,69)
(272,26)
(274,67)
(1033,24)
(1034,14)
(1035,4)
(1036,24)
(1037,27)
(1039,21)
(1040,6)
(1041,9)
(1042,5)
(1123,12)
(1164,74)
(1165,109)
(1166,71)
(1167,49)
(1168,19)
(1169,11)
(1170,10)
(1171,29)
(1173,33)
(1175,39)
(1176,15)
(1177,18)
(1180,71)
(1181,12)
(1182,35)
(1186,18)
(1187,50)
(1301,1)
(1302,1)
(1303,3)
(1413,49)
(1414,129)
(1415,24)
(10002,27)
(10005,5)
(10006,14)
(10142,22)
(10145,67)
(10146,48)
(10403,14)
(10405,25)
(10406,15)
(10408,5)
(10409,38)
(10410,66)
(10412,6)
(10414,12)
(10424,20)
(10568,25)
(10569,8)
(10571,2)
(10572,3)
(10574,4)
(10575,2)
(72,10)
(73,34)
(74,9)
(75,16)
(77,7)
(78,38)
(79,10)
(82,16)
(83,6)
(120,6)
(121,9)
(122,16)
(124,9)
(126,8)
(127,3)
(128,1)
(129,21)
(132,20)
(1,4)
(2,56)
(5,34)
(9,9)
(52,5)
(53,12)
(56,16)
(57,5)
(59,7)
(61,3)
(225,8)
(226,34)
(227,11)
(228,55)
(229,49)
(230,34)
(231,21)
(232,48)
(233,35)
(95,21)
(97,94)
(98,4)
(99,4)
(100,7)
(101,12)
(102,10)
(103,18)
(104,13)
(84,6)
(85,3)
(86,2)
(87,20)
(88,15)
(91,6)
(92,11)
(93,22)
(94,16)
(275,37)
(277,4)
(388,21)
(520,5)
(570,30)
(571,9)
(572,2)
(573,3)
(574,34)
(146,4)
(149,32)
(151,42)
(156,10)
(160,13)
(163,2)
(164,9)
(166,9)
(168,13)
(133,5)
(136,28)
(137,22)
(138,14)
(139,14)
(142,14)
(143,57)
(144,21)
(145,40)
(1088,9)
(1089,15)
(1091,8)
(1092,14)
(1093,5)
(1095,1)
(1096,1)
(1097,7)
(1103,17)
(234,75)
(236,24)
(237,37)
(238,27)
(239,35)
(240,16)
(241,1)
(242,7)
(243,10)
(247,20)
(248,22)
(252,40)
(253,18)
(254,37)
(255,89)
(257,5)
(259,57)
(263,108)
(10007,1)
(10013,42)
(10014,2)
(10017,4)
(10053,9)
(10056,40)
(10057,43)
(10058,7)
(10062,9)
(575,7)
(576,5)
(577,5)
(578,9)
(579,89)
(581,8)
(582,30)
(584,33)
(586,63)
(10064,26)
(10065,8)
(10066,8)
(10068,24)
(10069,41)
(10070,28)
(10071,44)
(10072,13)
(10073,11)
(1008,2)
(1009,7)
(1014,83)
(1015,128)
(1016,90)
(1018,12)
(1019,17)
(1020,9)
(1021,14)
(587,4)
(589,3)
(1001,49)
(1002,59)
(1003,1)
(1004,8)
(1005,6)
(1006,11)
(1007,1)
(1043,6)
(1045,1)
(1046,16)
(1047,5)
(1048,19)
(1049,4)
(1050,3)
(1051,2)
(1052,1)
(10075,12)
(10076,16)
(10077,13)
(10078,4)
(10079,19)
(10080,29)
(10081,5)
(10082,44)
(10085,25)
(1022,14)
(1023,17)
(1024,11)
(1025,30)
(1026,13)
(1027,11)
(1028,7)
(1029,33)
(1031,7)
(1053,4)
(1054,3)
(1055,4)
(1056,3)
(1057,9)
(1059,2)
(1061,6)
(1062,9)
(1066,5)
(1077,3)
(1078,6)
(1079,4)
(1080,5)
(1081,3)
(1083,2)
(1084,8)
(1085,14)
(1087,13)
(1067,3)
(1068,3)
(1069,5)
(1070,14)
(1072,8)
(1073,6)
(1074,15)
(1075,9)
(1076,6)
(1104,21)
(1107,28)
(1108,8)
(1111,74)
(1113,71)
(1114,21)
(1115,112)
(1121,6)
(1122,19)
(10095,17)
(10096,33)
(10097,42)
(10098,28)
(10099,8)
(10101,13)
(10104,20)
(10105,23)
(10106,10)
(10086,10)
(10087,23)
(10088,6)
(10089,22)
(10090,14)
(10091,17)
(10092,7)
(10093,44)
(10094,29)
(10118,22)
(10119,6)
(10120,18)
(10121,12)
(10122,2)
(10123,33)
(10124,9)
(10127,53)
(10128,26)
(10107,5)
(10108,17)
(10109,42)
(10111,5)
(10113,19)
(10114,10)
(10115,36)
(10116,8)
(10117,37)
(10130,22)
(10131,14)
(10132,14)
(10133,70)
(10134,22)
(10135,32)
(10136,28)
(10140,47)
(10141,1)
(10578,4)
(10579,1)
(10580,1)
(10582,1)
(10585,1)
(10586,6)
(10587,1)
(10638,68)
