(84,7)
(85,13)
(86,2)
(87,19)
(88,21)
(91,17)
(92,26)
(93,25)
(94,28)
(136,46)
(137,46)
(138,17)
(139,44)
(142,15)
(143,144)
(144,11)
(145,49)
(146,5)
(233,55)
(234,92)
(236,52)
(237,74)
(238,54)
(239,19)
(240,29)
(241,2)
(242,12)
(574,66)
(575,24)
(576,10)
(577,17)
(578,6)
(579,141)
(581,8)
(582,48)
(584,47)
(1007,4)
(1008,2)
(1009,6)
(1014,158)
(1015,213)
(1016,128)
(1018,7)
(1019,24)
(1020,13)
(1096,1)
(1097,20)
(1103,34)
(1104,48)
(1107,47)
(1108,18)
(1111,82)
(1112,1)
(1113,50)
(1114,22)
(1115,96)
(1121,6)
(1122,70)
(1123,16)
(1164,106)
(1165,173)
(1166,155)
(1167,91)
(1168,49)
(1415,34)
(10002,34)
(10005,30)
(10006,14)
(10007,2)
(10013,92)
(10014,16)
(10017,12)
(10053,12)
(10115,47)
(10116,3)
(10117,80)
(10118,36)
(10119,21)
(10120,12)
(10121,10)
(10122,7)
(10123,10)
(10136,68)
(10140,13)
(10141,2)
(10142,23)
(10145,107)
(10146,102)
(10403,54)
(10405,19)
(10406,12)
(10408,11)
(10409,29)
(10410,93)
(10412,10)
(10414,5)
(10424,13)
(10568,64)
(10569,8)
(10570,2)
(72,2)
(73,15)
(74,8)
(75,6)
(77,4)
(78,51)
(79,12)
(82,27)
(83,8)
(119,32)
(120,15)
(121,3)
(122,15)
(124,25)
(126,2)
(127,2)
(129,66)
(132,12)
(133,17)
(62,5)
(63,6)
(64,6)
(65,10)
(66,6)
(67,16)
(68,10)
(69,42)
(71,1)
(1,63)
(2,61)
(5,121)
(9,6)
(52,3)
(53,21)
(56,19)
(57,5)
(59,7)
(61,5)
(184,16)
(225,25)
(226,151)
(227,27)
(228,81)
(229,39)
(230,77)
(231,29)
(232,114)
(95,37)
(97,79)
(98,29)
(99,5)
(100,22)
(101,19)
(102,11)
(103,13)
(104,23)
(106,41)
(107,19)
(108,1)
(110,53)
(111,39)
(112,22)
(115,2)
(116,32)
(118,3)
(275,39)
(277,7)
(387,1)
(388,11)
(520,6)
(570,34)
(571,11)
(572,5)
(573,5)
(149,105)
(151,75)
(156,32)
(160,8)
(161,2)
(163,2)
(164,9)
(166,22)
(168,13)
(169,5)
(170,87)
(171,15)
(172,7)
(173,8)
(176,25)
(179,5)
(181,42)
(182,17)
(586,65)
(587,2)
(589,1)
(1001,130)
(1002,134)
(1003,5)
(1004,6)
(1005,9)
(1006,10)
(263,135)
(264,8)
(265,38)
(266,12)
(267,18)
(268,125)
(269,31)
(270,92)
(272,29)
(274,57)
(243,19)
(247,38)
(248,51)
(252,76)
(253,22)
(254,20)
(255,80)
(257,11)
(259,67)
(1042,21)
(1043,7)
(1045,3)
(1046,20)
(1047,8)
(1048,29)
(1049,18)
(1050,4)
(1051,11)
(1021,22)
(1022,27)
(1023,46)
(1024,9)
(1025,23)
(1026,11)
(1027,5)
(1028,5)
(1029,31)
(1031,19)
(1033,26)
(1034,30)
(1035,8)
(1036,52)
(1037,51)
(1038,8)
(1039,20)
(1040,14)
(1041,23)
(1085,23)
(1087,51)
(1088,19)
(1089,19)
(1090,3)
(1091,27)
(1092,24)
(1093,12)
(1095,4)
(1182,32)
(1184,8)
(1186,18)
(1187,91)
(1301,3)
(1302,12)
(1303,34)
(1413,53)
(1414,168)
(1052,3)
(1053,9)
(1054,3)
(1055,9)
(1056,10)
(1057,20)
(1059,6)
(1061,21)
(1062,28)
(1169,39)
(1170,39)
(1171,50)
(1173,40)
(1175,68)
(1176,28)
(1177,24)
(1180,135)
(1181,15)
(1066,5)
(1067,15)
(1068,5)
(1069,20)
(1070,23)
(1072,6)
(1073,8)
(1074,11)
(1075,14)
(1076,7)
(1077,16)
(1078,9)
(1079,2)
(1080,3)
(1081,18)
(1082,14)
(1083,6)
(1084,11)
(10056,84)
(10057,75)
(10058,19)
(10062,22)
(10064,48)
(10065,37)
(10066,24)
(10068,3)
(10069,33)
(10080,63)
(10081,35)
(10082,5)
(10085,5)
(10086,39)
(10087,54)
(10088,18)
(10089,33)
(10090,2)
(10070,16)
(10071,92)
(10072,29)
(10073,16)
(10075,9)
(10076,6)
(10077,9)
(10078,14)
(10079,12)
(10124,6)
(10127,65)
(10128,16)
(10130,9)
(10131,5)
(10132,12)
(10133,25)
(10134,45)
(10135,8)
(10091,9)
(10092,5)
(10093,78)
(10094,17)
(10095,4)
(10096,20)
(10097,21)
(10098,11)
(10099,27)
(10101,12)
(10104,26)
(10105,1)
(10106,4)
(10107,4)
(10108,30)
(10109,80)
(10111,6)
(10113,25)
(10114,7)
(10571,1)
(10572,2)
(10573,1)
(10575,8)
(10580,15)
(10581,1)
(10582,3)
(10585,11)
(10638,43)
