(60,1)
(61,4)
(62,5)
(64,6)
(65,10)
(66,5)
(67,19)
(68,6)
(69,19)
(106,14)
(107,10)
(108,2)
(110,14)
(111,27)
(112,16)
(115,7)
(116,15)
(166,12)
(168,14)
(169,4)
(170,37)
(171,1)
(172,13)
(173,6)
(176,20)
(179,2)
(257,11)
(259,35)
(263,60)
(264,6)
(265,23)
(266,6)
(267,20)
(268,54)
(269,10)
(582,24)
(584,36)
(586,27)
(589,4)
(590,7)
(591,12)
(1001,27)
(1002,47)
(1004,7)
(1005,4)
(1006,4)
(1009,1)
(1014,42)
(1015,76)
(1016,52)
(1018,18)
(1019,20)
(1103,2)
(1104,12)
(1107,29)
(1108,2)
(1111,46)
(1112,1)
(1113,36)
(1114,28)
(1115,104)
(10057,10)
(10058,8)
(10062,15)
(10064,15)
(10065,8)
(10066,14)
(10068,28)
(10069,16)
(10070,17)
(10101,4)
(10104,24)
(10105,9)
(10106,9)
(10107,9)
(10108,16)
(10109,59)
(10111,4)
(10134,19)
(10135,25)
(10136,32)
(10140,46)
(10141,9)
(10142,11)
(10145,56)
(10146,29)
(10403,13)
(10405,17)
(10406,27)
(10408,38)
(10409,12)
(10410,43)
(10414,12)
(10424,32)
(10568,16)
(10569,4)
(84,3)
(85,4)
(86,1)
(87,14)
(88,19)
(91,19)
(92,7)
(93,14)
(94,11)
(1,12)
(2,69)
(5,10)
(9,2)
(11,1)
(53,8)
(56,8)
(57,8)
(59,4)
(132,3)
(133,12)
(136,32)
(137,15)
(138,11)
(139,12)
(142,6)
(143,59)
(144,7)
(232,34)
(233,12)
(234,61)
(236,15)
(237,25)
(238,18)
(239,41)
(240,22)
(95,20)
(97,44)
(98,10)
(99,6)
(100,15)
(101,3)
(102,12)
(103,15)
(104,19)
(71,4)
(72,3)
(73,29)
(74,4)
(75,9)
(78,19)
(79,9)
(82,22)
(83,5)
(145,29)
(146,1)
(149,47)
(151,36)
(156,6)
(160,33)
(161,2)
(163,1)
(164,9)
(572,4)
(573,3)
(574,33)
(575,18)
(576,4)
(577,8)
(578,3)
(579,112)
(581,6)
(118,2)
(119,6)
(120,5)
(121,13)
(122,5)
(124,8)
(126,1)
(127,3)
(129,39)
(1051,4)
(1052,2)
(1053,6)
(1054,2)
(1055,3)
(1056,3)
(1057,3)
(1059,1)
(1061,11)
(241,13)
(242,8)
(243,7)
(247,10)
(248,13)
(252,25)
(253,10)
(254,33)
(255,53)
(181,13)
(182,6)
(225,11)
(226,62)
(227,10)
(228,24)
(229,34)
(230,29)
(231,8)
(1029,14)
(1031,4)
(1032,2)
(1033,3)
(1034,4)
(1035,5)
(1036,18)
(1037,3)
(1039,11)
(1121,4)
(1122,2)
(1123,2)
(1164,60)
(1165,84)
(1166,50)
(1167,32)
(1168,13)
(1169,11)
(1074,20)
(1075,3)
(1076,6)
(1077,7)
(1078,3)
(1079,5)
(1080,1)
(1081,3)
(1084,4)
(270,14)
(272,13)
(274,48)
(275,26)
(277,3)
(388,9)
(520,8)
(570,2)
(571,7)
(1184,5)
(1186,8)
(1187,31)
(1301,2)
(1302,1)
(1303,6)
(1413,19)
(1414,98)
(1415,12)
(10002,9)
(10005,6)
(10007,1)
(10013,29)
(10014,5)
(10017,3)
(10053,7)
(10056,26)
(1085,2)
(1087,18)
(1088,6)
(1089,8)
(1091,4)
(1092,20)
(1093,2)
(1095,1)
(1097,20)
(1020,15)
(1021,13)
(1022,7)
(1023,15)
(1024,9)
(1025,41)
(1026,15)
(1027,4)
(1028,6)
(1170,6)
(1171,18)
(1173,14)
(1175,18)
(1176,9)
(1177,13)
(1180,28)
(1181,3)
(1182,8)
(1040,2)
(1041,2)
(1042,1)
(1043,7)
(1045,1)
(1046,7)
(1047,6)
(1048,10)
(1049,4)
(10091,23)
(10092,6)
(10093,45)
(10094,46)
(10095,11)
(10096,10)
(10097,23)
(10098,32)
(10099,8)
(1062,7)
(1066,2)
(1067,5)
(1068,2)
(1069,21)
(1070,14)
(1072,2)
(1073,9)
(10572,1)
(10574,1)
(10575,2)
(10580,1)
(10582,3)
(10584,1)
(10585,2)
(10638,38)
(10071,22)
(10072,15)
(10073,6)
(10075,15)
(10076,19)
(10077,16)
(10078,7)
(10079,22)
(10080,17)
(10081,6)
(10082,10)
(10084,16)
(10085,29)
(10086,17)
(10087,13)
(10088,3)
(10089,7)
(10090,15)
(10113,6)
(10114,4)
(10115,33)
(10116,5)
(10117,8)
(10118,21)
(10119,4)
(10120,18)
(10121,12)
(10122,15)
(10123,20)
(10124,7)
(10127,30)
(10128,13)
(10130,21)
(10131,12)
(10132,22)
(10133,32)
