(68,20)
(69,35)
(71,7)
(72,5)
(73,20)
(74,3)
(75,18)
(78,14)
(79,3)
(116,14)
(118,2)
(119,5)
(120,3)
(121,17)
(122,11)
(124,13)
(126,3)
(181,19)
(182,9)
(225,11)
(226,32)
(227,11)
(228,39)
(229,29)
(230,35)
(231,7)
(270,30)
(272,12)
(274,47)
(275,23)
(277,4)
(388,7)
(520,3)
(522,1)
(570,8)
(1091,2)
(1092,13)
(1093,2)
(1097,14)
(1103,5)
(1104,26)
(1107,31)
(1108,4)
(1111,55)
(1113,44)
(1114,26)
(1115,130)
(1121,2)
(1122,1)
(1123,4)
(1164,43)
(1165,90)
(1177,8)
(1180,37)
(1181,4)
(1182,19)
(1184,5)
(1186,10)
(1187,35)
(1302,3)
(1303,4)
(1413,33)
(1414,108)
(1415,14)
(10002,13)
(10005,9)
(10013,25)
(10014,11)
(10017,3)
(10053,6)
(10568,29)
(10569,4)
(10573,1)
(10574,3)
(10581,2)
(10582,1)
(10585,2)
(10638,51)
(59,16)
(60,1)
(61,1)
(62,4)
(63,1)
(64,6)
(65,7)
(66,5)
(67,30)
(1,16)
(2,69)
(5,14)
(9,1)
(11,3)
(52,2)
(53,6)
(56,14)
(57,8)
(82,23)
(83,3)
(84,4)
(85,5)
(86,2)
(87,14)
(88,7)
(91,20)
(92,16)
(103,20)
(104,21)
(106,9)
(107,15)
(108,5)
(110,26)
(111,15)
(112,15)
(115,6)
(93,22)
(94,11)
(95,20)
(97,39)
(98,3)
(99,4)
(100,18)
(101,7)
(102,6)
(127,4)
(129,48)
(132,2)
(133,8)
(136,33)
(137,14)
(138,17)
(139,13)
(142,3)
(164,3)
(166,15)
(168,12)
(169,1)
(170,34)
(172,15)
(173,4)
(176,20)
(179,3)
(143,56)
(144,15)
(145,36)
(146,7)
(149,42)
(151,24)
(156,6)
(160,22)
(163,5)
(232,47)
(233,15)
(234,77)
(236,22)
(237,34)
(238,28)
(239,50)
(240,12)
(241,14)
(242,8)
(243,7)
(247,14)
(248,8)
(252,30)
(253,4)
(254,41)
(255,79)
(257,8)
(259,17)
(263,54)
(264,2)
(265,17)
(266,10)
(267,29)
(268,66)
(269,16)
(571,13)
(572,3)
(573,1)
(574,29)
(575,14)
(576,2)
(577,8)
(578,3)
(579,102)
(1016,53)
(1018,12)
(1019,28)
(1020,7)
(1021,10)
(1022,9)
(1023,11)
(1024,15)
(1025,32)
(581,6)
(582,38)
(584,33)
(586,20)
(587,1)
(589,4)
(591,15)
(1001,35)
(1002,52)
(1036,17)
(1037,2)
(1038,1)
(1039,6)
(1040,3)
(1041,4)
(1042,4)
(1043,6)
(1045,3)
(1004,5)
(1005,1)
(1006,7)
(1007,1)
(1008,1)
(1009,8)
(1010,2)
(1014,55)
(1015,81)
(1046,17)
(1047,4)
(1048,4)
(1049,3)
(1050,4)
(1051,3)
(1052,1)
(1053,1)
(1054,2)
(1026,7)
(1027,3)
(1028,7)
(1029,12)
(1031,6)
(1033,15)
(1034,4)
(1035,4)
(1080,10)
(1081,1)
(1082,1)
(1083,3)
(1084,8)
(1085,6)
(1087,14)
(1088,4)
(1089,6)
(1070,26)
(1072,2)
(1073,14)
(1074,18)
(1075,5)
(1076,6)
(1077,7)
(1078,9)
(1079,6)
(1055,2)
(1056,8)
(1057,3)
(1061,6)
(1062,7)
(1066,7)
(1067,3)
(1068,3)
(1069,18)
(10056,37)
(10057,12)
(10058,11)
(10062,11)
(10064,17)
(10065,9)
(10066,13)
(10068,47)
(10069,25)
(1166,52)
(1167,34)
(1168,11)
(1169,20)
(1170,5)
(1171,28)
(1173,26)
(1175,9)
(1176,11)
(10080,19)
(10081,5)
(10082,18)
(10084,24)
(10085,25)
(10086,18)
(10087,12)
(10088,8)
(10089,12)
(10070,14)
(10071,36)
(10072,14)
(10073,4)
(10075,12)
(10076,27)
(10077,28)
(10078,17)
(10079,27)
(10090,8)
(10091,17)
(10092,14)
(10093,45)
(10094,38)
(10095,5)
(10096,14)
(10097,48)
(10098,30)
(10099,16)
(10101,4)
(10104,47)
(10105,10)
(10106,12)
(10107,7)
(10108,14)
(10109,52)
(10111,7)
(10113,16)
(10114,10)
(10115,22)
(10116,6)
(10117,21)
(10118,14)
(10119,5)
(10120,17)
(10133,44)
(10134,13)
(10135,9)
(10136,34)
(10140,41)
(10141,7)
(10142,26)
(10145,62)
(10146,47)
(10121,18)
(10122,11)
(10123,20)
(10124,5)
(10127,22)
(10128,25)
(10130,17)
(10131,12)
(10132,25)
(10403,10)
(10405,13)
(10406,24)
(10408,8)
(10409,22)
(10410,39)
(10412,3)
(10414,11)
(10424,31)
