1
2
5
9
11
52
53
56
57
59
60
61
62
63
64
65
66
67
68
69
70
71
72
73
74
75
76
77
78
79
82
83
84
85
86
87
88
91
92
93
94
95
97
98
99
100
101
102
103
104
106
107
108
110
111
112
115
116
118
119
120
121
122
124
125
126
127
128
129
130
131
136
140
141
142
143
144
145
146
149
151
156
181
202
227
232
234
237
238
239
240
241
245
246
247
254
255
257
259
263
264
265
266
267
268
269
270
272
274
275
277
520
522
570
571
572
573
574
575
576
577
578
579
581
582
584
586
587
588
589
590
591
901
1024
1025
1026
1027
1028
1029
1030
1031
1032
1033
1034
1035
1036
1037
1038
1039
1040
1041
1042
1043
1045
1046
1047
1048
1049
1050
1051
1052
1053
1054
1055
1056
1057
1059
1061
1062
1066
1067
1068
1069
1070
1072
1073
1074
1075
1076
1077
1078
1079
1080
1081
1082
1083
1084
1085
1087
1088
1089
1090
1091
1092
1093
1095
1096
1097
1103
1104
1107
1108
1111
1112
1113
1114
1115
1121
1122
1123
1301
1302
1303
10002
10004
10005
10006
10007
10013
10014
10015
10017
10027
10032
10033
10038
10053
10056
10057
10058
10062
10064
10065
10066
10068
10069
10070
10071
10072
10073
10075
10076
10077
10078
10079
10080
10081
10082
10084
10085
10086
10087
10088
10089
10090
10091
10092
10093
10094
10095
10096
10097
10098
10099
10101
10104
10105
10106
10107
10108
10109
10111
10205
10206
10209
10210
10211
10215
10216
10217
10218
10219
10220
10221
10223
10224
10225
10227
10228
10229
10230
10231
10232
10233
10234
10235
10236
10237
10238
10439
10449
10450
10451
10453
10454
10455
10457
10458
10460
10568
10569
10570
10571
10572
10573
10574
10575
10576
10578
10579
10580
10581
10582
10583
10584
10585
10586
10587
10591
10592
10593
10594
10595
10596
10597
10598
10599
10600
10602
10603
10605
10608
10609
10610
10611
10612
10613
10614
10615
10616
10617
10618
10619
10620
10621
10622
10623