(71,8)
(72,5)
(73,17)
(74,3)
(75,11)
(77,3)
(78,35)
(79,12)
(82,12)
(118,7)
(119,6)
(120,5)
(122,14)
(124,35)
(126,7)
(127,49)
(129,19)
(132,20)
(181,58)
(182,31)
(184,18)
(225,15)
(226,14)
(227,8)
(228,28)
(229,25)
(270,152)
(272,18)
(274,53)
(275,42)
(277,5)
(387,1)
(388,19)
(522,3)
(579,21)
(581,9)
(582,38)
(584,6)
(586,25)
(587,10)
(589,1)
(1001,50)
(1002,117)
(1003,7)
(1004,3)
(1005,3)
(1006,7)
(1007,3)
(1008,1)
(1009,1)
(1014,158)
(1015,177)
(1016,132)
(1018,12)
(1019,13)
(1020,8)
(1021,19)
(1022,13)
(1023,10)
(1024,16)
(10066,24)
(10068,11)
(10069,47)
(10070,11)
(10071,46)
(10072,37)
(10073,20)
(10075,21)
(10076,25)
(10077,15)
(10078,24)
(10079,17)
(10080,35)
(10081,5)
(10082,18)
(10085,8)
(10086,35)
(10087,33)
(10088,27)
(10089,20)
(10090,3)
(10091,19)
(10092,7)
(10093,52)
(10094,12)
(10095,26)
(10096,18)
(10097,30)
(10098,21)
(10099,5)
(10101,59)
(10104,40)
(10105,8)
(10106,4)
(10107,1)
(60,3)
(62,9)
(63,8)
(64,12)
(65,1)
(66,25)
(67,12)
(68,14)
(69,37)
(103,45)
(104,22)
(106,16)
(107,29)
(110,11)
(111,8)
(112,22)
(115,15)
(116,8)
(166,16)
(168,8)
(169,4)
(170,42)
(171,18)
(172,50)
(173,11)
(176,28)
(179,48)
(257,9)
(259,221)
(263,153)
(264,10)
(265,14)
(266,10)
(267,31)
(268,24)
(269,31)
(1,17)
(2,87)
(5,18)
(9,19)
(52,17)
(53,12)
(56,16)
(57,4)
(59,9)
(1036,19)
(1037,27)
(1039,14)
(1040,15)
(1041,3)
(1042,9)
(1043,4)
(1045,4)
(1046,21)
(83,6)
(84,12)
(85,7)
(86,1)
(87,10)
(88,4)
(91,3)
(92,11)
(133,5)
(136,34)
(137,31)
(138,26)
(139,21)
(142,14)
(143,43)
(144,71)
(1081,47)
(1082,29)
(1083,7)
(1084,13)
(1085,17)
(1087,19)
(1088,20)
(1089,11)
(1090,3)
(93,48)
(94,32)
(95,35)
(97,96)
(98,18)
(99,8)
(100,9)
(101,21)
(102,11)
(145,34)
(146,2)
(149,167)
(151,60)
(156,17)
(160,3)
(161,4)
(163,34)
(164,18)
(230,99)
(231,9)
(232,65)
(233,5)
(234,3)
(236,44)
(237,9)
(238,11)
(239,30)
(570,51)
(571,25)
(572,5)
(573,8)
(574,43)
(575,26)
(576,18)
(577,5)
(578,7)
(1091,11)
(1092,15)
(1096,8)
(1097,28)
(1103,19)
(1104,4)
(1107,33)
(1108,13)
(240,77)
(242,30)
(243,9)
(247,22)
(248,25)
(252,62)
(253,88)
(254,91)
(255,44)
(1111,13)
(1112,6)
(1113,46)
(1114,8)
(1115,81)
(1121,38)
(1122,12)
(1123,21)
(1165,115)
(1025,26)
(1026,23)
(1027,37)
(1028,36)
(1029,15)
(1031,4)
(1033,3)
(1034,8)
(1035,7)
(10145,101)
(10146,33)
(10403,43)
(10405,4)
(10406,11)
(10408,11)
(10409,11)
(10410,8)
(10412,3)
(1166,143)
(1167,51)
(1168,25)
(1169,45)
(1170,27)
(1171,251)
(1173,15)
(1175,38)
(1176,44)
(1047,6)
(1048,12)
(1049,6)
(1050,4)
(1051,5)
(1052,9)
(1053,4)
(1054,7)
(1177,72)
(1180,137)
(1181,103)
(1182,67)
(1184,81)
(1186,11)
(1187,38)
(1301,38)
(1302,10)
(1056,5)
(1057,3)
(1061,16)
(1062,20)
(1066,4)
(1067,12)
(1068,5)
(1069,6)
(1070,8)
(1303,3)
(1413,145)
(1414,206)
(1415,119)
(10002,51)
(10005,33)
(10006,35)
(10007,71)
(1072,11)
(1073,9)
(1074,10)
(1075,9)
(1076,6)
(1077,18)
(1078,5)
(1079,10)
(1080,10)
(10014,90)
(10017,6)
(10053,12)
(10056,60)
(10057,41)
(10058,14)
(10062,21)
(10064,75)
(10065,9)
(10414,5)
(10424,9)
(10568,47)
(10569,13)
(10575,2)
(10580,4)
(10582,9)
(10638,122)
(10108,47)
(10109,73)
(10111,23)
(10113,20)
(10114,4)
(10115,59)
(10116,4)
(10117,24)
(10118,62)
(10119,35)
(10120,7)
(10121,10)
(10122,9)
(10123,3)
(10127,56)
(10128,6)
(10130,4)
(10131,10)
(10132,10)
(10133,14)
(10134,32)
(10135,4)
(10136,30)
(10140,26)
(10141,5)
(10142,12)
