(71,11)
(72,14)
(73,24)
(74,10)
(75,12)
(77,3)
(78,40)
(79,7)
(82,22)
(119,6)
(120,4)
(121,2)
(122,21)
(124,50)
(126,15)
(127,13)
(129,41)
(132,15)
(182,24)
(225,19)
(226,26)
(227,11)
(228,38)
(229,13)
(230,43)
(231,1)
(232,55)
(275,26)
(277,2)
(387,6)
(388,19)
(520,7)
(522,3)
(570,58)
(571,20)
(572,19)
(1022,20)
(1023,22)
(1024,14)
(1025,15)
(1026,31)
(1027,14)
(1028,33)
(1029,8)
(1031,4)
(1033,3)
(1034,28)
(1035,8)
(1036,35)
(1037,32)
(1038,7)
(1039,9)
(1040,11)
(1041,7)
(1078,10)
(1079,12)
(1080,7)
(1081,19)
(1082,27)
(1083,6)
(1084,11)
(1085,9)
(1087,15)
(1088,14)
(1089,9)
(1090,2)
(1091,8)
(1092,14)
(1093,1)
(1095,3)
(1097,16)
(1103,17)
(10094,24)
(10095,33)
(10096,60)
(10097,27)
(10098,76)
(10099,3)
(10101,13)
(10104,24)
(10105,15)
(10118,26)
(10119,21)
(10120,36)
(10121,20)
(10122,11)
(10123,7)
(10124,6)
(10127,31)
(10128,23)
(60,9)
(62,3)
(63,6)
(64,9)
(65,6)
(66,24)
(67,16)
(68,21)
(69,33)
(1,53)
(2,69)
(5,18)
(9,27)
(11,7)
(52,10)
(53,13)
(56,22)
(57,13)
(59,8)
(94,37)
(95,22)
(97,83)
(98,6)
(99,4)
(100,13)
(101,17)
(102,14)
(103,19)
(104,14)
(106,16)
(107,28)
(108,3)
(110,19)
(111,24)
(112,28)
(115,15)
(116,7)
(118,6)
(83,6)
(84,17)
(85,17)
(86,2)
(87,25)
(88,8)
(91,5)
(92,18)
(93,24)
(168,9)
(169,3)
(170,73)
(171,14)
(172,23)
(173,20)
(176,25)
(179,37)
(181,77)
(146,3)
(149,105)
(151,48)
(156,15)
(160,4)
(161,6)
(163,12)
(164,10)
(166,14)
(264,4)
(265,20)
(266,5)
(267,2)
(268,28)
(269,30)
(270,139)
(272,29)
(274,52)
(247,18)
(248,27)
(252,49)
(253,36)
(254,53)
(255,30)
(257,18)
(259,76)
(263,101)
(133,9)
(136,20)
(137,24)
(138,20)
(139,17)
(142,7)
(143,74)
(144,45)
(145,51)
(233,2)
(234,10)
(236,28)
(237,2)
(238,16)
(239,33)
(240,57)
(241,9)
(242,14)
(243,8)
(1042,14)
(1043,10)
(1045,3)
(1046,18)
(1047,2)
(1048,5)
(1049,5)
(1050,3)
(1051,2)
(1122,25)
(1123,22)
(1164,9)
(1165,132)
(1166,127)
(1167,74)
(1168,15)
(1169,38)
(1170,38)
(573,15)
(574,45)
(575,21)
(578,13)
(579,27)
(581,7)
(582,60)
(584,22)
(586,74)
(1171,100)
(1173,39)
(1175,30)
(1176,20)
(1177,10)
(1180,152)
(1181,154)
(1182,69)
(1184,27)
(1067,7)
(1068,6)
(1069,15)
(1070,19)
(1072,18)
(1073,3)
(1074,7)
(1075,8)
(1076,12)
(1077,7)
(587,4)
(589,5)
(591,40)
(1001,56)
(1002,82)
(1003,16)
(1004,2)
(1005,6)
(1006,20)
(1104,6)
(1107,37)
(1108,12)
(1111,13)
(1112,5)
(1113,26)
(1114,3)
(1115,51)
(1121,22)
(1186,12)
(1187,33)
(1301,36)
(1302,9)
(1303,8)
(1413,97)
(1414,135)
(1415,23)
(10002,47)
(10005,1)
(1007,1)
(1009,2)
(1010,2)
(1014,131)
(1015,131)
(1016,94)
(1018,8)
(1019,11)
(1020,6)
(1021,16)
(10064,33)
(10065,19)
(10066,17)
(10068,26)
(10069,15)
(10070,13)
(10071,37)
(10072,24)
(10073,20)
(10006,33)
(10007,75)
(10014,70)
(10017,6)
(10053,14)
(10056,53)
(10057,37)
(10058,9)
(10062,21)
(1052,6)
(1053,10)
(1054,1)
(1055,7)
(1056,6)
(1057,10)
(1061,21)
(1062,14)
(1066,6)
(10142,27)
(10145,105)
(10146,58)
(10403,23)
(10405,4)
(10406,11)
(10408,20)
(10409,24)
(10410,18)
(10075,14)
(10076,71)
(10077,50)
(10078,12)
(10079,48)
(10080,30)
(10081,3)
(10082,32)
(10084,11)
(10412,4)
(10414,17)
(10424,41)
(10568,42)
(10569,11)
(10570,2)
(10571,2)
(10574,1)
(10575,1)
(10578,5)
(10579,1)
(10580,1)
(10581,2)
(10582,19)
(10583,3)
(10584,1)
(10585,1)
(10587,3)
(10085,67)
(10086,25)
(10087,37)
(10088,14)
(10089,12)
(10090,4)
(10091,59)
(10092,12)
(10093,35)
(10106,10)
(10107,17)
(10108,32)
(10109,66)
(10111,8)
(10113,24)
(10114,3)
(10115,36)
(10116,25)
(10117,44)
(10130,12)
(10131,36)
(10132,15)
(10133,71)
(10134,46)
(10135,29)
(10136,38)
(10140,45)
(10141,2)
