(83,6)
(84,3)
(85,4)
(87,22)
(88,6)
(91,4)
(92,5)
(93,10)
(94,2)
(129,7)
(132,11)
(136,13)
(137,13)
(138,7)
(139,9)
(142,1)
(143,31)
(144,13)
(230,9)
(231,2)
(232,12)
(233,5)
(234,6)
(236,17)
(237,1)
(238,2)
(239,4)
(520,1)
(571,9)
(572,1)
(573,2)
(574,6)
(575,5)
(576,9)
(577,1)
(578,2)
(591,10)
(1001,22)
(1002,15)
(1003,2)
(1004,1)
(1006,3)
(1007,2)
(1010,1)
(1036,12)
(1038,3)
(1039,4)
(1040,2)
(1043,1)
(1046,5)
(1048,1)
(1049,1)
(1089,2)
(1091,1)
(1093,1)
(1096,1)
(1097,5)
(1103,1)
(1104,1)
(1107,17)
(10058,7)
(10062,5)
(10064,10)
(10065,7)
(10066,8)
(10068,7)
(10069,4)
(10070,1)
(10081,4)
(10082,7)
(10084,2)
(10085,8)
(10086,10)
(10087,18)
(10088,12)
(10089,4)
(10111,1)
(10113,6)
(10115,9)
(10116,9)
(10117,15)
(10118,7)
(10119,14)
(10120,16)
(10121,13)
(10132,8)
(10133,15)
(10134,10)
(10135,16)
(10136,14)
(10140,19)
(10141,3)
(10142,20)
(59,2)
(60,3)
(64,3)
(65,1)
(66,2)
(67,3)
(68,5)
(69,6)
(104,7)
(106,3)
(107,22)
(108,1)
(110,15)
(111,13)
(112,12)
(115,7)
(166,8)
(168,3)
(169,3)
(170,22)
(171,8)
(172,7)
(173,5)
(176,8)
(1,50)
(2,46)
(5,4)
(9,1)
(11,10)
(52,2)
(53,7)
(56,6)
(57,11)
(71,9)
(72,11)
(73,10)
(74,3)
(75,5)
(78,20)
(79,1)
(82,12)
(95,6)
(97,18)
(98,8)
(99,3)
(100,7)
(101,7)
(102,2)
(103,6)
(116,10)
(118,5)
(119,3)
(120,3)
(121,2)
(122,2)
(124,15)
(127,10)
(254,12)
(255,31)
(257,1)
(259,12)
(263,16)
(264,1)
(265,11)
(266,3)
(145,21)
(146,2)
(149,54)
(151,11)
(156,2)
(161,6)
(163,3)
(164,6)
(1050,1)
(1053,3)
(1056,4)
(1061,2)
(1062,1)
(1066,4)
(1067,2)
(1068,1)
(179,12)
(181,36)
(182,7)
(225,3)
(226,9)
(227,2)
(228,10)
(229,4)
(1078,4)
(1079,5)
(1080,5)
(1081,6)
(1082,7)
(1084,6)
(1085,1)
(1087,3)
(1088,3)
(267,2)
(268,7)
(269,5)
(270,25)
(272,3)
(274,28)
(275,17)
(388,4)
(240,11)
(241,3)
(242,6)
(243,4)
(247,7)
(248,4)
(252,32)
(253,7)
(1164,2)
(1165,40)
(1166,27)
(1167,9)
(1168,5)
(1169,13)
(1170,15)
(1171,21)
(1024,8)
(1025,4)
(1026,14)
(1027,3)
(1028,3)
(1029,1)
(1033,1)
(1034,6)
(1035,3)
(1069,5)
(1070,7)
(1072,3)
(1073,2)
(1074,5)
(1075,5)
(1076,2)
(1077,4)
(579,12)
(581,6)
(582,13)
(584,5)
(586,8)
(587,1)
(589,6)
(590,3)
(1014,30)
(1015,38)
(1016,27)
(1018,1)
(1019,1)
(1021,2)
(1022,2)
(1023,13)
(1108,3)
(1111,4)
(1112,1)
(1113,2)
(1115,16)
(1121,5)
(1122,1)
(1123,4)
(1173,9)
(1175,9)
(1176,3)
(1177,9)
(1180,19)
(1181,18)
(1182,19)
(1184,7)
(1186,1)
(10071,14)
(10072,11)
(10073,32)
(10075,11)
(10076,13)
(10077,6)
(10078,10)
(10079,9)
(10080,12)
(10099,4)
(10101,2)
(10104,4)
(10105,2)
(10106,2)
(10107,6)
(10108,7)
(10109,18)
(1187,4)
(1301,13)
(1302,7)
(1303,3)
(1413,24)
(1414,63)
(1415,5)
(10002,24)
(10122,12)
(10123,3)
(10124,1)
(10126,5)
(10127,7)
(10128,4)
(10130,2)
(10131,12)
(10005,2)
(10007,7)
(10013,8)
(10014,12)
(10017,1)
(10053,4)
(10056,7)
(10057,4)
(10091,22)
(10092,4)
(10093,13)
(10094,14)
(10095,3)
(10096,14)
(10097,15)
(10098,32)
(10145,22)
(10146,20)
(10403,3)
(10405,1)
(10406,6)
(10408,7)
(10409,9)
(10410,10)
(10414,6)
(10424,23)
(10568,10)
(10569,9)
(10581,1)
(10582,4)
(10583,2)
(10638,27)
