(1,7)
(2,41)
(5,4)
(9,4)
(11,2)
(53,4)
(56,3)
(57,5)
(59,2)
(97,27)
(98,5)
(99,2)
(100,7)
(101,6)
(102,7)
(103,4)
(104,6)
(145,17)
(146,2)
(149,23)
(151,8)
(156,2)
(160,15)
(161,1)
(164,4)
(166,8)
(243,1)
(247,4)
(248,3)
(252,12)
(253,2)
(254,12)
(255,33)
(257,5)
(584,16)
(586,13)
(589,1)
(590,3)
(591,10)
(1001,22)
(1002,19)
(1003,1)
(1004,3)
(1005,2)
(1006,4)
(1008,2)
(1009,7)
(1010,1)
(1014,20)
(1015,33)
(1016,27)
(1087,9)
(1088,1)
(1089,6)
(1091,3)
(1092,4)
(1093,1)
(1096,1)
(1097,5)
(1164,40)
(1165,39)
(1166,14)
(1167,21)
(1168,4)
(1169,6)
(1170,1)
(1171,13)
(10085,10)
(10086,11)
(10087,7)
(10088,1)
(10089,2)
(10090,8)
(10091,10)
(10093,34)
(10094,24)
(10095,5)
(10096,11)
(10097,10)
(10098,13)
(10099,5)
(10101,4)
(10104,20)
(71,5)
(72,7)
(73,6)
(74,4)
(75,7)
(78,2)
(79,5)
(82,5)
(84,2)
(120,1)
(121,4)
(122,4)
(124,3)
(126,1)
(127,2)
(129,20)
(132,4)
(225,3)
(226,27)
(227,12)
(228,13)
(229,15)
(230,18)
(231,11)
(232,10)
(62,2)
(63,1)
(64,4)
(65,2)
(66,3)
(67,16)
(68,3)
(69,11)
(106,8)
(107,8)
(108,1)
(110,23)
(111,8)
(112,9)
(116,4)
(118,1)
(119,4)
(270,10)
(272,3)
(274,27)
(275,7)
(388,2)
(520,7)
(570,8)
(571,5)
(572,3)
(85,9)
(87,13)
(88,12)
(91,1)
(92,10)
(93,11)
(94,4)
(95,16)
(168,3)
(169,2)
(170,12)
(172,3)
(176,14)
(179,1)
(181,2)
(182,6)
(133,3)
(136,19)
(137,5)
(138,4)
(139,6)
(142,4)
(143,27)
(144,6)
(1173,9)
(1175,5)
(1176,10)
(1177,7)
(1180,22)
(1181,2)
(1182,6)
(1184,1)
(233,13)
(234,26)
(236,15)
(237,13)
(238,10)
(239,23)
(240,6)
(241,9)
(242,7)
(259,13)
(263,35)
(264,1)
(265,7)
(266,1)
(267,10)
(268,32)
(269,4)
(574,19)
(575,3)
(576,5)
(577,4)
(578,5)
(579,30)
(581,5)
(582,14)
(1186,5)
(1187,20)
(1302,4)
(1303,3)
(1413,11)
(1414,50)
(1415,3)
(10002,4)
(10005,4)
(1018,6)
(1019,9)
(1020,4)
(1022,7)
(1023,5)
(1024,5)
(1025,7)
(1026,7)
(1048,2)
(1049,3)
(1051,2)
(1053,3)
(1055,4)
(1056,1)
(1057,2)
(1059,1)
(1027,5)
(1028,4)
(1029,8)
(1031,1)
(1032,1)
(1033,5)
(1034,3)
(1035,1)
(10013,21)
(10014,4)
(10053,1)
(10056,14)
(10057,5)
(10058,4)
(10062,3)
(10064,5)
(1076,2)
(1077,7)
(1078,2)
(1079,5)
(1080,10)
(1082,1)
(1084,1)
(1085,1)
(1036,7)
(1037,1)
(1038,2)
(1039,5)
(1040,2)
(1042,3)
(1043,5)
(1046,4)
(1047,2)
(10065,3)
(10066,6)
(10068,9)
(10069,9)
(10070,5)
(10071,4)
(10072,4)
(10073,2)
(10406,8)
(10408,20)
(10409,2)
(10410,21)
(10414,5)
(10424,22)
(10568,8)
(10569,6)
(1061,2)
(1066,6)
(1067,1)
(1068,2)
(1069,13)
(1070,12)
(1072,3)
(1073,3)
(1074,13)
(10126,22)
(10127,13)
(10128,12)
(10130,10)
(10131,6)
(10132,2)
(10133,13)
(10134,8)
(10571,1)
(10572,2)
(10574,1)
(10580,2)
(10581,2)
(10582,1)
(10585,1)
(10638,18)
(1103,6)
(1104,11)
(1107,12)
(1108,2)
(1111,10)
(1113,12)
(1114,11)
(1115,55)
(1123,2)
(10075,6)
(10076,8)
(10077,9)
(10078,8)
(10079,8)
(10080,7)
(10081,5)
(10082,8)
(10084,16)
(10105,5)
(10106,6)
(10107,4)
(10108,5)
(10109,20)
(10111,6)
(10113,3)
(10114,4)
(10115,10)
(10117,2)
(10118,17)
(10119,4)
(10120,3)
(10121,3)
(10122,3)
(10123,8)
(10124,2)
(10135,11)
(10136,10)
(10140,18)
(10141,1)
(10142,7)
(10145,40)
(10146,28)
(10403,6)
(10405,12)
