(60,1)
(62,1)
(63,4)
(64,5)
(65,4)
(66,3)
(67,17)
(68,6)
(103,9)
(104,10)
(106,7)
(107,4)
(108,1)
(110,10)
(111,8)
(112,5)
(163,1)
(164,4)
(166,5)
(168,2)
(169,6)
(170,9)
(171,1)
(172,2)
(176,17)
(254,16)
(255,37)
(257,4)
(259,10)
(263,41)
(264,1)
(265,10)
(266,4)
(1033,8)
(1034,5)
(1035,3)
(1036,8)
(1037,2)
(1039,9)
(1040,2)
(1041,4)
(1059,4)
(1062,3)
(1066,7)
(1067,5)
(1068,1)
(1069,13)
(1070,8)
(1072,1)
(1093,3)
(1097,1)
(1103,5)
(1104,8)
(1107,15)
(1108,2)
(1111,15)
(1113,19)
(1414,53)
(1415,7)
(10002,5)
(10005,6)
(10013,18)
(10014,4)
(10017,2)
(10053,1)
(10111,3)
(10113,5)
(10115,21)
(10116,5)
(10117,7)
(10118,8)
(10119,9)
(10120,9)
(10132,12)
(10133,22)
(10134,11)
(10135,21)
(10136,11)
(10140,22)
(10142,6)
(10145,27)
(10146,19)
(10403,11)
(10405,4)
(10406,8)
(10408,11)
(10409,9)
(10410,27)
(10414,5)
(82,14)
(83,3)
(84,5)
(85,3)
(87,11)
(88,9)
(91,5)
(92,1)
(93,11)
(69,18)
(71,3)
(72,1)
(73,14)
(74,1)
(75,7)
(78,9)
(79,6)
(129,27)
(132,4)
(133,1)
(136,15)
(137,8)
(138,3)
(139,3)
(142,7)
(1,14)
(2,40)
(5,9)
(9,1)
(52,4)
(53,3)
(56,6)
(57,4)
(59,2)
(115,1)
(116,5)
(118,1)
(119,2)
(120,2)
(121,8)
(122,2)
(124,4)
(127,3)
(230,17)
(231,5)
(232,7)
(233,2)
(234,43)
(236,15)
(237,13)
(238,18)
(94,10)
(95,19)
(97,28)
(98,4)
(99,2)
(100,9)
(101,3)
(102,2)
(179,1)
(181,3)
(182,7)
(225,6)
(226,42)
(227,10)
(228,20)
(229,11)
(520,2)
(570,4)
(571,3)
(572,2)
(573,2)
(574,19)
(575,7)
(576,2)
(577,1)
(267,12)
(268,19)
(269,7)
(270,11)
(272,3)
(274,27)
(275,9)
(388,1)
(1042,6)
(1043,2)
(1046,7)
(1047,1)
(1048,5)
(1049,1)
(1053,3)
(1055,2)
(1057,1)
(143,32)
(144,7)
(145,21)
(146,3)
(149,20)
(151,25)
(156,4)
(160,15)
(591,21)
(1001,21)
(1002,26)
(1003,3)
(1004,1)
(1005,2)
(1006,3)
(1008,1)
(239,20)
(240,5)
(241,4)
(242,3)
(243,2)
(247,6)
(248,6)
(252,13)
(253,4)
(1182,4)
(1184,3)
(1186,2)
(1187,22)
(1301,1)
(1302,1)
(1303,2)
(1413,9)
(1009,2)
(1014,39)
(1015,40)
(1016,12)
(1018,1)
(1019,15)
(1020,4)
(1021,2)
(1022,6)
(578,1)
(579,25)
(581,6)
(582,19)
(584,22)
(586,19)
(589,4)
(590,8)
(10056,10)
(10057,3)
(10062,5)
(10064,6)
(10065,4)
(10066,5)
(10068,13)
(10069,6)
(10070,3)
(1082,2)
(1083,1)
(1084,3)
(1085,1)
(1087,16)
(1088,2)
(1089,9)
(1091,4)
(1092,7)
(10071,9)
(10072,4)
(10073,9)
(10075,2)
(10076,8)
(10077,13)
(10078,2)
(10079,9)
(1023,5)
(1024,8)
(1025,7)
(1026,10)
(1027,6)
(1028,2)
(1029,6)
(1031,2)
(10098,15)
(10099,2)
(10104,11)
(10105,8)
(10106,4)
(10107,3)
(10108,8)
(10109,14)
(1114,7)
(1115,67)
(1121,1)
(1123,3)
(1164,56)
(1165,37)
(1166,28)
(1167,23)
(1073,3)
(1074,9)
(1075,2)
(1076,3)
(1077,8)
(1078,1)
(1079,7)
(1080,15)
(10080,5)
(10081,4)
(10082,9)
(10084,11)
(10085,12)
(10086,4)
(10087,5)
(10088,3)
(1168,6)
(1169,5)
(1171,9)
(1173,8)
(1175,16)
(1176,6)
(1177,7)
(1180,23)
(1181,3)
(10121,11)
(10122,5)
(10123,6)
(10124,5)
(10126,13)
(10127,15)
(10128,6)
(10130,6)
(10131,6)
(10089,7)
(10090,5)
(10091,13)
(10092,3)
(10093,27)
(10094,12)
(10095,5)
(10096,12)
(10097,14)
(10424,17)
(10568,13)
(10569,8)
(10571,1)
(10574,1)
(10576,1)
(10585,2)
(10638,35)
