(64,3)
(65,2)
(67,4)
(68,2)
(69,6)
(71,2)
(104,5)
(106,3)
(107,2)
(110,4)
(111,1)
(112,3)
(179,1)
(181,2)
(225,1)
(226,6)
(228,5)
(229,3)
(263,11)
(265,4)
(267,3)
(268,6)
(269,1)
(1039,1)
(1046,1)
(1048,1)
(1050,1)
(1052,1)
(1056,1)
(1059,2)
(1061,2)
(1062,3)
(1066,1)
(1067,2)
(1069,1)
(1168,1)
(1169,3)
(1171,9)
(1173,3)
(1175,5)
(1176,3)
(1177,1)
(1180,8)
(1181,2)
(1182,1)
(1184,2)
(10085,3)
(10086,5)
(10087,3)
(10088,3)
(10090,1)
(10091,4)
(10134,3)
(10135,1)
(10136,4)
(10140,8)
(10142,4)
(10145,9)
(10146,1)
(10403,1)
(10405,4)
(10406,3)
(10408,3)
(10409,2)
(82,7)
(85,1)
(87,1)
(91,3)
(93,1)
(94,2)
(72,4)
(73,1)
(74,2)
(75,1)
(78,2)
(79,1)
(138,2)
(142,2)
(143,2)
(144,3)
(145,2)
(149,5)
(237,2)
(238,4)
(239,3)
(240,1)
(242,3)
(247,3)
(115,1)
(116,1)
(129,2)
(132,1)
(136,4)
(137,2)
(1,14)
(2,17)
(5,3)
(53,1)
(56,4)
(59,2)
(230,8)
(231,2)
(232,3)
(233,4)
(234,14)
(236,3)
(572,2)
(574,5)
(577,2)
(578,1)
(579,10)
(582,6)
(270,5)
(272,4)
(274,7)
(275,3)
(522,1)
(571,1)
(1187,14)
(1303,1)
(1413,5)
(1414,11)
(1415,1)
(10002,1)
(95,5)
(97,9)
(99,3)
(100,3)
(102,1)
(103,4)
(584,4)
(586,7)
(587,1)
(589,1)
(1001,6)
(1002,6)
(156,2)
(160,2)
(170,1)
(172,1)
(173,2)
(176,2)
(10005,1)
(10006,2)
(10013,5)
(10014,2)
(10017,1)
(10053,2)
(1006,1)
(1009,1)
(1014,5)
(1015,9)
(1016,6)
(1018,5)
(248,5)
(252,2)
(253,3)
(254,8)
(255,4)
(259,7)
(10056,3)
(10057,2)
(10064,5)
(10065,1)
(10066,2)
(10068,12)
(1070,2)
(1075,2)
(1077,1)
(1078,1)
(1079,1)
(1084,2)
(10069,3)
(10070,1)
(10071,2)
(10072,1)
(10073,2)
(10076,3)
(1019,4)
(1020,1)
(1022,1)
(1023,2)
(1024,1)
(1025,1)
(1113,1)
(1114,4)
(1115,15)
(1165,13)
(1166,5)
(1167,11)
(10410,6)
(10414,1)
(10424,1)
(10568,3)
(10638,9)
(1027,1)
(1028,2)
(1029,2)
(1034,1)
(1036,1)
(1038,1)
(1087,2)
(1091,1)
(1092,3)
(1097,1)
(1107,3)
(1111,5)
(10105,2)
(10106,2)
(10107,1)
(10108,3)
(10109,3)
(10113,1)
(10077,3)
(10078,2)
(10079,3)
(10080,3)
(10081,4)
(10082,1)
(10117,3)
(10118,1)
(10119,1)
(10120,3)
(10121,3)
(10122,1)
(10123,3)
(10124,5)
(10127,4)
(10128,1)
(10130,8)
(10131,1)
(10093,5)
(10094,3)
(10097,3)
(10098,1)
(10099,2)
(10104,1)
