(1,10)
(2,94)
(5,65)
(9,9)
(11,7)
(52,2)
(53,13)
(56,8)
(57,7)
(59,11)
(94,21)
(95,40)
(97,89)
(98,13)
(99,5)
(100,18)
(101,9)
(102,8)
(103,4)
(104,21)
(149,64)
(151,38)
(156,16)
(160,25)
(161,1)
(163,2)
(164,14)
(166,19)
(168,10)
(248,27)
(252,48)
(253,34)
(254,28)
(255,77)
(257,8)
(259,101)
(263,158)
(264,10)
(1121,5)
(1122,24)
(1123,9)
(1164,86)
(1165,141)
(1166,133)
(1167,79)
(1168,33)
(1169,34)
(1170,10)
(1171,33)
(1173,42)
(1175,66)
(1176,35)
(1177,51)
(1180,219)
(1181,9)
(1182,35)
(1184,3)
(1186,26)
(1187,94)
(1301,3)
(1302,6)
(1303,12)
(1413,57)
(1414,177)
(1415,120)
(10058,9)
(10062,19)
(10064,34)
(10065,16)
(10066,17)
(10068,32)
(10069,22)
(10070,34)
(10071,53)
(10072,17)
(83,5)
(84,8)
(85,12)
(86,1)
(87,19)
(88,12)
(91,8)
(92,27)
(93,41)
(136,35)
(137,23)
(138,13)
(139,25)
(142,22)
(143,83)
(144,14)
(145,42)
(146,5)
(236,53)
(237,43)
(238,60)
(239,58)
(240,26)
(241,17)
(242,12)
(243,11)
(247,24)
(575,12)
(576,7)
(577,3)
(578,8)
(579,127)
(581,14)
(582,45)
(584,42)
(586,66)
(71,25)
(72,10)
(73,41)
(74,4)
(75,12)
(77,10)
(78,15)
(79,16)
(82,18)
(589,4)
(591,19)
(1001,63)
(1002,120)
(1003,2)
(1004,11)
(1005,12)
(1006,52)
(1007,1)
(120,9)
(121,16)
(122,9)
(124,35)
(126,1)
(127,4)
(129,49)
(132,25)
(133,21)
(226,63)
(227,20)
(228,102)
(229,45)
(230,69)
(231,45)
(232,75)
(233,55)
(234,126)
(1008,3)
(1009,5)
(1010,3)
(1014,134)
(1015,130)
(1016,119)
(1018,12)
(1019,29)
(1020,8)
(1031,5)
(1032,4)
(1033,30)
(1034,14)
(1035,6)
(1036,35)
(1037,35)
(1038,6)
(1039,25)
(277,4)
(387,1)
(388,26)
(520,4)
(522,1)
(570,54)
(571,11)
(572,11)
(573,5)
(574,70)
(10073,13)
(10075,12)
(10076,38)
(10077,21)
(10078,6)
(10079,43)
(10080,38)
(10081,11)
(10082,52)
(1021,13)
(1022,23)
(1023,24)
(1024,13)
(1025,55)
(1026,16)
(1027,23)
(1028,12)
(1029,19)
(10084,38)
(10085,42)
(10086,20)
(10087,28)
(10088,7)
(10089,28)
(10090,18)
(10091,27)
(10092,3)
(1062,10)
(1066,4)
(1067,6)
(1068,4)
(1069,10)
(1070,13)
(1072,5)
(1073,7)
(1074,7)
(61,3)
(62,5)
(63,3)
(64,6)
(65,14)
(66,6)
(67,14)
(68,21)
(69,46)
(10116,5)
(10117,37)
(10118,28)
(10119,9)
(10120,19)
(10121,25)
(10122,6)
(10123,39)
(10124,12)
(10127,41)
(1075,5)
(1076,4)
(1077,9)
(1078,4)
(1079,3)
(1080,6)
(1081,7)
(1082,6)
(1083,4)
(106,17)
(107,32)
(108,4)
(110,20)
(111,13)
(112,21)
(115,4)
(116,30)
(119,8)
(1096,1)
(1097,23)
(1103,15)
(1104,17)
(1107,29)
(1108,14)
(1111,97)
(1113,54)
(1114,26)
(1115,143)
(10128,34)
(10130,31)
(10131,24)
(10132,17)
(10133,84)
(10134,26)
(10135,29)
(10136,39)
(10140,46)
(169,4)
(170,44)
(171,2)
(172,18)
(173,9)
(176,17)
(179,2)
(181,45)
(182,26)
(225,27)
(10105,19)
(10106,16)
(10107,8)
(10108,15)
(10109,69)
(10111,10)
(10113,47)
(10114,19)
(10115,46)
(265,35)
(266,13)
(267,27)
(268,162)
(269,32)
(270,124)
(272,33)
(274,95)
(275,35)
(10141,3)
(10142,20)
(10145,133)
(10146,76)
(10403,28)
(10405,31)
(10406,53)
(10408,7)
(10409,42)
(1040,6)
(1041,16)
(1042,8)
(1043,5)
(1045,2)
(1046,22)
(1047,7)
(1048,31)
(1049,6)
(1050,3)
(10574,1)
(10578,4)
(10579,1)
(10581,1)
(10582,1)
(10584,1)
(10585,1)
(10586,6)
(10587,1)
(1051,6)
(1052,5)
(1053,10)
(1054,6)
(1055,10)
(1056,2)
(1057,8)
(1059,1)
(1061,17)
(1084,8)
(1085,9)
(1087,36)
(1088,12)
(1089,13)
(1091,11)
(1092,35)
(1093,10)
(1095,3)
(10002,21)
(10005,6)
(10007,1)
(10013,74)
(10014,8)
(10017,6)
(10053,4)
(10056,44)
(10057,57)
(10093,72)
(10094,42)
(10095,21)
(10096,54)
(10097,77)
(10098,34)
(10099,5)
(10101,29)
(10104,29)
(10410,56)
(10412,5)
(10414,18)
(10424,31)
(10568,27)
(10569,2)
(10570,3)
(10571,14)
(10573,1)
