(83,11)
(84,14)
(85,19)
(87,30)
(88,12)
(91,5)
(92,10)
(93,31)
(94,24)
(133,9)
(136,33)
(137,34)
(138,31)
(139,35)
(142,14)
(143,94)
(144,32)
(145,49)
(234,11)
(236,40)
(237,9)
(238,19)
(239,25)
(240,56)
(241,5)
(242,25)
(243,4)
(574,32)
(575,25)
(576,15)
(577,6)
(578,9)
(579,41)
(581,12)
(582,65)
(584,18)
(1022,37)
(1023,24)
(1024,24)
(1025,21)
(1026,40)
(1027,15)
(1028,35)
(1029,10)
(1031,6)
(1032,2)
(1033,9)
(1034,19)
(1035,6)
(1036,37)
(1037,29)
(1038,5)
(1039,16)
(1040,7)
(1076,14)
(1077,8)
(1078,8)
(1079,5)
(1080,8)
(1081,27)
(1082,27)
(1083,7)
(1084,9)
(1097,15)
(1103,22)
(1104,4)
(1107,53)
(1108,10)
(1111,18)
(1112,4)
(1113,41)
(1114,1)
(10081,8)
(10082,29)
(10084,11)
(10085,56)
(10086,19)
(10087,53)
(10088,18)
(10089,17)
(10090,4)
(10091,68)
(10092,5)
(10093,37)
(10094,37)
(10095,33)
(10096,46)
(10097,36)
(10098,80)
(10099,9)
(10570,2)
(10571,2)
(10578,4)
(10580,3)
(10581,2)
(10582,18)
(10583,2)
(10586,2)
(10587,2)
(71,13)
(72,14)
(73,19)
(74,11)
(75,24)
(77,3)
(78,65)
(79,2)
(82,19)
(60,8)
(62,5)
(63,1)
(64,10)
(65,5)
(66,21)
(67,17)
(68,18)
(69,42)
(119,7)
(120,8)
(121,2)
(122,12)
(124,36)
(126,14)
(127,20)
(129,48)
(132,22)
(1,53)
(2,90)
(5,65)
(9,16)
(11,20)
(52,13)
(53,23)
(56,16)
(57,10)
(59,12)
(106,15)
(107,33)
(108,3)
(110,20)
(111,21)
(112,28)
(115,19)
(116,15)
(118,2)
(95,18)
(97,94)
(98,9)
(99,6)
(100,16)
(101,21)
(102,17)
(103,13)
(104,10)
(225,11)
(226,41)
(227,7)
(228,38)
(229,19)
(230,55)
(231,3)
(232,68)
(233,10)
(169,6)
(170,81)
(171,23)
(172,19)
(173,22)
(176,24)
(179,50)
(181,84)
(182,33)
(275,28)
(387,2)
(388,21)
(520,3)
(522,4)
(570,67)
(571,25)
(572,12)
(573,15)
(264,6)
(265,17)
(266,10)
(267,8)
(268,26)
(269,23)
(270,91)
(272,21)
(274,58)
(1051,7)
(1052,10)
(1053,3)
(1054,3)
(1055,6)
(1056,3)
(1057,7)
(1061,20)
(1062,16)
(146,4)
(149,132)
(151,45)
(156,12)
(161,7)
(163,11)
(164,4)
(166,17)
(168,16)
(247,18)
(248,19)
(252,71)
(253,31)
(254,64)
(255,47)
(257,18)
(259,53)
(263,124)
(1041,9)
(1042,12)
(1043,14)
(1045,4)
(1046,21)
(1047,5)
(1048,6)
(1049,10)
(1050,2)
(586,89)
(589,8)
(591,34)
(1001,58)
(1002,85)
(1003,19)
(1004,3)
(1005,7)
(1006,26)
(1169,33)
(1170,35)
(1171,118)
(1173,35)
(1175,42)
(1176,18)
(1177,17)
(1180,149)
(1181,147)
(1066,4)
(1067,3)
(1068,5)
(1069,9)
(1070,1)
(1072,9)
(1073,2)
(1074,1)
(1075,7)
(1182,72)
(1184,30)
(1186,13)
(1187,28)
(1301,30)
(1302,8)
(1303,4)
(1413,137)
(1414,169)
(1007,5)
(1009,3)
(1014,119)
(1015,128)
(1016,91)
(1018,13)
(1019,10)
(1020,9)
(1021,18)
(10057,46)
(10058,9)
(10062,26)
(10064,39)
(10065,20)
(10066,20)
(10068,34)
(10069,18)
(10070,25)
(1085,7)
(1087,20)
(1088,9)
(1089,8)
(1090,3)
(1091,6)
(1092,9)
(1095,1)
(1096,2)
(10071,28)
(10072,33)
(10073,16)
(10075,8)
(10076,58)
(10077,58)
(10078,13)
(10079,28)
(10080,36)
(1415,28)
(10002,62)
(10005,1)
(10006,38)
(10007,71)
(10014,71)
(10017,13)
(10053,20)
(10056,49)
(10123,7)
(10124,2)
(10127,27)
(10128,12)
(10130,10)
(10131,24)
(10132,13)
(10133,67)
(10134,45)
(10135,44)
(10136,45)
(10140,36)
(10141,2)
(10142,27)
(10145,97)
(10146,54)
(10403,13)
(10405,3)
(1115,70)
(1121,18)
(1122,37)
(1123,21)
(1164,11)
(1165,169)
(1166,143)
(1167,74)
(1168,14)
(10101,13)
(10104,37)
(10105,18)
(10106,10)
(10107,9)
(10108,37)
(10109,61)
(10111,8)
(10113,19)
(10406,20)
(10408,18)
(10409,28)
(10410,18)
(10412,5)
(10414,16)
(10424,60)
(10568,28)
(10569,11)
(10114,5)
(10115,41)
(10116,26)
(10117,36)
(10118,36)
(10119,37)
(10120,33)
(10121,12)
(10122,15)
