(1,57)
(2,89)
(5,18)
(9,22)
(52,11)
(53,15)
(56,19)
(57,13)
(59,5)
(92,16)
(93,21)
(94,34)
(95,21)
(97,104)
(98,6)
(99,3)
(100,13)
(101,20)
(139,29)
(142,13)
(143,54)
(144,30)
(145,51)
(146,5)
(149,139)
(151,40)
(156,15)
(234,14)
(236,27)
(237,10)
(238,12)
(239,41)
(240,50)
(242,31)
(243,11)
(1103,15)
(1104,1)
(1107,44)
(1108,10)
(1111,25)
(1112,2)
(1113,26)
(1114,6)
(1169,37)
(1170,38)
(1171,105)
(1173,50)
(1175,37)
(1176,23)
(1177,16)
(1180,89)
(1181,157)
(1182,83)
(1184,31)
(1186,12)
(1187,38)
(1301,51)
(1302,2)
(1303,7)
(1413,101)
(1414,129)
(1415,38)
(10002,49)
(10005,1)
(10006,14)
(10007,53)
(10013,1)
(10014,86)
(69,34)
(71,3)
(72,8)
(73,18)
(74,10)
(75,14)
(77,1)
(78,34)
(79,9)
(112,32)
(115,18)
(116,3)
(118,3)
(119,9)
(120,6)
(121,5)
(122,9)
(124,46)
(60,5)
(62,4)
(63,4)
(64,5)
(65,1)
(66,18)
(67,8)
(68,12)
(171,30)
(172,31)
(173,13)
(176,26)
(179,38)
(181,93)
(182,22)
(184,13)
(82,20)
(83,9)
(84,13)
(85,9)
(86,1)
(87,13)
(88,5)
(91,6)
(126,19)
(127,14)
(129,35)
(132,23)
(133,7)
(136,45)
(137,31)
(138,24)
(102,14)
(103,20)
(104,19)
(106,11)
(107,30)
(108,2)
(110,13)
(111,21)
(160,7)
(161,4)
(163,24)
(164,16)
(166,18)
(168,11)
(169,4)
(170,63)
(225,28)
(226,31)
(227,19)
(228,34)
(229,20)
(230,69)
(231,1)
(232,60)
(233,4)
(264,9)
(265,26)
(266,21)
(267,30)
(268,16)
(269,39)
(270,152)
(272,31)
(274,63)
(275,43)
(277,1)
(387,7)
(388,24)
(520,4)
(522,1)
(570,63)
(571,22)
(572,17)
(573,17)
(574,48)
(575,13)
(576,39)
(578,6)
(579,31)
(581,11)
(247,39)
(248,17)
(252,66)
(253,65)
(254,55)
(255,28)
(257,13)
(259,93)
(263,132)
(1018,21)
(1019,10)
(1020,2)
(1021,5)
(1022,21)
(1023,18)
(1024,14)
(1025,31)
(582,57)
(584,16)
(586,72)
(587,22)
(589,13)
(1001,66)
(1002,84)
(1003,13)
(1004,4)
(1037,28)
(1038,6)
(1039,22)
(1040,8)
(1041,10)
(1042,27)
(1043,8)
(1046,29)
(1069,13)
(1070,8)
(1072,12)
(1073,6)
(1074,8)
(1075,6)
(1076,8)
(1077,13)
(1078,7)
(1026,42)
(1027,32)
(1028,43)
(1029,19)
(1031,9)
(1033,7)
(1034,33)
(1035,3)
(1036,20)
(1005,29)
(1006,22)
(1007,2)
(1008,1)
(1009,3)
(1014,138)
(1015,129)
(1016,106)
(1047,6)
(1048,1)
(1049,15)
(1050,3)
(1051,7)
(1052,6)
(1053,6)
(1054,4)
(1055,5)
(1056,8)
(1057,5)
(1059,2)
(1061,21)
(1062,14)
(1066,9)
(1067,6)
(1068,4)
(1079,9)
(1080,6)
(1081,24)
(1082,19)
(1083,3)
(1084,8)
(1085,8)
(1087,35)
(1088,17)
(1089,16)
(1090,4)
(1091,5)
(1092,14)
(1093,4)
(1095,2)
(1096,4)
(1097,15)
(10066,21)
(10069,18)
(10070,13)
(10071,22)
(10072,31)
(10073,22)
(10075,24)
(10078,18)
(10079,25)
(1115,55)
(1121,20)
(1122,20)
(1123,19)
(1164,17)
(1165,148)
(1166,146)
(1167,63)
(1168,27)
(10093,70)
(10097,17)
(10099,7)
(10101,20)
(10104,28)
(10106,3)
(10108,31)
(10109,53)
(10111,5)
(10017,8)
(10053,15)
(10056,45)
(10057,42)
(10058,27)
(10062,24)
(10064,42)
(10065,20)
(10113,35)
(10115,44)
(10117,19)
(10118,47)
(10119,23)
(10120,12)
(10121,13)
(10122,9)
(10080,38)
(10081,6)
(10082,12)
(10086,22)
(10087,46)
(10088,26)
(10089,9)
(10092,8)
(10123,7)
(10127,49)
(10132,12)
(10133,10)
(10134,60)
(10136,34)
(10140,23)
(10141,1)
(10142,5)
(10145,139)
(10146,73)
(10403,14)
(10405,16)
(10406,15)
(10410,12)
(10412,2)
(10568,38)
(10569,8)
(10570,2)
(10575,3)
(10581,1)
(10582,11)
(10583,3)
(10585,4)
(10638,88)
