(71,9)
(72,20)
(73,31)
(74,7)
(75,7)
(77,9)
(78,28)
(79,12)
(82,11)
(119,11)
(120,4)
(121,8)
(122,9)
(124,17)
(126,1)
(127,2)
(128,1)
(181,34)
(182,23)
(225,8)
(226,57)
(227,22)
(228,58)
(229,21)
(230,39)
(231,16)
(270,88)
(272,25)
(274,45)
(275,30)
(277,6)
(388,19)
(520,3)
(570,25)
(571,7)
(1005,10)
(1006,23)
(1008,1)
(1009,3)
(1010,1)
(1014,100)
(1015,102)
(1016,78)
(1018,14)
(1019,22)
(1020,6)
(1021,15)
(1022,9)
(1023,17)
(1024,14)
(1025,44)
(1026,7)
(1027,6)
(1048,16)
(1049,4)
(1050,4)
(1051,5)
(1052,3)
(1053,2)
(1054,3)
(1055,4)
(1057,5)
(10070,32)
(10071,34)
(10072,12)
(10073,8)
(10075,12)
(10076,19)
(10077,14)
(10078,6)
(10079,26)
(10080,28)
(10081,13)
(10082,43)
(10085,25)
(10086,10)
(10087,12)
(10088,2)
(10089,13)
(10090,16)
(10091,21)
(10092,7)
(10093,53)
(10094,24)
(10095,15)
(10096,31)
(10097,34)
(10098,29)
(83,5)
(84,11)
(85,12)
(87,5)
(88,7)
(91,8)
(92,9)
(93,25)
(94,17)
(129,37)
(132,11)
(133,14)
(136,28)
(137,25)
(138,16)
(139,23)
(142,8)
(143,46)
(232,40)
(233,52)
(234,112)
(236,31)
(237,31)
(238,40)
(239,41)
(240,23)
(241,5)
(61,3)
(62,3)
(63,2)
(64,7)
(65,4)
(66,4)
(67,19)
(68,14)
(69,40)
(572,6)
(573,3)
(574,29)
(575,15)
(576,3)
(577,7)
(578,5)
(579,91)
(581,6)
(106,30)
(107,28)
(108,1)
(110,26)
(111,24)
(112,13)
(115,3)
(116,14)
(118,1)
(164,14)
(166,9)
(168,7)
(169,5)
(170,44)
(171,1)
(172,10)
(173,8)
(176,13)
(582,40)
(584,42)
(586,77)
(587,7)
(589,3)
(1001,56)
(1002,88)
(1003,1)
(1004,10)
(1,7)
(2,72)
(5,38)
(9,3)
(52,5)
(53,9)
(56,12)
(57,4)
(59,4)
(1028,10)
(1029,26)
(1031,4)
(1033,21)
(1034,19)
(1035,5)
(1036,21)
(1037,23)
(259,54)
(263,73)
(264,7)
(265,38)
(266,8)
(267,29)
(268,99)
(269,24)
(95,27)
(97,107)
(98,7)
(99,5)
(100,12)
(101,19)
(102,5)
(103,13)
(104,12)
(1413,39)
(1414,134)
(1415,36)
(10002,19)
(10005,9)
(10006,10)
(10013,61)
(10014,11)
(10053,6)
(144,14)
(145,34)
(146,2)
(149,36)
(151,38)
(156,12)
(160,12)
(161,1)
(163,5)
(1059,4)
(1061,11)
(1062,10)
(1066,3)
(1067,4)
(1068,3)
(1069,12)
(1070,28)
(1072,6)
(10056,24)
(10057,44)
(10058,6)
(10062,8)
(10064,26)
(10065,9)
(10066,5)
(10068,23)
(10069,25)
(1073,4)
(1074,2)
(1075,5)
(1076,7)
(1077,6)
(1078,2)
(1079,6)
(1080,4)
(1081,5)
(242,19)
(243,19)
(247,15)
(248,21)
(252,43)
(253,15)
(254,19)
(255,74)
(257,7)
(10406,27)
(10408,4)
(10409,30)
(10410,62)
(10412,3)
(10414,15)
(10424,32)
(10568,14)
(10569,3)
(1038,4)
(1039,23)
(1040,6)
(1041,9)
(1042,7)
(1043,7)
(1045,1)
(1046,17)
(1047,5)
(1113,39)
(1114,24)
(1115,109)
(1121,6)
(1122,21)
(1123,14)
(1164,52)
(1165,117)
(1082,3)
(1083,1)
(1084,5)
(1085,8)
(1087,38)
(1088,8)
(1089,16)
(1091,10)
(1092,16)
(1166,74)
(1167,63)
(1168,16)
(1169,25)
(1170,6)
(1171,35)
(1173,38)
(1175,35)
(1176,13)
(10099,10)
(10101,14)
(10104,23)
(10105,11)
(10106,6)
(10107,3)
(10108,15)
(10109,42)
(10111,9)
(1093,5)
(1095,1)
(1097,10)
(1103,14)
(1104,19)
(1107,25)
(1108,12)
(1111,50)
(1112,1)
(1177,17)
(1180,85)
(1181,11)
(1182,19)
(1184,1)
(1186,11)
(1187,83)
(1302,2)
(1303,1)
(10113,20)
(10114,10)
(10115,36)
(10116,5)
(10117,27)
(10118,20)
(10119,7)
(10120,15)
(10121,19)
(10123,19)
(10124,26)
(10127,61)
(10128,28)
(10130,16)
(10131,11)
(10132,11)
(10133,72)
(10134,12)
(10135,17)
(10136,30)
(10140,29)
(10141,4)
(10142,20)
(10145,77)
(10146,54)
(10403,11)
(10405,19)
(10570,1)
(10571,3)
(10572,1)
(10578,2)
(10580,1)
(10585,2)
(10586,3)
(10638,58)
