(67,1)
(68,5)
(69,2)
(71,2)
(73,4)
(107,1)
(110,1)
(111,2)
(116,2)
(127,1)
(230,1)
(232,1)
(233,1)
(234,8)
(236,6)
(265,9)
(266,1)
(267,2)
(268,3)
(269,1)
(270,7)
(1082,1)
(1088,2)
(1092,4)
(1103,1)
(1107,2)
(1170,1)
(1171,6)
(1173,4)
(1175,1)
(1176,2)
(10002,1)
(10005,1)
(10006,2)
(10013,2)
(10014,4)
(10069,2)
(10070,3)
(10072,1)
(10075,2)
(10076,1)
(10117,3)
(10118,2)
(10120,1)
(10121,2)
(10123,4)
(85,1)
(87,2)
(92,3)
(95,5)
(97,2)
(1,19)
(2,4)
(5,4)
(52,1)
(59,2)
(62,1)
(143,4)
(149,6)
(160,4)
(170,3)
(171,1)
(247,7)
(248,1)
(252,2)
(253,2)
(254,7)
(573,2)
(574,1)
(575,1)
(577,1)
(578,1)
(579,10)
(584,2)
(586,2)
(589,1)
(1001,1)
(1068,1)
(1069,2)
(1072,1)
(1074,1)
(1079,1)
(1165,7)
(1166,3)
(1167,8)
(1168,6)
(1169,1)
(10077,2)
(10079,4)
(10080,1)
(10085,2)
(10086,2)
(10124,1)
(10127,3)
(10128,5)
(10130,2)
(10131,1)
(10409,2)
(10410,5)
(10424,2)
(10568,2)
(10638,4)
(98,1)
(99,1)
(102,1)
(103,1)
(104,2)
(176,1)
(184,2)
(225,1)
(226,15)
(228,3)
(255,6)
(257,2)
(259,5)
(263,7)
(264,1)
(1002,3)
(1003,1)
(1014,7)
(1015,18)
(1016,5)
(1018,1)
(1019,3)
(1020,1)
(1022,1)
(1024,3)
(1177,1)
(1180,6)
(1181,1)
(1182,5)
(1184,2)
(1186,2)
(75,1)
(78,2)
(79,1)
(82,2)
(84,1)
(1187,12)
(1302,1)
(1413,11)
(1414,23)
(1415,1)
(10087,3)
(10088,1)
(10089,1)
(10090,1)
(10091,4)
(129,6)
(136,6)
(137,2)
(138,2)
(142,1)
(10132,1)
(10133,3)
(10134,2)
(10135,1)
(10136,1)
(237,4)
(238,4)
(239,3)
(241,1)
(243,1)
(272,1)
(274,7)
(275,2)
(520,2)
(571,1)
(10140,2)
(10142,2)
(10145,8)
(10146,2)
(10406,6)
(1025,4)
(1026,4)
(1029,1)
(1033,1)
(1036,2)
(1039,2)
(1046,1)
(1051,1)
(1052,2)
(1066,1)
(1108,1)
(1111,1)
(1113,2)
(1114,3)
(1115,6)
(10056,4)
(10057,2)
(10058,1)
(10064,1)
(10068,8)
(10093,1)
(10094,3)
(10096,1)
(10097,1)
(10104,1)
(10106,2)
(10108,3)
(10111,1)
(10114,1)
(10115,1)
