(73,25)
(74,7)
(75,15)
(77,6)
(78,21)
(79,8)
(82,17)
(83,4)
(84,12)
(120,7)
(121,14)
(122,17)
(124,23)
(126,1)
(127,3)
(129,43)
(132,15)
(133,9)
(226,71)
(227,26)
(228,76)
(229,45)
(230,43)
(231,22)
(232,58)
(233,58)
(234,115)
(277,7)
(387,1)
(388,20)
(520,10)
(522,1)
(570,28)
(571,6)
(572,8)
(574,48)
(587,7)
(589,5)
(591,19)
(1001,61)
(1002,89)
(1004,10)
(1005,8)
(1006,20)
(1007,2)
(1042,3)
(1043,14)
(1045,1)
(1046,13)
(1047,2)
(1048,23)
(1049,5)
(1050,2)
(1051,8)
(1104,21)
(1107,34)
(1108,10)
(1111,62)
(1113,62)
(1114,23)
(1115,119)
(1121,10)
(1122,27)
(10073,20)
(10075,14)
(10076,32)
(10077,25)
(10078,6)
(10079,16)
(10080,35)
(10081,14)
(10082,46)
(10128,24)
(10130,29)
(10131,10)
(10132,20)
(10133,98)
(10134,25)
(10135,28)
(10136,28)
(10140,44)
(10575,1)
(10578,2)
(10579,1)
(10580,2)
(10581,3)
(10582,1)
(10585,2)
(10586,6)
(10638,69)
(62,4)
(64,8)
(65,14)
(66,3)
(67,17)
(68,11)
(69,48)
(71,21)
(72,11)
(107,23)
(108,3)
(110,32)
(111,32)
(112,13)
(115,12)
(116,18)
(118,2)
(119,11)
(169,5)
(170,54)
(172,16)
(173,7)
(176,17)
(179,1)
(181,42)
(182,23)
(225,31)
(1,6)
(2,74)
(5,38)
(9,4)
(52,4)
(53,14)
(56,19)
(57,4)
(59,10)
(61,5)
(85,8)
(86,3)
(87,20)
(88,23)
(91,12)
(92,19)
(93,23)
(94,16)
(95,37)
(265,62)
(266,9)
(267,37)
(268,126)
(269,29)
(270,93)
(272,36)
(274,65)
(275,29)
(136,34)
(137,24)
(138,14)
(139,13)
(142,7)
(143,70)
(144,20)
(145,37)
(146,4)
(97,119)
(98,14)
(99,2)
(100,15)
(101,26)
(102,9)
(103,26)
(104,7)
(106,22)
(1031,11)
(1033,19)
(1034,14)
(1035,8)
(1036,25)
(1037,29)
(1038,8)
(1039,12)
(1040,8)
(1041,9)
(149,47)
(151,47)
(156,16)
(160,13)
(161,2)
(163,3)
(164,8)
(166,9)
(168,11)
(236,29)
(237,39)
(238,37)
(239,35)
(240,19)
(241,18)
(242,8)
(243,15)
(247,18)
(1066,4)
(1067,6)
(1068,3)
(1069,16)
(1070,25)
(1072,4)
(1073,4)
(1074,17)
(1075,7)
(575,14)
(576,1)
(577,4)
(578,8)
(579,129)
(581,11)
(582,48)
(584,41)
(586,98)
(248,46)
(252,45)
(253,33)
(254,15)
(255,78)
(257,8)
(259,61)
(263,115)
(264,5)
(1085,7)
(1087,29)
(1088,8)
(1089,16)
(1091,16)
(1092,17)
(1093,14)
(1097,9)
(1103,17)
(1021,20)
(1022,10)
(1023,16)
(1024,15)
(1025,47)
(1026,13)
(1027,7)
(1028,5)
(1029,22)
(1008,1)
(1009,2)
(1010,1)
(1014,131)
(1015,144)
(1016,96)
(1018,15)
(1019,34)
(1020,7)
(1123,11)
(1164,80)
(1165,107)
(1166,107)
(1167,74)
(1168,18)
(1169,18)
(1170,3)
(1171,42)
(1076,10)
(1077,8)
(1078,6)
(1079,9)
(1080,4)
(1081,8)
(1082,1)
(1083,1)
(1084,10)
(1052,3)
(1053,2)
(1054,3)
(1055,2)
(1056,9)
(1057,6)
(1059,2)
(1061,10)
(1062,13)
(10106,9)
(10107,5)
(10108,14)
(10109,56)
(10111,4)
(10113,27)
(10114,22)
(10115,50)
(10116,13)
(1173,43)
(1175,29)
(1176,29)
(1177,22)
(1180,103)
(1181,14)
(1182,28)
(1184,5)
(1186,12)
(1187,81)
(1301,1)
(1302,8)
(1303,7)
(1413,55)
(1414,152)
(1415,57)
(10002,17)
(10005,10)
(10141,5)
(10142,33)
(10145,104)
(10146,64)
(10403,17)
(10405,17)
(10406,26)
(10408,6)
(10409,36)
(10006,14)
(10007,8)
(10013,76)
(10014,10)
(10017,6)
(10053,5)
(10056,40)
(10057,58)
(10058,4)
(10062,15)
(10064,28)
(10065,13)
(10066,13)
(10068,35)
(10069,16)
(10070,44)
(10071,36)
(10072,9)
(10117,39)
(10118,32)
(10119,9)
(10120,15)
(10121,15)
(10122,2)
(10123,33)
(10124,15)
(10127,35)
(10410,80)
(10412,1)
(10414,22)
(10424,27)
(10568,34)
(10569,7)
(10570,1)
(10571,2)
(10572,1)
(10085,22)
(10086,21)
(10087,25)
(10088,5)
(10089,18)
(10090,23)
(10091,18)
(10092,12)
(10093,47)
(10094,46)
(10095,16)
(10096,36)
(10097,30)
(10098,30)
(10099,14)
(10101,15)
(10104,24)
(10105,13)
