(1,47)
(2,42)
(5,23)
(52,1)
(53,11)
(57,1)
(63,4)
(64,1)
(66,3)
(99,2)
(100,6)
(101,6)
(102,5)
(103,8)
(104,8)
(106,12)
(107,6)
(156,12)
(160,2)
(164,3)
(166,2)
(168,1)
(170,20)
(171,3)
(173,2)
(252,24)
(253,1)
(254,9)
(255,19)
(259,28)
(263,57)
(264,1)
(265,54)
(1107,24)
(1108,2)
(1111,13)
(1113,7)
(1114,7)
(1115,44)
(1121,1)
(1122,24)
(1175,16)
(1176,7)
(1177,4)
(1180,37)
(1181,4)
(1182,12)
(1186,7)
(1187,49)
(10066,7)
(10068,4)
(10069,6)
(10070,7)
(10071,11)
(10073,7)
(10075,2)
(10076,7)
(10077,7)
(10078,1)
(10079,6)
(10080,19)
(10081,7)
(10082,12)
(10085,3)
(10086,3)
(88,5)
(91,2)
(92,4)
(93,7)
(94,4)
(95,16)
(97,32)
(98,11)
(67,6)
(68,5)
(69,8)
(71,6)
(72,10)
(73,9)
(74,4)
(75,3)
(139,9)
(142,3)
(143,37)
(144,2)
(145,14)
(146,3)
(149,16)
(151,6)
(77,2)
(78,15)
(79,12)
(82,5)
(83,3)
(84,3)
(85,7)
(87,16)
(238,14)
(239,3)
(240,7)
(241,7)
(242,4)
(243,4)
(247,13)
(248,8)
(108,3)
(110,33)
(111,24)
(112,18)
(116,3)
(118,3)
(119,11)
(120,5)
(121,2)
(122,5)
(124,1)
(129,8)
(132,6)
(133,8)
(136,8)
(137,6)
(138,4)
(176,3)
(181,4)
(182,13)
(184,2)
(225,1)
(226,66)
(227,3)
(228,29)
(576,3)
(577,4)
(579,36)
(581,4)
(582,13)
(584,6)
(586,13)
(587,4)
(229,11)
(230,10)
(231,12)
(232,16)
(233,22)
(234,61)
(236,8)
(237,11)
(266,2)
(267,14)
(268,49)
(269,16)
(270,38)
(272,18)
(274,30)
(275,6)
(277,4)
(1015,40)
(1016,21)
(1019,3)
(1020,4)
(1021,3)
(1022,11)
(1023,5)
(1024,3)
(388,5)
(520,3)
(570,5)
(571,4)
(572,1)
(573,1)
(574,14)
(575,4)
(1025,4)
(1026,2)
(1027,1)
(1028,1)
(1029,6)
(1031,3)
(1033,4)
(1034,4)
(1001,31)
(1002,29)
(1004,3)
(1005,5)
(1006,1)
(1007,1)
(1009,1)
(1014,39)
(1091,8)
(1092,18)
(1093,5)
(1095,1)
(1096,1)
(1097,7)
(1103,8)
(1104,9)
(1046,6)
(1047,1)
(1048,13)
(1049,1)
(1051,1)
(1053,4)
(1054,1)
(1055,1)
(1302,2)
(1303,2)
(1413,28)
(1414,75)
(1415,9)
(10002,6)
(10005,10)
(10006,16)
(1036,24)
(1037,9)
(1038,3)
(1039,9)
(1040,3)
(1041,6)
(1042,6)
(1043,3)
(1045,1)
(1057,2)
(1059,3)
(1061,3)
(1062,1)
(1066,7)
(1067,3)
(1068,3)
(1069,15)
(1070,12)
(1072,3)
(1073,6)
(1074,9)
(1075,5)
(1076,4)
(1077,7)
(1078,4)
(1123,3)
(1165,31)
(1166,24)
(1167,49)
(1168,11)
(1169,10)
(1170,2)
(1171,20)
(1173,5)
(10095,6)
(10096,7)
(10097,20)
(10098,20)
(10099,4)
(10101,4)
(10104,4)
(10105,2)
(10106,3)
(1079,6)
(1080,13)
(1081,1)
(1084,5)
(1085,8)
(1087,9)
(1088,6)
(1089,7)
(10007,3)
(10013,24)
(10014,3)
(10056,9)
(10057,15)
(10062,7)
(10064,10)
(10065,7)
(10117,16)
(10118,7)
(10119,3)
(10120,10)
(10121,7)
(10122,1)
(10123,5)
(10124,9)
(10087,23)
(10088,2)
(10089,3)
(10090,5)
(10091,10)
(10092,4)
(10093,14)
(10094,17)
(10406,4)
(10408,4)
(10409,24)
(10410,24)
(10412,1)
(10414,8)
(10424,12)
(10568,3)
(10136,10)
(10140,11)
(10141,2)
(10142,19)
(10145,72)
(10146,66)
(10403,10)
(10405,7)
(10569,3)
(10571,1)
(10572,5)
(10574,1)
(10575,1)
(10581,1)
(10585,1)
(10638,24)
(10107,5)
(10108,7)
(10109,11)
(10111,6)
(10113,6)
(10114,11)
(10115,9)
(10116,2)
(10127,21)
(10128,6)
(10130,8)
(10131,5)
(10132,3)
(10133,32)
(10134,17)
(10135,16)
