(85,1)
(87,1)
(93,1)
(94,1)
(95,1)
(124,1)
(127,2)
(129,1)
(132,1)
(136,3)
(226,15)
(228,5)
(230,3)
(232,1)
(233,2)
(268,3)
(269,1)
(270,10)
(272,4)
(274,3)
(1165,5)
(1166,7)
(1167,10)
(1168,1)
(1170,3)
(1171,3)
(1173,4)
(1175,2)
(1176,3)
(1177,2)
(10056,2)
(10058,1)
(10066,1)
(10069,2)
(10070,1)
(10071,1)
(10072,3)
(10075,2)
(10076,1)
(10077,1)
(10410,1)
(10424,4)
(10568,1)
(10569,2)
(10638,6)
(73,1)
(75,1)
(78,1)
(79,1)
(82,3)
(112,2)
(115,1)
(116,1)
(118,1)
(122,1)
(171,1)
(176,1)
(179,2)
(181,8)
(184,1)
(255,6)
(259,8)
(263,9)
(266,4)
(267,3)
(1,2)
(2,10)
(5,2)
(52,2)
(53,1)
(63,1)
(97,2)
(99,2)
(100,1)
(101,2)
(103,2)
(275,2)
(571,2)
(576,1)
(579,1)
(582,1)
(66,2)
(67,1)
(68,2)
(69,2)
(72,2)
(1072,2)
(1073,1)
(1074,3)
(1076,1)
(1077,5)
(104,2)
(106,2)
(107,1)
(110,1)
(111,2)
(138,2)
(139,2)
(143,3)
(144,1)
(145,1)
(1079,3)
(1080,1)
(1084,1)
(1091,1)
(1092,1)
(146,2)
(149,2)
(151,1)
(160,2)
(170,3)
(234,2)
(236,8)
(237,5)
(239,3)
(240,5)
(10005,4)
(10006,2)
(10013,3)
(10014,10)
(10053,2)
(247,3)
(248,4)
(252,4)
(253,1)
(254,6)
(10088,2)
(10089,1)
(10091,3)
(10093,1)
(10095,1)
(1023,1)
(1024,1)
(1026,1)
(1027,1)
(1029,1)
(584,1)
(586,1)
(589,2)
(1001,4)
(1002,3)
(1031,1)
(1033,1)
(1039,2)
(1041,1)
(1043,1)
(1005,1)
(1014,10)
(1015,5)
(1016,14)
(1022,1)
(1055,1)
(1059,1)
(1066,1)
(1068,1)
(1070,3)
(1180,6)
(1181,8)
(1182,2)
(1184,2)
(1187,2)
(1103,1)
(1104,2)
(1107,2)
(1115,7)
(1123,2)
(1301,1)
(1413,8)
(1414,13)
(1415,1)
(10002,4)
(10096,1)
(10097,1)
(10098,1)
(10106,1)
(10107,2)
(10078,2)
(10079,2)
(10082,4)
(10085,1)
(10087,1)
(10108,2)
(10109,1)
(10115,1)
(10117,1)
(10118,1)
(10119,2)
(10120,1)
(10121,2)
(10124,1)
(10127,3)
(10130,1)
(10133,5)
(10134,2)
(10136,1)
(10140,2)
(10142,5)
(10145,17)
(10146,4)
(10405,2)
(10406,3)
