(1,90)
(2,119)
(5,24)
(9,12)
(52,10)
(53,17)
(56,14)
(57,17)
(59,7)
(94,27)
(95,28)
(97,70)
(98,18)
(99,10)
(100,10)
(101,23)
(102,16)
(103,44)
(145,41)
(146,1)
(149,180)
(151,83)
(156,22)
(160,5)
(161,8)
(163,30)
(164,19)
(241,5)
(242,49)
(243,21)
(247,23)
(248,37)
(252,70)
(253,72)
(254,106)
(255,55)
(1018,43)
(1019,24)
(1020,3)
(1021,9)
(1022,17)
(1023,18)
(1024,14)
(1025,38)
(1026,47)
(1027,61)
(1028,61)
(1029,21)
(1031,9)
(1033,5)
(1034,42)
(1035,28)
(1036,24)
(1037,27)
(1048,7)
(1049,8)
(1050,5)
(1051,4)
(1052,19)
(1053,7)
(1055,12)
(1056,6)
(1057,8)
(1074,5)
(1075,12)
(1076,16)
(1077,20)
(1078,10)
(1079,18)
(1080,6)
(1081,40)
(1082,44)
(10076,28)
(10077,23)
(10078,10)
(10079,30)
(10080,62)
(10081,4)
(10082,22)
(10085,13)
(10086,36)
(10108,64)
(10109,58)
(10111,20)
(10113,36)
(10114,6)
(10115,89)
(10116,5)
(10117,44)
(10118,53)
(10146,45)
(10403,23)
(10405,1)
(10406,12)
(10408,14)
(10409,10)
(10410,17)
(10412,19)
(10414,7)
(10424,10)
(10568,47)
(10569,15)
(10575,2)
(10580,39)
(10581,7)
(10582,23)
(10638,100)
(60,5)
(62,6)
(63,3)
(64,15)
(65,6)
(66,33)
(67,15)
(68,13)
(69,44)
(83,9)
(84,14)
(85,16)
(86,1)
(87,11)
(88,10)
(91,6)
(92,39)
(93,37)
(104,21)
(106,20)
(107,28)
(108,2)
(110,14)
(111,7)
(112,11)
(115,18)
(116,6)
(71,3)
(72,2)
(73,23)
(74,9)
(75,16)
(77,3)
(78,43)
(79,9)
(82,14)
(118,6)
(119,10)
(120,9)
(121,3)
(122,22)
(124,56)
(126,20)
(127,22)
(129,40)
(166,21)
(168,12)
(169,5)
(170,47)
(171,40)
(172,75)
(173,16)
(176,25)
(179,44)
(132,24)
(133,7)
(136,39)
(137,34)
(138,24)
(139,17)
(142,19)
(143,51)
(144,35)
(231,4)
(232,89)
(233,4)
(234,15)
(236,45)
(237,20)
(238,22)
(239,42)
(240,97)
(570,82)
(571,29)
(572,14)
(573,18)
(574,63)
(575,22)
(576,18)
(577,3)
(578,10)
(181,83)
(182,26)
(184,16)
(225,28)
(226,44)
(227,27)
(228,40)
(229,41)
(230,125)
(257,13)
(259,260)
(263,198)
(264,9)
(265,15)
(266,26)
(267,25)
(268,32)
(1061,25)
(1062,12)
(1066,6)
(1067,7)
(1068,4)
(1069,9)
(1070,9)
(1072,20)
(1073,5)
(579,32)
(581,14)
(582,50)
(584,18)
(586,22)
(587,6)
(589,6)
(1001,72)
(1002,136)
(269,17)
(270,186)
(272,28)
(274,71)
(275,65)
(277,1)
(387,12)
(388,16)
(522,5)
(1302,13)
(1303,11)
(1413,143)
(1414,177)
(1415,74)
(10002,56)
(10005,1)
(10006,24)
(10007,83)
(1083,14)
(1084,5)
(1085,38)
(1087,50)
(1088,49)
(1089,24)
(1090,8)
(1091,31)
(1092,13)
(1003,9)
(1004,4)
(1005,12)
(1006,24)
(1007,5)
(1009,4)
(1014,217)
(1015,155)
(1016,141)
(1093,2)
(1095,7)
(1096,17)
(1097,31)
(1103,20)
(1104,1)
(1107,44)
(1108,14)
(1111,33)
(10013,1)
(10014,80)
(10017,17)
(10053,7)
(10056,90)
(10057,66)
(10058,23)
(10062,36)
(10064,55)
(1038,3)
(1039,40)
(1040,16)
(1041,8)
(1042,18)
(1043,20)
(1045,5)
(1046,35)
(1047,9)
(10065,18)
(10066,23)
(10068,20)
(10069,26)
(10070,22)
(10071,54)
(10072,36)
(10073,14)
(10075,29)
(1112,6)
(1113,48)
(1114,8)
(1115,109)
(1121,30)
(1122,28)
(1123,35)
(1164,4)
(1165,198)
(1166,220)
(1167,52)
(1168,26)
(1169,54)
(1170,28)
(1171,224)
(1173,41)
(1175,56)
(10096,30)
(10097,36)
(10098,25)
(10099,8)
(10101,74)
(10104,79)
(10105,5)
(10106,2)
(10107,5)
(10132,7)
(10133,14)
(10134,45)
(10135,3)
(10136,76)
(10140,19)
(10141,5)
(10142,9)
(10145,148)
(1176,52)
(1177,22)
(1180,239)
(1181,136)
(1182,98)
(1184,44)
(1186,17)
(1187,36)
(1301,37)
(10087,40)
(10088,31)
(10089,20)
(10090,1)
(10091,16)
(10092,9)
(10093,54)
(10094,10)
(10095,29)
(10119,36)
(10120,11)
(10121,7)
(10122,21)
(10123,3)
(10127,77)
(10128,8)
(10130,5)
(10131,9)
