(60,1)
(62,1)
(63,11)
(64,9)
(65,12)
(66,3)
(67,19)
(68,11)
(69,30)
(111,26)
(112,19)
(115,4)
(116,15)
(118,1)
(119,10)
(120,13)
(121,11)
(172,13)
(173,7)
(176,34)
(181,16)
(182,15)
(225,14)
(226,97)
(227,16)
(267,29)
(268,83)
(269,11)
(270,37)
(272,17)
(274,68)
(275,39)
(277,4)
(388,7)
(1043,7)
(1045,1)
(1046,10)
(1047,6)
(1048,8)
(1049,9)
(1050,7)
(1051,7)
(1085,5)
(1087,21)
(1088,7)
(1089,8)
(1091,8)
(1092,15)
(1093,5)
(1095,3)
(1097,12)
(1169,13)
(1170,8)
(1171,15)
(1173,30)
(1175,25)
(1176,14)
(1177,10)
(1180,58)
(1181,5)
(1415,14)
(10002,22)
(10005,13)
(10007,3)
(10013,44)
(10014,5)
(10017,6)
(10053,6)
(10056,36)
(10113,24)
(10114,6)
(10115,39)
(10116,8)
(10117,21)
(10118,25)
(10119,7)
(10120,21)
(10121,14)
(10122,8)
(10123,18)
(10124,10)
(10127,22)
(10128,27)
(10130,22)
(10131,10)
(10132,9)
(10568,17)
(10569,14)
(10570,1)
(10571,1)
(10574,3)
(10575,1)
(10582,2)
(10638,62)
(71,9)
(72,12)
(73,24)
(74,3)
(75,10)
(77,1)
(78,4)
(79,8)
(87,19)
(122,16)
(124,16)
(127,2)
(129,50)
(132,8)
(133,10)
(136,40)
(137,18)
(138,13)
(1,4)
(2,59)
(5,34)
(9,3)
(11,4)
(53,9)
(56,15)
(57,7)
(59,13)
(228,61)
(229,25)
(230,42)
(231,21)
(232,43)
(233,31)
(234,66)
(236,37)
(237,21)
(88,17)
(91,16)
(92,19)
(93,22)
(94,15)
(95,26)
(97,57)
(98,10)
(99,5)
(100,22)
(101,11)
(102,3)
(103,23)
(104,13)
(106,16)
(107,31)
(108,1)
(110,26)
(520,5)
(570,6)
(571,12)
(572,7)
(573,1)
(574,24)
(575,23)
(576,4)
(139,18)
(142,8)
(143,69)
(144,17)
(145,44)
(146,2)
(149,51)
(151,32)
(156,6)
(1022,9)
(1023,19)
(1024,8)
(1025,41)
(1026,17)
(1027,4)
(1028,7)
(1029,24)
(1031,6)
(160,11)
(161,1)
(163,2)
(164,13)
(166,6)
(168,6)
(169,1)
(170,37)
(171,2)
(253,20)
(254,28)
(255,82)
(257,10)
(259,51)
(263,79)
(264,3)
(265,28)
(266,11)
(238,24)
(239,44)
(240,4)
(241,13)
(242,8)
(243,7)
(247,21)
(248,22)
(252,31)
(577,10)
(578,5)
(579,84)
(581,13)
(582,22)
(584,23)
(586,25)
(587,2)
(589,6)
(1033,11)
(1034,10)
(1035,8)
(1036,20)
(1037,1)
(1038,1)
(1039,12)
(1041,7)
(1042,5)
(590,8)
(591,16)
(1001,48)
(1002,63)
(1003,2)
(1004,5)
(1005,6)
(1006,10)
(1008,1)
(1009,2)
(1010,2)
(1014,85)
(1015,99)
(1016,57)
(1018,12)
(1019,18)
(1020,8)
(1021,12)
(1052,8)
(1053,8)
(1054,2)
(1055,1)
(1056,5)
(1057,8)
(1059,3)
(1061,7)
(1062,5)
(1103,10)
(1104,24)
(1107,30)
(1108,2)
(1111,59)
(1112,2)
(1113,53)
(1114,15)
(1076,7)
(1077,8)
(1078,4)
(1079,14)
(1080,16)
(1081,22)
(1082,11)
(1083,5)
(1084,7)
(10057,19)
(10058,8)
(10062,19)
(10064,27)
(10065,20)
(10066,14)
(10068,33)
(10069,14)
(1066,10)
(1067,7)
(1068,5)
(1069,10)
(1070,29)
(1072,7)
(1073,16)
(1074,19)
(1075,8)
(1115,113)
(1121,6)
(1122,1)
(1123,3)
(1164,49)
(1165,93)
(1166,65)
(1167,43)
(1168,22)
(10099,10)
(10101,7)
(10104,20)
(10105,7)
(10106,5)
(10107,10)
(10108,12)
(10109,50)
(10111,4)
(10070,17)
(10071,26)
(10072,5)
(10073,10)
(10075,15)
(10076,39)
(10077,16)
(10078,7)
(10079,23)
(1182,19)
(1184,5)
(1186,7)
(1187,65)
(1301,2)
(1302,1)
(1303,8)
(1413,36)
(1414,136)
(10133,48)
(10134,20)
(10135,26)
(10136,43)
(10140,43)
(10141,12)
(10142,21)
(10145,46)
(10146,41)
(10090,7)
(10091,30)
(10092,4)
(10093,42)
(10094,37)
(10095,5)
(10096,20)
(10097,36)
(10098,21)
(10080,22)
(10081,13)
(10082,25)
(10084,22)
(10085,21)
(10086,14)
(10087,30)
(10088,14)
(10089,10)
(10403,12)
(10405,10)
(10406,29)
(10408,6)
(10409,27)
(10410,46)
(10412,2)
(10414,10)
(10424,27)
