(1,10)
(2,104)
(5,74)
(9,11)
(11,5)
(52,4)
(53,15)
(56,19)
(57,8)
(59,7)
(95,35)
(97,119)
(98,13)
(99,10)
(100,19)
(101,19)
(102,13)
(103,12)
(104,25)
(106,20)
(149,105)
(151,76)
(156,18)
(160,30)
(161,1)
(163,3)
(164,18)
(166,15)
(168,16)
(247,31)
(248,35)
(252,41)
(253,25)
(254,45)
(255,88)
(257,11)
(259,141)
(263,226)
(589,7)
(590,11)
(591,24)
(1001,93)
(1002,260)
(1003,1)
(1004,10)
(1005,12)
(1006,76)
(1020,11)
(1021,13)
(1022,13)
(1023,24)
(1024,7)
(1025,57)
(1026,12)
(1027,21)
(1028,15)
(1180,206)
(1181,8)
(1182,32)
(1184,3)
(1186,28)
(1187,99)
(1301,3)
(1302,27)
(1303,41)
(10070,58)
(10071,52)
(10072,16)
(10073,16)
(10075,27)
(10076,53)
(10077,29)
(10078,8)
(10079,68)
(10080,48)
(10081,20)
(10082,58)
(10084,26)
(10085,44)
(10086,43)
(10087,29)
(10088,12)
(10089,29)
(10113,51)
(10114,19)
(10115,56)
(10116,19)
(10117,31)
(10118,32)
(10119,10)
(10120,25)
(10121,23)
(10122,13)
(61,4)
(62,5)
(63,13)
(64,12)
(65,13)
(66,15)
(67,20)
(68,13)
(69,63)
(107,35)
(108,4)
(110,26)
(111,12)
(112,16)
(115,3)
(116,32)
(118,1)
(119,16)
(169,4)
(170,41)
(171,5)
(172,28)
(173,9)
(176,29)
(179,2)
(181,39)
(182,29)
(202,1)
(83,4)
(84,21)
(85,19)
(87,12)
(88,17)
(91,11)
(92,21)
(93,30)
(94,24)
(136,42)
(137,35)
(138,15)
(139,28)
(142,12)
(143,67)
(144,24)
(145,31)
(146,5)
(71,9)
(72,9)
(73,30)
(74,6)
(75,16)
(77,12)
(78,36)
(79,8)
(82,24)
(264,6)
(265,56)
(266,15)
(267,34)
(268,214)
(269,27)
(270,157)
(272,30)
(274,93)
(234,114)
(236,48)
(237,46)
(238,82)
(239,80)
(240,26)
(241,19)
(242,29)
(243,9)
(120,12)
(121,12)
(122,19)
(124,27)
(126,5)
(127,2)
(129,64)
(132,16)
(133,13)
(576,4)
(577,1)
(578,10)
(579,148)
(581,6)
(582,53)
(584,29)
(586,53)
(587,1)
(225,31)
(226,132)
(227,28)
(228,92)
(229,52)
(230,105)
(231,2)
(232,89)
(233,54)
(275,46)
(277,4)
(388,23)
(520,4)
(570,63)
(571,21)
(572,9)
(573,4)
(574,77)
(575,21)
(1007,1)
(1008,2)
(1009,7)
(1010,4)
(1014,179)
(1015,170)
(1016,147)
(1018,25)
(1019,33)
(1039,41)
(1040,11)
(1041,15)
(1042,13)
(1043,18)
(1045,4)
(1046,21)
(1047,10)
(1048,57)
(1049,7)
(1061,18)
(1062,25)
(1066,5)
(1067,3)
(1068,1)
(1069,13)
(1070,23)
(1072,11)
(1073,10)
(1167,77)
(1168,55)
(1169,33)
(1170,11)
(1171,56)
(1173,46)
(1175,76)
(1176,62)
(1177,50)
(1074,12)
(1075,12)
(1076,9)
(1077,13)
(1078,8)
(1079,7)
(1080,7)
(1081,36)
(1082,8)
(10053,3)
(10056,46)
(10057,62)
(10058,11)
(10062,27)
(10064,49)
(10065,14)
(10066,23)
(10068,64)
(10069,37)
(1093,16)
(1095,10)
(1096,1)
(1097,30)
(1103,19)
(1104,22)
(1107,32)
(1108,9)
(1111,101)
(1112,1)
(1413,36)
(1414,168)
(1415,60)
(10002,28)
(10005,10)
(10007,2)
(10013,76)
(10014,14)
(10017,3)
(10090,20)
(10091,34)
(10092,5)
(10093,52)
(10094,61)
(10095,21)
(10096,74)
(10097,124)
(10098,42)
(10099,14)
(10101,46)
(10104,39)
(10105,27)
(10106,18)
(10107,23)
(10108,27)
(10109,72)
(10111,20)
(1029,39)
(1031,14)
(1032,1)
(1033,24)
(1034,19)
(1035,9)
(1036,20)
(1037,31)
(1038,4)
(10123,40)
(10124,12)
(10127,59)
(10128,34)
(10130,28)
(10131,19)
(10132,24)
(10133,102)
(10134,10)
(1050,4)
(1051,7)
(1052,6)
(1053,12)
(1054,4)
(1055,6)
(1056,11)
(1057,5)
(1059,1)
(1083,8)
(1084,7)
(1085,26)
(1087,60)
(1088,15)
(1089,16)
(1090,1)
(1091,31)
(1092,38)
(1113,125)
(1114,48)
(1115,114)
(1121,7)
(1122,28)
(1123,20)
(1164,84)
(1165,189)
(1166,184)
(10406,39)
(10408,11)
(10409,39)
(10410,55)
(10412,17)
(10414,36)
(10424,35)
(10568,51)
(10569,1)
(10570,1)
(10571,7)
(10572,1)
(10574,4)
(10575,18)
(10581,4)
(10582,1)
(10585,6)
(10638,126)
(10135,44)
(10136,41)
(10140,92)
(10141,10)
(10142,49)
(10145,149)
(10146,65)
(10403,26)
(10405,41)
