(84,7)
(85,6)
(87,21)
(88,10)
(91,4)
(92,9)
(93,23)
(94,32)
(95,15)
(136,28)
(137,30)
(138,22)
(139,22)
(142,6)
(143,71)
(144,19)
(145,53)
(146,3)
(234,7)
(236,14)
(237,8)
(238,13)
(239,40)
(240,50)
(241,1)
(242,16)
(243,6)
(575,25)
(576,14)
(577,2)
(578,10)
(579,31)
(581,10)
(582,59)
(584,15)
(586,49)
(1007,3)
(1014,98)
(1015,98)
(1016,77)
(1018,5)
(1019,5)
(1020,9)
(1021,14)
(1022,32)
(1053,3)
(1054,5)
(1055,7)
(1056,4)
(1057,6)
(1059,5)
(1061,17)
(1062,7)
(1066,9)
(1415,31)
(10002,37)
(10006,31)
(10007,35)
(10013,1)
(10014,55)
(10017,5)
(10053,18)
(10056,21)
(10057,29)
(10058,9)
(10062,16)
(10064,28)
(10065,12)
(10066,12)
(10068,12)
(10069,9)
(10070,10)
(10570,2)
(10578,2)
(10579,3)
(10581,1)
(10582,15)
(10583,1)
(10586,2)
(10638,77)
(1,44)
(2,55)
(5,14)
(9,21)
(52,14)
(53,16)
(56,25)
(57,17)
(59,6)
(72,15)
(73,15)
(74,8)
(75,10)
(77,4)
(78,43)
(79,6)
(82,20)
(83,7)
(97,68)
(98,9)
(99,4)
(100,15)
(101,18)
(102,11)
(103,25)
(104,6)
(106,12)
(60,2)
(62,8)
(64,11)
(65,1)
(66,20)
(67,15)
(68,11)
(69,35)
(71,17)
(149,99)
(151,41)
(156,12)
(160,1)
(161,7)
(163,5)
(164,8)
(166,14)
(107,18)
(108,2)
(110,26)
(111,20)
(112,26)
(115,17)
(116,2)
(118,4)
(119,7)
(120,9)
(121,4)
(122,10)
(124,44)
(126,15)
(127,18)
(129,37)
(132,10)
(133,4)
(247,28)
(248,15)
(252,40)
(253,44)
(254,57)
(255,24)
(257,19)
(259,65)
(263,106)
(168,12)
(169,1)
(170,61)
(171,22)
(172,18)
(173,18)
(176,15)
(179,54)
(181,74)
(1023,15)
(1024,13)
(1025,28)
(1026,42)
(1027,12)
(1028,30)
(1029,11)
(1031,2)
(1033,6)
(264,5)
(265,15)
(266,10)
(267,10)
(268,31)
(269,27)
(270,109)
(272,27)
(274,39)
(1043,6)
(1045,3)
(1046,23)
(1047,3)
(1048,6)
(1049,11)
(1050,4)
(1051,4)
(1052,7)
(1087,17)
(1088,10)
(1089,11)
(1090,4)
(1091,1)
(1092,6)
(1093,3)
(1096,2)
(1097,17)
(1103,25)
(1104,3)
(1107,43)
(1108,7)
(1111,11)
(1112,2)
(1113,25)
(1114,4)
(1067,7)
(1068,7)
(1069,9)
(1070,16)
(1072,9)
(1073,4)
(1074,9)
(1075,8)
(1076,9)
(1169,33)
(1170,26)
(1171,82)
(1173,39)
(1175,26)
(1176,13)
(1177,14)
(1180,59)
(1181,130)
(10071,32)
(10072,17)
(10073,19)
(10075,19)
(10076,56)
(10077,32)
(10078,20)
(10079,44)
(10080,27)
(10123,13)
(10124,4)
(10127,26)
(10128,21)
(10130,17)
(10131,20)
(10132,11)
(10133,76)
(10134,47)
(1182,58)
(1184,14)
(1186,10)
(1187,46)
(1301,35)
(1302,10)
(1303,2)
(1413,65)
(1414,133)
(10101,11)
(10104,14)
(10105,13)
(10106,7)
(10107,5)
(10108,24)
(10109,47)
(10111,9)
(10113,18)
(10114,2)
(10115,26)
(10116,14)
(10117,32)
(10118,25)
(10119,13)
(10120,21)
(10121,23)
(10122,5)
(182,25)
(225,15)
(226,31)
(227,10)
(228,31)
(229,15)
(230,34)
(232,42)
(233,8)
(275,14)
(387,4)
(388,16)
(522,7)
(570,42)
(571,15)
(572,10)
(573,11)
(574,37)
(587,12)
(589,10)
(1001,50)
(1002,55)
(1003,11)
(1004,7)
(1005,12)
(1006,26)
(1034,20)
(1035,4)
(1036,31)
(1037,29)
(1038,5)
(1039,12)
(1040,8)
(1041,5)
(1042,11)
(1077,7)
(1078,14)
(1079,8)
(1080,8)
(1081,9)
(1082,22)
(1083,3)
(1084,13)
(1085,6)
(1115,30)
(1121,21)
(1122,22)
(1123,15)
(1164,7)
(1165,101)
(1166,80)
(1167,43)
(1168,18)
(10081,4)
(10082,22)
(10085,53)
(10086,12)
(10087,41)
(10088,18)
(10089,11)
(10090,3)
(10091,46)
(10092,12)
(10093,38)
(10094,25)
(10095,19)
(10096,34)
(10097,30)
(10098,64)
(10099,4)
(10135,26)
(10136,48)
(10140,48)
(10141,1)
(10142,27)
(10145,73)
(10146,41)
(10403,10)
(10405,14)
(10406,16)
(10408,18)
(10409,18)
(10410,9)
(10412,3)
(10414,15)
(10424,35)
(10568,28)
(10569,6)
