(82,14)
(83,7)
(85,7)
(87,18)
(88,6)
(91,6)
(92,6)
(93,9)
(94,18)
(132,5)
(133,6)
(136,22)
(137,18)
(138,10)
(139,14)
(142,7)
(143,50)
(144,9)
(233,3)
(234,2)
(236,21)
(237,3)
(238,4)
(239,9)
(240,14)
(241,6)
(573,2)
(574,12)
(575,8)
(576,7)
(577,3)
(578,5)
(579,16)
(581,4)
(582,47)
(584,8)
(586,14)
(587,1)
(589,8)
(590,3)
(591,8)
(1001,22)
(1002,32)
(1003,9)
(1004,4)
(1006,12)
(1007,1)
(1009,3)
(1014,33)
(1015,68)
(1016,26)
(1018,4)
(1166,29)
(1167,23)
(1168,11)
(1169,9)
(1170,19)
(1171,50)
(1173,11)
(1175,15)
(1176,1)
(10068,18)
(10069,6)
(10070,4)
(10071,15)
(10072,18)
(10073,5)
(10075,7)
(10076,21)
(10077,12)
(10078,18)
(10079,14)
(10080,13)
(10081,8)
(10082,12)
(10084,3)
(10085,14)
(10086,4)
(10131,14)
(10132,12)
(10133,28)
(10134,27)
(10135,17)
(10136,25)
(10140,27)
(10141,2)
(10414,12)
(10424,24)
(10568,8)
(10569,15)
(10580,2)
(10582,3)
(10584,2)
(10638,40)
(59,4)
(60,4)
(61,1)
(62,2)
(63,3)
(64,9)
(66,5)
(67,7)
(68,18)
(106,11)
(107,14)
(108,2)
(110,19)
(111,7)
(112,17)
(115,17)
(116,11)
(164,3)
(166,10)
(168,5)
(169,1)
(170,24)
(171,12)
(172,13)
(173,4)
(176,13)
(69,14)
(71,3)
(72,7)
(73,12)
(74,2)
(75,9)
(78,34)
(79,6)
(259,16)
(263,43)
(264,2)
(265,4)
(266,7)
(267,9)
(268,15)
(269,6)
(270,47)
(118,6)
(119,5)
(120,3)
(121,3)
(122,3)
(124,18)
(126,1)
(127,8)
(129,21)
(1,70)
(2,55)
(5,6)
(9,5)
(11,10)
(52,8)
(53,5)
(56,13)
(57,5)
(1048,2)
(1049,5)
(1050,1)
(1051,1)
(1052,4)
(1053,3)
(1055,2)
(1056,1)
(1057,2)
(95,12)
(97,26)
(98,9)
(99,3)
(100,10)
(101,5)
(102,7)
(103,15)
(104,4)
(179,28)
(181,39)
(182,20)
(226,19)
(227,3)
(228,9)
(229,5)
(230,24)
(232,14)
(1059,1)
(1061,6)
(1062,6)
(1066,8)
(1067,4)
(1068,6)
(1069,12)
(1070,12)
(145,24)
(146,1)
(149,56)
(151,20)
(156,4)
(160,4)
(161,3)
(163,2)
(272,12)
(274,27)
(275,14)
(388,7)
(520,2)
(522,1)
(570,9)
(571,7)
(1092,2)
(1095,1)
(1097,12)
(1103,6)
(1104,1)
(1107,31)
(1108,1)
(1111,4)
(242,8)
(243,8)
(247,17)
(248,12)
(252,40)
(253,12)
(254,30)
(255,40)
(257,2)
(1112,1)
(1113,6)
(1114,1)
(1115,20)
(1121,5)
(1122,6)
(1123,5)
(1164,3)
(1165,66)
(1019,5)
(1020,2)
(1021,2)
(1022,14)
(1023,19)
(1024,5)
(1025,4)
(1026,19)
(1027,5)
(1081,8)
(1082,13)
(1083,4)
(1084,7)
(1085,2)
(1087,7)
(1088,2)
(1089,2)
(1091,1)
(10119,13)
(10120,20)
(10121,15)
(10122,7)
(10123,4)
(10126,2)
(10127,15)
(10128,9)
(10130,5)
(1177,4)
(1180,27)
(1181,48)
(1182,19)
(1184,14)
(1186,2)
(1187,25)
(1301,24)
(1028,3)
(1029,2)
(1031,1)
(1033,1)
(1034,5)
(1035,3)
(1036,28)
(1037,2)
(1038,5)
(1302,3)
(1303,7)
(1413,29)
(1414,66)
(1415,9)
(10002,21)
(10007,2)
(10013,9)
(10014,16)
(1039,3)
(1040,1)
(1041,5)
(1042,4)
(1043,2)
(1045,1)
(1046,10)
(1047,1)
(1072,9)
(1073,14)
(1074,9)
(1075,12)
(1076,5)
(1077,10)
(1078,5)
(1079,11)
(1080,8)
(10017,2)
(10053,13)
(10056,19)
(10057,14)
(10058,4)
(10062,12)
(10064,14)
(10065,11)
(10066,15)
(10087,17)
(10088,10)
(10089,13)
(10090,1)
(10091,26)
(10092,3)
(10093,29)
(10094,17)
(10095,14)
(10142,18)
(10145,46)
(10146,42)
(10403,4)
(10405,1)
(10406,8)
(10408,9)
(10409,11)
(10410,5)
(10096,15)
(10097,23)
(10098,19)
(10101,2)
(10104,8)
(10105,6)
(10106,10)
(10107,4)
(10108,9)
(10109,25)
(10111,5)
(10113,14)
(10114,1)
(10115,9)
(10116,11)
(10117,12)
(10118,8)
