(1,54)
(2,62)
(5,56)
(9,14)
(11,16)
(52,5)
(53,12)
(56,29)
(57,15)
(59,4)
(94,33)
(95,34)
(97,77)
(98,11)
(99,2)
(100,11)
(101,24)
(102,14)
(103,12)
(146,3)
(149,145)
(151,47)
(156,16)
(160,2)
(161,6)
(163,17)
(164,9)
(166,23)
(243,5)
(247,22)
(248,14)
(252,69)
(253,39)
(254,50)
(255,44)
(257,9)
(259,72)
(584,14)
(586,62)
(587,4)
(589,5)
(591,25)
(1001,71)
(1002,99)
(1003,15)
(1004,6)
(1005,1)
(1006,29)
(1007,6)
(1009,2)
(1014,124)
(1015,127)
(1016,86)
(1018,9)
(1019,13)
(1050,3)
(1051,4)
(1052,12)
(1053,4)
(1054,1)
(1055,6)
(1056,1)
(1057,6)
(1059,1)
(1074,8)
(1075,13)
(1076,15)
(1077,6)
(1078,9)
(1079,3)
(1080,5)
(1081,30)
(1082,19)
(10079,38)
(10080,36)
(10081,3)
(10082,27)
(10084,11)
(10085,56)
(10086,34)
(10087,45)
(10088,19)
(10122,6)
(10123,5)
(10124,4)
(10127,29)
(10128,16)
(10130,13)
(10131,29)
(10132,19)
(10133,79)
(10405,2)
(10406,18)
(10408,21)
(10409,23)
(10410,13)
(10412,6)
(10414,30)
(10424,51)
(10568,40)
(60,7)
(62,7)
(63,2)
(64,19)
(65,1)
(66,26)
(67,10)
(68,15)
(69,35)
(104,9)
(106,17)
(107,31)
(108,8)
(110,28)
(111,26)
(112,30)
(115,10)
(116,11)
(71,20)
(72,17)
(73,24)
(74,6)
(75,21)
(77,3)
(78,55)
(79,7)
(82,18)
(83,7)
(84,7)
(85,20)
(86,1)
(87,24)
(88,12)
(91,4)
(92,17)
(93,28)
(118,2)
(119,11)
(120,8)
(121,5)
(122,25)
(124,52)
(126,18)
(127,20)
(129,39)
(132,22)
(133,5)
(136,32)
(137,35)
(138,27)
(139,27)
(142,9)
(143,69)
(144,27)
(145,50)
(168,13)
(169,4)
(170,68)
(171,21)
(172,18)
(173,18)
(176,37)
(179,31)
(181,84)
(182,28)
(225,14)
(226,57)
(227,15)
(228,34)
(229,14)
(230,46)
(231,2)
(232,47)
(233,5)
(234,15)
(236,29)
(237,11)
(238,17)
(239,27)
(240,42)
(241,7)
(242,13)
(263,125)
(264,8)
(265,17)
(266,11)
(267,6)
(268,27)
(269,29)
(270,123)
(272,19)
(274,53)
(1020,8)
(1021,10)
(1022,28)
(1023,18)
(1024,15)
(1025,27)
(1026,40)
(1027,17)
(1028,25)
(573,12)
(574,34)
(575,20)
(576,18)
(577,5)
(578,11)
(579,42)
(581,17)
(582,62)
(275,22)
(277,4)
(387,2)
(388,22)
(520,3)
(522,7)
(570,63)
(571,20)
(572,10)
(1029,2)
(1031,6)
(1032,2)
(1033,6)
(1034,28)
(1035,10)
(1036,38)
(1037,27)
(1038,1)
(1039,12)
(1181,153)
(1182,96)
(1184,26)
(1186,17)
(1187,48)
(1301,29)
(1302,9)
(1303,7)
(1413,95)
(1083,7)
(1084,6)
(1085,9)
(1087,21)
(1088,19)
(1089,16)
(1091,10)
(1092,6)
(1093,3)
(1040,9)
(1041,10)
(1042,19)
(1043,6)
(1045,6)
(1046,23)
(1047,5)
(1048,4)
(1049,11)
(1095,2)
(1096,1)
(1097,11)
(1103,17)
(1104,3)
(1107,44)
(1108,11)
(1111,18)
(1112,3)
(1414,179)
(1415,28)
(10002,50)
(10005,1)
(10006,27)
(10007,85)
(10013,2)
(10014,68)
(10017,4)
(1061,21)
(1062,21)
(1066,6)
(1067,6)
(1068,5)
(1069,10)
(1070,9)
(1072,9)
(1073,1)
(10053,12)
(10056,67)
(10057,47)
(10058,12)
(10062,31)
(10064,34)
(10065,11)
(10066,18)
(10068,27)
(1113,26)
(1114,4)
(1115,65)
(1121,18)
(1122,26)
(1123,21)
(1164,3)
(1165,132)
(1166,110)
(1167,80)
(10089,18)
(10090,4)
(10091,67)
(10092,9)
(10093,31)
(10094,38)
(10095,35)
(10096,44)
(10097,46)
(10098,67)
(1168,11)
(1169,35)
(1170,33)
(1171,100)
(1173,31)
(1175,48)
(1176,23)
(1177,14)
(1180,159)
(10099,5)
(10101,22)
(10104,34)
(10105,17)
(10106,12)
(10107,8)
(10108,26)
(10109,61)
(10111,10)
(10069,16)
(10070,23)
(10071,30)
(10072,35)
(10073,31)
(10075,17)
(10076,66)
(10077,54)
(10078,13)
(10569,13)
(10570,2)
(10571,2)
(10578,4)
(10579,1)
(10580,1)
(10581,1)
(10582,22)
(10583,1)
(10113,23)
(10114,4)
(10115,40)
(10116,27)
(10117,35)
(10118,22)
(10119,27)
(10120,37)
(10121,17)
(10134,48)
(10135,33)
(10136,49)
(10140,35)
(10141,2)
(10142,30)
(10145,98)
(10146,53)
(10403,17)
