(62,2)
(63,6)
(64,7)
(65,14)
(66,6)
(67,15)
(68,13)
(69,37)
(71,5)
(106,30)
(107,17)
(108,3)
(110,41)
(111,34)
(112,29)
(115,3)
(116,22)
(118,6)
(168,4)
(169,2)
(170,74)
(171,13)
(172,6)
(173,5)
(176,25)
(179,9)
(181,38)
(259,95)
(263,106)
(264,5)
(265,64)
(266,16)
(267,37)
(268,157)
(269,42)
(270,108)
(1019,20)
(1020,9)
(1021,11)
(1022,31)
(1023,27)
(1024,16)
(1025,18)
(1026,17)
(1027,9)
(1062,16)
(1066,8)
(1067,6)
(1068,8)
(1069,15)
(1070,24)
(1072,8)
(1073,9)
(1074,22)
(1170,18)
(1171,41)
(1173,54)
(1175,43)
(1176,36)
(1177,16)
(1180,109)
(1181,15)
(1182,42)
(10002,25)
(10005,3)
(10006,32)
(10007,1)
(10013,78)
(10014,5)
(10017,2)
(10053,5)
(10056,71)
(10092,3)
(10093,56)
(10094,10)
(10095,19)
(10096,16)
(10097,18)
(10098,10)
(10099,12)
(10101,13)
(10572,1)
(10573,1)
(10574,5)
(10575,1)
(10580,2)
(10581,1)
(10582,1)
(10585,2)
(10638,53)
(1,2)
(2,87)
(5,57)
(9,7)
(52,2)
(53,18)
(56,20)
(57,4)
(59,4)
(61,2)
(84,8)
(85,13)
(86,1)
(87,17)
(88,16)
(91,16)
(92,15)
(93,34)
(94,24)
(133,9)
(136,41)
(137,27)
(138,18)
(139,31)
(142,10)
(143,109)
(144,18)
(145,47)
(72,9)
(73,19)
(74,4)
(75,13)
(77,5)
(78,44)
(79,11)
(82,13)
(83,5)
(119,19)
(120,5)
(121,5)
(122,14)
(124,16)
(126,3)
(127,6)
(129,56)
(132,11)
(95,38)
(97,71)
(98,18)
(99,8)
(100,15)
(101,13)
(102,9)
(103,19)
(104,17)
(146,3)
(149,55)
(151,40)
(156,17)
(160,15)
(161,1)
(163,5)
(164,2)
(166,12)
(232,70)
(233,50)
(234,137)
(236,48)
(237,46)
(238,42)
(239,15)
(240,14)
(241,1)
(573,4)
(574,45)
(575,18)
(576,4)
(577,10)
(578,15)
(579,110)
(581,7)
(582,43)
(182,23)
(184,17)
(225,11)
(226,79)
(227,11)
(228,81)
(229,49)
(230,64)
(231,29)
(242,6)
(243,22)
(247,28)
(248,34)
(252,75)
(253,17)
(254,9)
(255,87)
(257,3)
(272,36)
(274,58)
(275,47)
(277,5)
(388,27)
(520,4)
(570,41)
(571,13)
(572,7)
(584,33)
(586,89)
(587,7)
(589,4)
(1001,88)
(1002,91)
(1003,2)
(1004,5)
(1005,2)
(1006,6)
(1007,4)
(1008,3)
(1009,4)
(1010,1)
(1014,144)
(1015,149)
(1016,136)
(1018,15)
(1075,10)
(1076,12)
(1077,8)
(1078,7)
(1079,2)
(1080,6)
(1081,12)
(1082,5)
(1083,5)
(1028,2)
(1029,40)
(1031,6)
(1033,26)
(1034,26)
(1035,6)
(1036,36)
(1037,29)
(1038,6)
(1039,27)
(1040,4)
(1041,17)
(1042,14)
(1043,12)
(1045,3)
(1046,21)
(1047,5)
(1048,19)
(1049,12)
(1050,4)
(1051,7)
(1052,4)
(1053,5)
(1054,3)
(1056,2)
(1057,10)
(1059,2)
(1061,24)
(1097,19)
(1103,20)
(1104,14)
(1107,40)
(1108,14)
(1111,76)
(1113,58)
(1114,25)
(1115,121)
(1184,6)
(1186,10)
(1187,91)
(1301,1)
(1302,5)
(1303,12)
(1413,67)
(1414,182)
(1415,62)
(10071,62)
(10072,8)
(10073,18)
(10075,10)
(10076,8)
(10077,3)
(10078,8)
(10079,11)
(10080,41)
(10057,63)
(10058,16)
(10062,21)
(10064,39)
(10065,17)
(10066,23)
(10068,5)
(10069,22)
(10070,35)
(10104,21)
(10105,4)
(10106,8)
(10107,5)
(10108,29)
(10109,57)
(10111,7)
(10113,33)
(10114,4)
(10115,53)
(10116,2)
(10117,62)
(10118,42)
(10119,13)
(10120,16)
(10121,14)
(10122,8)
(10123,6)
(10124,11)
(10127,71)
(10128,24)
(10130,11)
(10131,8)
(10132,10)
(10133,33)
(10134,33)
(10135,13)
(1084,14)
(1085,16)
(1087,36)
(1088,12)
(1089,15)
(1090,2)
(1091,9)
(1092,26)
(1093,11)
(1121,5)
(1122,27)
(1123,12)
(1164,83)
(1165,145)
(1166,117)
(1167,72)
(1168,31)
(1169,29)
(10081,24)
(10082,13)
(10085,6)
(10086,22)
(10087,35)
(10088,20)
(10089,29)
(10090,4)
(10091,12)
(10136,51)
(10140,13)
(10141,1)
(10142,19)
(10145,102)
(10146,95)
(10403,20)
(10405,9)
(10406,16)
(10408,10)
(10409,18)
(10410,73)
(10412,3)
(10414,5)
(10424,25)
(10568,39)
(10569,9)
(10571,4)
