(84,11)
(85,13)
(86,1)
(87,18)
(88,11)
(91,11)
(92,22)
(93,24)
(94,30)
(133,10)
(136,47)
(137,29)
(138,20)
(139,32)
(142,12)
(143,66)
(144,16)
(145,44)
(236,51)
(237,37)
(238,60)
(239,42)
(240,15)
(241,16)
(242,8)
(243,15)
(247,31)
(574,58)
(575,11)
(576,1)
(577,1)
(578,5)
(579,121)
(581,9)
(582,44)
(584,39)
(1084,7)
(1085,7)
(1087,33)
(1088,11)
(1089,14)
(1091,13)
(1092,17)
(1093,16)
(1095,1)
(1096,1)
(1097,20)
(1103,17)
(1104,23)
(1107,27)
(1108,11)
(1111,71)
(1113,74)
(1114,29)
(1182,33)
(1184,1)
(1186,18)
(1187,82)
(1301,2)
(1302,2)
(1303,6)
(1413,64)
(1414,203)
(10056,36)
(10057,54)
(10058,4)
(10062,17)
(10064,31)
(10065,16)
(10066,20)
(10068,27)
(10069,24)
(10070,27)
(10408,7)
(10409,36)
(10410,63)
(10412,9)
(10414,23)
(10424,38)
(10568,33)
(10569,13)
(10571,11)
(1,11)
(2,87)
(5,43)
(9,10)
(52,2)
(53,11)
(56,15)
(57,9)
(59,5)
(61,3)
(62,8)
(63,3)
(64,5)
(65,5)
(66,4)
(67,14)
(68,14)
(69,42)
(71,15)
(95,41)
(97,116)
(98,6)
(99,7)
(100,20)
(101,28)
(102,10)
(103,13)
(104,16)
(106,17)
(107,27)
(108,3)
(110,23)
(111,31)
(112,14)
(115,7)
(116,14)
(118,3)
(146,3)
(149,71)
(151,61)
(156,19)
(160,14)
(161,1)
(163,3)
(164,10)
(166,15)
(168,11)
(169,2)
(170,50)
(171,3)
(172,12)
(173,2)
(176,22)
(181,42)
(182,16)
(265,37)
(266,14)
(267,22)
(268,141)
(269,26)
(270,104)
(272,16)
(274,78)
(275,26)
(248,24)
(252,37)
(253,24)
(254,29)
(255,51)
(257,7)
(259,36)
(263,106)
(264,4)
(1040,14)
(1041,8)
(1042,9)
(1043,14)
(1045,3)
(1046,14)
(1047,3)
(1048,26)
(1049,4)
(1050,4)
(586,90)
(587,3)
(589,4)
(591,15)
(1001,62)
(1002,133)
(1003,1)
(1004,7)
(1005,6)
(1006,32)
(1007,1)
(1008,2)
(1009,7)
(1014,131)
(1015,139)
(1016,97)
(1018,14)
(1019,22)
(1062,17)
(1066,4)
(1067,8)
(1068,3)
(1069,7)
(1070,21)
(1072,7)
(1073,6)
(1074,11)
(1020,15)
(1021,6)
(1022,9)
(1023,27)
(1024,16)
(1025,32)
(1026,15)
(1027,10)
(1028,7)
(1075,10)
(1076,7)
(1077,9)
(1078,11)
(1079,9)
(1080,4)
(1081,7)
(1082,1)
(1083,2)
(1115,112)
(1121,4)
(1122,24)
(1123,7)
(1164,84)
(1165,96)
(1166,114)
(1167,69)
(1168,19)
(1169,19)
(1170,5)
(1171,41)
(1173,61)
(1175,28)
(1176,29)
(1177,25)
(1180,129)
(1181,10)
(72,12)
(73,39)
(74,11)
(75,13)
(77,8)
(78,21)
(79,9)
(82,14)
(83,4)
(119,13)
(120,8)
(121,14)
(122,13)
(124,23)
(126,1)
(127,2)
(129,50)
(132,15)
(225,28)
(226,90)
(227,24)
(228,83)
(229,43)
(230,56)
(231,22)
(232,64)
(233,50)
(234,126)
(10124,20)
(10127,78)
(10128,33)
(10130,21)
(10131,17)
(10132,16)
(10133,96)
(10134,24)
(10135,29)
(277,3)
(387,2)
(388,24)
(520,4)
(522,2)
(570,40)
(571,11)
(572,7)
(573,5)
(1029,29)
(1031,8)
(1033,28)
(1034,19)
(1035,17)
(1036,23)
(1037,28)
(1038,2)
(1039,14)
(1051,5)
(1052,5)
(1053,4)
(1054,2)
(1055,1)
(1056,3)
(1057,13)
(1059,2)
(1061,18)
(1415,51)
(10002,18)
(10005,13)
(10006,14)
(10007,2)
(10013,88)
(10014,5)
(10017,5)
(10053,5)
(10136,26)
(10140,42)
(10141,5)
(10142,21)
(10145,109)
(10146,53)
(10403,31)
(10405,16)
(10406,30)
(10071,36)
(10072,13)
(10073,23)
(10075,10)
(10076,31)
(10077,26)
(10078,9)
(10079,42)
(10080,46)
(10081,18)
(10082,47)
(10085,41)
(10086,21)
(10087,35)
(10088,7)
(10089,22)
(10090,13)
(10091,18)
(10573,3)
(10575,2)
(10578,6)
(10580,2)
(10581,2)
(10582,1)
(10585,2)
(10587,2)
(10638,82)
(10115,60)
(10116,13)
(10117,26)
(10118,31)
(10119,6)
(10120,22)
(10121,17)
(10122,4)
(10123,25)
(10092,3)
(10093,57)
(10094,36)
(10095,14)
(10096,41)
(10097,34)
(10098,41)
(10099,13)
(10101,12)
(10104,33)
(10105,16)
(10106,7)
(10107,10)
(10108,25)
(10109,52)
(10111,8)
(10113,32)
(10114,14)
