(82,24)
(84,5)
(85,2)
(86,1)
(87,17)
(88,18)
(91,9)
(92,9)
(93,12)
(132,5)
(133,4)
(136,32)
(137,13)
(138,11)
(139,8)
(142,13)
(143,49)
(144,6)
(233,21)
(234,63)
(236,18)
(237,23)
(238,26)
(239,43)
(240,19)
(241,8)
(571,12)
(572,5)
(573,4)
(574,19)
(575,9)
(576,3)
(577,5)
(578,4)
(579,42)
(1003,2)
(1004,5)
(1005,2)
(1006,7)
(1007,1)
(1009,2)
(1014,55)
(1015,81)
(1016,34)
(1018,25)
(1019,11)
(1020,9)
(1021,8)
(1022,11)
(1023,10)
(1024,10)
(1025,18)
(1046,11)
(1047,4)
(1048,7)
(1049,4)
(1050,1)
(1051,4)
(1052,2)
(1053,5)
(1054,2)
(1413,9)
(1414,94)
(1415,4)
(10002,9)
(10005,3)
(10013,28)
(10014,5)
(10017,3)
(10053,3)
(10079,16)
(10080,11)
(10081,9)
(10082,12)
(10084,25)
(10085,26)
(10086,14)
(10087,8)
(10088,4)
(10098,30)
(10099,4)
(10101,2)
(10104,29)
(10105,6)
(10106,11)
(10107,6)
(10108,13)
(10109,46)
(10111,4)
(10113,8)
(10114,7)
(10115,39)
(10116,5)
(10117,17)
(10118,15)
(10119,6)
(1,16)
(2,41)
(5,7)
(9,4)
(11,3)
(52,2)
(53,3)
(56,5)
(57,3)
(94,13)
(95,17)
(97,42)
(98,12)
(99,9)
(100,12)
(101,6)
(102,11)
(103,16)
(59,4)
(61,3)
(62,6)
(63,2)
(64,7)
(65,7)
(66,3)
(67,17)
(68,8)
(69,24)
(71,1)
(72,2)
(73,19)
(74,5)
(75,5)
(78,10)
(79,5)
(104,17)
(106,6)
(107,12)
(108,9)
(110,18)
(111,12)
(112,8)
(115,8)
(116,10)
(118,2)
(119,9)
(120,6)
(121,8)
(122,8)
(124,14)
(127,1)
(129,27)
(145,35)
(146,5)
(149,48)
(151,39)
(156,9)
(160,34)
(163,4)
(164,1)
(182,13)
(225,6)
(226,53)
(227,15)
(228,35)
(229,19)
(230,26)
(231,12)
(232,21)
(242,7)
(243,11)
(247,8)
(248,7)
(252,21)
(253,12)
(254,23)
(255,46)
(257,11)
(166,11)
(168,8)
(169,3)
(170,27)
(171,1)
(172,8)
(173,5)
(176,20)
(181,4)
(259,23)
(263,26)
(264,1)
(265,17)
(266,6)
(267,20)
(268,59)
(269,6)
(270,16)
(272,10)
(274,42)
(275,31)
(277,2)
(388,7)
(520,10)
(522,2)
(570,7)
(581,8)
(582,25)
(584,34)
(586,15)
(589,6)
(590,5)
(591,15)
(1001,57)
(1002,34)
(1036,7)
(1038,2)
(1039,7)
(1040,1)
(1041,4)
(1042,5)
(1043,5)
(1045,1)
(1069,14)
(1070,25)
(1072,4)
(1073,8)
(1074,16)
(1075,7)
(1076,2)
(1077,11)
(1078,7)
(1055,2)
(1056,6)
(1057,3)
(1059,1)
(1061,4)
(1062,4)
(1066,4)
(1067,7)
(1026,9)
(1027,2)
(1028,4)
(1029,13)
(1031,9)
(1032,2)
(1033,9)
(1034,5)
(1035,5)
(1092,9)
(1093,4)
(1096,1)
(1097,13)
(1103,16)
(1104,21)
(1107,25)
(1108,2)
(1111,38)
(1112,1)
(1113,21)
(1114,15)
(1115,90)
(1121,1)
(1123,4)
(1164,49)
(1165,93)
(1079,11)
(1080,6)
(1082,2)
(1084,6)
(1085,8)
(1087,6)
(1088,3)
(1089,2)
(1091,7)
(1166,51)
(1167,27)
(1168,11)
(1169,10)
(1170,13)
(1171,13)
(1173,10)
(1175,19)
(1176,7)
(10070,10)
(10071,22)
(10072,12)
(10073,13)
(10075,13)
(10076,21)
(10077,17)
(10078,3)
(1177,6)
(1180,35)
(1181,10)
(1182,12)
(1184,5)
(1186,5)
(1187,39)
(1303,5)
(10056,15)
(10057,14)
(10058,5)
(10062,8)
(10064,13)
(10065,5)
(10066,10)
(10068,32)
(10069,12)
(10089,8)
(10090,5)
(10091,18)
(10092,6)
(10093,47)
(10094,44)
(10095,6)
(10096,6)
(10097,26)
(10120,16)
(10121,9)
(10122,9)
(10123,17)
(10124,12)
(10127,23)
(10128,15)
(10130,14)
(10131,6)
(10132,10)
(10133,37)
(10134,24)
(10135,28)
(10136,25)
(10140,28)
(10141,7)
(10142,19)
(10145,45)
(10146,36)
(10403,10)
(10405,18)
(10406,18)
(10408,18)
(10409,16)
(10410,32)
(10412,1)
(10414,5)
(10424,31)
(10568,17)
(10569,5)
(10574,3)
(10580,1)
(10581,2)
(10638,33)
