(69,14)
(71,1)
(72,3)
(73,10)
(74,2)
(75,8)
(78,9)
(79,2)
(116,5)
(118,1)
(119,3)
(120,4)
(121,6)
(122,2)
(124,1)
(127,2)
(179,1)
(181,3)
(182,8)
(225,4)
(226,24)
(227,7)
(228,10)
(229,11)
(268,21)
(269,6)
(270,6)
(272,3)
(274,26)
(275,8)
(277,2)
(387,2)
(1114,11)
(1115,59)
(1121,1)
(1123,3)
(1164,53)
(1165,36)
(1166,8)
(1167,10)
(1168,3)
(1169,7)
(1170,3)
(1171,7)
(1173,4)
(1175,9)
(1176,6)
(1177,6)
(10053,2)
(10056,7)
(10057,6)
(10058,3)
(10062,11)
(10064,7)
(10065,1)
(10066,5)
(10068,12)
(10069,8)
(10070,6)
(10071,6)
(10072,4)
(10073,9)
(10075,2)
(10076,7)
(10410,13)
(10414,3)
(10424,13)
(10568,4)
(10569,4)
(10572,1)
(10581,3)
(10638,22)
(1,14)
(2,28)
(5,6)
(11,2)
(52,1)
(53,1)
(56,5)
(57,3)
(59,6)
(60,1)
(61,1)
(62,2)
(64,1)
(65,2)
(66,2)
(67,12)
(68,9)
(94,5)
(95,17)
(97,22)
(98,3)
(99,1)
(100,7)
(101,1)
(102,2)
(82,10)
(84,2)
(85,4)
(87,10)
(88,3)
(91,2)
(92,7)
(93,9)
(129,20)
(132,1)
(133,7)
(136,9)
(137,6)
(138,6)
(139,6)
(142,1)
(143,15)
(144,1)
(145,23)
(146,1)
(149,32)
(151,8)
(156,2)
(160,10)
(103,5)
(104,6)
(106,5)
(107,6)
(108,2)
(110,6)
(111,5)
(112,3)
(115,3)
(230,13)
(231,3)
(232,12)
(233,5)
(234,20)
(236,14)
(237,4)
(238,12)
(239,19)
(161,1)
(164,1)
(166,3)
(168,4)
(169,2)
(170,11)
(173,3)
(176,5)
(240,3)
(241,3)
(242,4)
(247,2)
(248,5)
(252,10)
(253,5)
(254,17)
(388,7)
(520,4)
(570,4)
(571,6)
(572,5)
(574,7)
(575,7)
(576,2)
(255,30)
(257,3)
(259,15)
(263,14)
(264,1)
(265,15)
(266,2)
(267,10)
(577,3)
(578,1)
(579,19)
(581,3)
(582,12)
(584,11)
(586,16)
(589,5)
(590,4)
(591,12)
(1001,18)
(1002,12)
(1003,1)
(1004,3)
(1005,2)
(1006,1)
(1007,1)
(1022,1)
(1023,6)
(1024,4)
(1025,6)
(1026,4)
(1028,1)
(1029,10)
(1031,1)
(1033,6)
(1034,2)
(1035,1)
(1036,9)
(1037,1)
(1039,4)
(1040,1)
(1041,1)
(1009,3)
(1014,26)
(1015,43)
(1016,9)
(1018,3)
(1019,12)
(1020,4)
(1021,2)
(1073,2)
(1074,7)
(1075,2)
(1076,2)
(1077,11)
(1078,2)
(1079,6)
(1080,7)
(1093,1)
(1097,6)
(1103,5)
(1104,3)
(1107,13)
(1111,13)
(1112,1)
(1113,10)
(1043,1)
(1046,4)
(1049,5)
(1050,1)
(1051,2)
(1052,2)
(1053,1)
(1055,2)
(1180,18)
(1181,6)
(1182,6)
(1184,2)
(1186,4)
(1187,12)
(1301,1)
(1302,2)
(1303,3)
(1081,2)
(1082,3)
(1084,4)
(1087,7)
(1089,1)
(1090,1)
(1091,2)
(1092,3)
(1056,2)
(1057,1)
(1061,2)
(1062,2)
(1066,4)
(1067,1)
(1068,1)
(1069,8)
(1070,7)
(10077,5)
(10078,5)
(10079,4)
(10080,9)
(10081,3)
(10082,2)
(10084,10)
(10085,2)
(1413,8)
(1414,32)
(1415,5)
(10002,10)
(10005,3)
(10013,7)
(10014,1)
(10017,3)
(10109,13)
(10111,1)
(10113,4)
(10115,11)
(10116,1)
(10117,3)
(10118,8)
(10120,10)
(10086,3)
(10087,4)
(10088,3)
(10089,4)
(10090,9)
(10091,13)
(10093,29)
(10094,10)
(10121,6)
(10122,2)
(10123,7)
(10124,3)
(10126,8)
(10127,8)
(10128,9)
(10130,6)
(10096,8)
(10097,7)
(10098,15)
(10099,4)
(10104,8)
(10105,2)
(10106,1)
(10107,2)
(10108,1)
(10131,3)
(10132,7)
(10133,12)
(10134,10)
(10135,8)
(10136,5)
(10140,18)
(10141,1)
(10142,10)
(10145,23)
(10146,16)
(10403,3)
(10405,12)
(10406,14)
(10408,5)
(10409,8)
