(98,1)
(99,1)
(100,2)
(103,5)
(104,1)
(108,1)
(176,4)
(181,2)
(182,2)
(184,1)
(225,2)
(226,9)
(248,2)
(252,3)
(253,2)
(254,7)
(255,6)
(257,1)
(586,4)
(587,1)
(589,1)
(1001,6)
(1002,3)
(1007,1)
(1089,1)
(1091,1)
(1103,1)
(1104,2)
(1111,2)
(1182,5)
(1184,3)
(1186,3)
(1187,6)
(1301,1)
(10065,3)
(10066,2)
(10068,2)
(10069,1)
(10070,1)
(10075,1)
(10076,4)
(10077,2)
(10078,1)
(10080,3)
(10127,1)
(10128,2)
(10130,3)
(10131,1)
(10133,1)
(10403,2)
(10408,2)
(10409,1)
(10410,3)
(10414,2)
(10424,4)
(10568,1)
(10569,2)
(10570,1)
(10638,5)
(1,8)
(2,3)
(5,4)
(53,1)
(56,1)
(59,1)
(87,1)
(91,1)
(93,1)
(95,1)
(97,4)
(145,3)
(149,4)
(164,1)
(170,2)
(171,1)
(111,1)
(112,3)
(115,1)
(120,1)
(121,1)
(239,1)
(240,1)
(242,2)
(243,1)
(247,1)
(62,1)
(69,1)
(75,1)
(79,2)
(85,2)
(228,4)
(229,2)
(230,1)
(231,2)
(232,5)
(129,1)
(136,1)
(138,1)
(142,2)
(144,1)
(277,1)
(577,1)
(579,2)
(581,1)
(584,2)
(259,10)
(263,11)
(265,2)
(267,1)
(268,4)
(1014,5)
(1015,8)
(1016,7)
(1018,6)
(1019,3)
(1022,3)
(1023,3)
(1024,2)
(1025,1)
(1026,1)
(233,3)
(234,11)
(236,2)
(237,2)
(238,1)
(269,4)
(270,12)
(272,1)
(274,5)
(275,1)
(1066,2)
(1067,1)
(1070,2)
(1072,1)
(1074,3)
(1047,1)
(1050,4)
(1051,2)
(1052,1)
(1057,1)
(1062,2)
(1029,3)
(1031,1)
(1036,1)
(1039,1)
(1046,1)
(1075,1)
(1079,3)
(1080,1)
(1081,1)
(1084,2)
(1168,2)
(1169,1)
(1170,1)
(1171,3)
(1173,3)
(1113,2)
(1114,1)
(1115,7)
(1165,4)
(1166,4)
(1167,7)
(10081,1)
(10085,2)
(10086,2)
(10089,2)
(10090,2)
(10091,1)
(1175,5)
(1176,3)
(1177,4)
(1180,8)
(1181,3)
(1302,1)
(1413,11)
(1414,9)
(1415,1)
(10005,1)
(10006,2)
(10093,3)
(10094,3)
(10095,2)
(10097,2)
(10098,4)
(10013,2)
(10014,3)
(10056,2)
(10057,3)
(10064,1)
(10118,2)
(10119,2)
(10120,1)
(10121,1)
(10122,1)
(10124,2)
(10104,1)
(10105,2)
(10106,2)
(10107,1)
(10108,2)
(10134,1)
(10140,3)
(10142,2)
(10145,23)
(10146,3)
(10109,1)
(10111,1)
(10113,1)
(10115,2)
(10117,1)
