(83,1)
(84,8)
(85,11)
(86,1)
(87,14)
(88,18)
(91,20)
(92,14)
(93,28)
(132,19)
(133,15)
(136,24)
(137,31)
(138,14)
(139,16)
(142,16)
(143,74)
(144,27)
(233,29)
(234,122)
(236,26)
(237,27)
(238,44)
(239,47)
(240,24)
(241,16)
(242,13)
(574,48)
(575,18)
(578,5)
(579,132)
(581,12)
(582,47)
(584,24)
(586,79)
(587,2)
(1042,7)
(1043,11)
(1045,2)
(1046,11)
(1047,7)
(1048,23)
(1049,13)
(1050,3)
(1051,3)
(1085,13)
(1087,29)
(1088,12)
(1089,22)
(1090,2)
(1091,9)
(1092,20)
(1093,7)
(1095,3)
(1121,4)
(1122,30)
(1123,11)
(1164,72)
(1165,133)
(1166,95)
(1167,66)
(1168,30)
(1169,17)
(10072,17)
(10073,13)
(10075,11)
(10076,35)
(10077,21)
(10078,9)
(10079,41)
(10080,35)
(10081,18)
(10104,32)
(10105,15)
(10106,12)
(10107,10)
(10108,13)
(10109,58)
(10111,5)
(10113,32)
(10114,15)
(10115,63)
(10116,14)
(10117,28)
(10118,31)
(10119,11)
(10120,22)
(10121,17)
(10122,10)
(10123,36)
(61,1)
(62,3)
(63,3)
(64,4)
(65,10)
(66,2)
(67,15)
(68,29)
(69,49)
(104,27)
(106,24)
(107,16)
(108,2)
(110,31)
(111,26)
(112,18)
(115,4)
(116,21)
(168,12)
(169,6)
(170,63)
(172,14)
(173,12)
(176,33)
(179,1)
(181,43)
(182,21)
(71,10)
(72,13)
(73,31)
(74,8)
(75,14)
(77,10)
(78,30)
(79,7)
(82,13)
(263,136)
(264,7)
(265,39)
(266,8)
(267,22)
(268,136)
(269,23)
(270,86)
(272,27)
(118,2)
(119,13)
(120,8)
(121,15)
(122,15)
(124,25)
(126,5)
(127,2)
(129,40)
(589,5)
(591,16)
(1001,64)
(1002,111)
(1003,1)
(1004,9)
(1005,11)
(1006,38)
(1008,2)
(202,1)
(225,21)
(226,110)
(227,13)
(228,90)
(229,43)
(230,61)
(231,25)
(232,41)
(1009,5)
(1010,1)
(1014,102)
(1015,144)
(1016,111)
(1018,13)
(1019,27)
(1020,10)
(1021,14)
(1170,9)
(1171,34)
(1173,43)
(1175,44)
(1176,17)
(1177,25)
(1180,208)
(1181,13)
(1182,22)
(274,65)
(275,33)
(277,3)
(388,29)
(520,7)
(570,51)
(571,11)
(572,5)
(573,4)
(1,6)
(2,75)
(5,24)
(9,8)
(11,9)
(52,3)
(53,11)
(56,14)
(57,10)
(59,10)
(1052,7)
(1053,7)
(1054,3)
(1055,3)
(1056,4)
(1057,5)
(1059,3)
(1061,11)
(1062,11)
(1186,16)
(1187,98)
(1301,2)
(1302,5)
(1303,8)
(1413,44)
(1414,170)
(1415,42)
(10002,12)
(94,19)
(95,45)
(97,95)
(98,11)
(99,5)
(100,18)
(101,19)
(102,1)
(103,4)
(10572,1)
(10574,1)
(10575,1)
(10578,3)
(10580,2)
(10581,4)
(10582,1)
(10585,3)
(10586,6)
(1066,7)
(1067,7)
(1068,5)
(1069,22)
(1070,19)
(1072,5)
(1073,8)
(1074,12)
(1075,8)
(145,39)
(146,5)
(149,75)
(151,39)
(156,20)
(160,15)
(163,3)
(164,16)
(166,17)
(1076,9)
(1077,8)
(1078,9)
(1079,10)
(1080,5)
(1081,10)
(1082,7)
(1083,2)
(1084,10)
(243,12)
(247,29)
(248,22)
(252,40)
(253,27)
(254,25)
(255,92)
(257,7)
(259,63)
(1022,12)
(1023,27)
(1024,13)
(1025,63)
(1026,13)
(1027,6)
(1028,10)
(1029,31)
(1031,6)
(1097,8)
(1103,16)
(1104,23)
(1107,40)
(1108,10)
(1111,83)
(1113,79)
(1114,20)
(1115,127)
(1032,2)
(1033,15)
(1034,16)
(1035,6)
(1036,31)
(1037,46)
(1038,5)
(1039,17)
(1040,11)
(1041,13)
(10124,23)
(10127,51)
(10128,36)
(10130,17)
(10131,17)
(10132,13)
(10133,84)
(10134,22)
(10135,46)
(10136,34)
(10140,47)
(10141,3)
(10142,23)
(10145,112)
(10146,69)
(10403,18)
(10405,18)
(10406,34)
(10005,10)
(10006,27)
(10007,1)
(10013,65)
(10014,10)
(10017,7)
(10053,8)
(10056,30)
(10057,49)
(10058,6)
(10062,17)
(10064,25)
(10065,17)
(10066,22)
(10068,30)
(10069,32)
(10070,41)
(10071,45)
(10408,8)
(10409,32)
(10410,75)
(10412,5)
(10414,15)
(10424,47)
(10568,38)
(10569,11)
(10571,12)
(10082,39)
(10084,40)
(10085,37)
(10086,33)
(10087,26)
(10088,6)
(10089,26)
(10090,12)
(10091,28)
(10092,4)
(10093,66)
(10094,50)
(10095,23)
(10096,57)
(10097,48)
(10098,23)
(10099,11)
(10101,19)
