(84,9)
(85,7)
(87,18)
(88,4)
(91,2)
(92,26)
(93,31)
(94,32)
(95,24)
(136,35)
(137,22)
(138,39)
(139,22)
(142,25)
(143,55)
(144,51)
(145,41)
(146,4)
(233,5)
(234,15)
(236,30)
(237,12)
(238,22)
(239,47)
(240,95)
(241,1)
(242,43)
(572,4)
(573,9)
(574,47)
(575,21)
(576,12)
(577,4)
(578,9)
(579,32)
(581,18)
(1018,21)
(1019,23)
(1020,7)
(1021,13)
(1022,16)
(1023,13)
(1024,15)
(1025,36)
(1026,38)
(1073,3)
(1074,3)
(1075,9)
(1076,13)
(1077,13)
(1078,8)
(1079,16)
(1080,12)
(1081,28)
(10053,12)
(10056,64)
(10057,43)
(10058,20)
(10062,32)
(10064,40)
(10065,12)
(10066,33)
(10068,19)
(10069,17)
(10070,32)
(10071,42)
(10072,28)
(10073,29)
(10075,19)
(10076,26)
(10077,21)
(10078,21)
(62,5)
(63,5)
(64,11)
(65,2)
(66,28)
(67,11)
(68,9)
(69,56)
(71,5)
(107,31)
(108,4)
(110,18)
(111,17)
(112,11)
(115,11)
(116,6)
(118,4)
(119,8)
(169,2)
(170,61)
(171,27)
(172,56)
(173,23)
(176,21)
(179,43)
(181,83)
(182,42)
(72,8)
(73,22)
(74,7)
(75,12)
(77,2)
(78,41)
(79,4)
(82,15)
(83,10)
(263,168)
(264,8)
(265,24)
(266,24)
(267,23)
(268,38)
(269,24)
(270,162)
(272,31)
(1,84)
(2,95)
(5,30)
(9,17)
(52,17)
(53,15)
(56,9)
(57,10)
(59,7)
(60,5)
(1005,13)
(1006,21)
(1007,6)
(1008,2)
(1009,2)
(1010,1)
(1014,165)
(1015,158)
(1016,139)
(120,4)
(121,4)
(122,11)
(124,50)
(126,6)
(127,19)
(129,29)
(132,17)
(133,8)
(184,4)
(225,24)
(226,37)
(227,11)
(228,54)
(229,65)
(230,136)
(231,4)
(232,59)
(97,98)
(98,7)
(99,8)
(100,9)
(101,25)
(102,10)
(103,29)
(104,18)
(106,24)
(1027,38)
(1028,56)
(1029,15)
(1031,6)
(1033,8)
(1034,29)
(1035,7)
(1036,26)
(1037,29)
(1038,7)
(274,63)
(275,41)
(277,4)
(387,11)
(388,34)
(520,5)
(522,1)
(570,52)
(571,20)
(149,139)
(151,66)
(156,24)
(160,1)
(161,7)
(163,19)
(164,20)
(166,22)
(168,15)
(1059,1)
(1061,32)
(1062,7)
(1066,2)
(1067,6)
(1068,10)
(1069,8)
(1070,13)
(1072,21)
(1049,10)
(1050,2)
(1051,6)
(1052,4)
(1053,11)
(1054,7)
(1055,7)
(1056,12)
(1057,6)
(1166,170)
(1167,68)
(1168,19)
(1169,42)
(1170,28)
(1171,147)
(1173,41)
(1175,59)
(1176,38)
(243,8)
(247,26)
(248,25)
(252,70)
(253,42)
(254,81)
(255,44)
(257,19)
(259,153)
(1092,12)
(1093,2)
(1095,6)
(1096,6)
(1097,38)
(1103,19)
(1104,3)
(1107,43)
(1108,8)
(10099,3)
(10101,88)
(10104,44)
(10105,10)
(10106,5)
(10107,2)
(10108,32)
(10109,56)
(10111,15)
(582,56)
(584,17)
(586,40)
(587,16)
(589,12)
(1001,74)
(1002,90)
(1003,13)
(1004,5)
(10113,29)
(10114,5)
(10115,71)
(10116,7)
(10117,33)
(10118,47)
(10119,28)
(10120,14)
(10121,17)
(1039,26)
(1040,4)
(1041,15)
(1042,10)
(1043,11)
(1045,4)
(1046,23)
(1047,9)
(1048,9)
(1177,18)
(1180,127)
(1181,108)
(1182,75)
(1184,34)
(1186,20)
(1187,20)
(1301,35)
(1302,10)
(10122,7)
(10123,5)
(10124,1)
(10127,57)
(10128,2)
(10130,10)
(10131,15)
(10132,5)
(10133,19)
(1082,27)
(1083,10)
(1084,11)
(1085,32)
(1087,46)
(1088,30)
(1089,18)
(1090,6)
(1091,16)
(1303,6)
(1413,135)
(1414,142)
(1415,39)
(10002,60)
(10006,14)
(10007,64)
(10014,69)
(10017,5)
(10134,53)
(10135,14)
(10136,63)
(10140,27)
(10141,1)
(10142,16)
(10145,128)
(10146,49)
(10403,18)
(1111,17)
(1112,3)
(1113,37)
(1114,7)
(1115,64)
(1121,20)
(1122,32)
(1123,24)
(1165,183)
(10569,8)
(10570,2)
(10571,1)
(10575,1)
(10580,13)
(10581,2)
(10582,27)
(10585,1)
(10638,112)
(10079,31)
(10080,32)
(10081,8)
(10082,15)
(10085,7)
(10086,32)
(10087,35)
(10088,25)
(10089,19)
(10090,4)
(10091,28)
(10092,11)
(10093,50)
(10094,8)
(10095,34)
(10096,56)
(10097,32)
(10098,42)
(10405,5)
(10406,13)
(10408,21)
(10409,13)
(10410,13)
(10412,11)
(10414,6)
(10424,12)
(10568,40)
