(83,2)
(84,22)
(85,21)
(86,1)
(87,28)
(88,18)
(91,21)
(92,23)
(93,36)
(132,20)
(133,17)
(136,37)
(137,39)
(138,32)
(139,50)
(142,15)
(143,98)
(144,20)
(233,68)
(234,168)
(236,53)
(237,50)
(238,72)
(239,65)
(240,29)
(241,30)
(242,52)
(573,2)
(574,64)
(575,8)
(576,8)
(577,10)
(578,8)
(579,172)
(581,15)
(582,39)
(1081,5)
(1082,2)
(1083,1)
(1084,3)
(1085,9)
(1087,17)
(1088,9)
(1089,18)
(1091,13)
(1114,39)
(1115,130)
(1121,1)
(1122,10)
(1123,4)
(1164,95)
(1165,155)
(1166,167)
(1167,91)
(1168,114)
(1169,47)
(1170,27)
(1171,40)
(1173,56)
(1175,68)
(1176,52)
(1177,40)
(1180,343)
(10071,56)
(10072,14)
(10073,11)
(10075,14)
(10076,71)
(10077,42)
(10078,11)
(10079,62)
(10080,72)
(10570,2)
(10571,10)
(10574,3)
(10575,8)
(10581,1)
(10582,1)
(10585,1)
(10638,5)
(1,7)
(2,129)
(5,76)
(9,3)
(11,4)
(52,3)
(53,35)
(56,11)
(57,9)
(59,5)
(94,30)
(95,56)
(97,118)
(98,14)
(99,9)
(100,20)
(101,21)
(102,8)
(103,3)
(145,42)
(146,5)
(149,89)
(151,60)
(156,27)
(160,24)
(161,4)
(163,3)
(164,23)
(61,6)
(62,3)
(63,10)
(64,11)
(65,9)
(66,12)
(67,18)
(68,25)
(69,81)
(243,13)
(247,25)
(248,37)
(252,47)
(253,23)
(254,33)
(255,76)
(257,8)
(259,102)
(104,18)
(106,20)
(107,38)
(108,2)
(110,28)
(111,34)
(112,14)
(115,10)
(116,41)
(71,17)
(72,16)
(73,34)
(74,10)
(75,14)
(77,16)
(78,42)
(79,15)
(82,11)
(1005,9)
(1006,78)
(1007,6)
(1009,7)
(1010,3)
(1014,144)
(1015,184)
(1016,155)
(1018,23)
(118,3)
(119,12)
(120,10)
(121,23)
(122,19)
(124,35)
(126,3)
(127,1)
(129,60)
(166,15)
(168,17)
(169,8)
(170,41)
(171,3)
(172,18)
(173,14)
(176,23)
(181,50)
(182,27)
(225,42)
(226,173)
(227,16)
(228,83)
(229,42)
(230,86)
(231,23)
(232,68)
(1019,40)
(1020,16)
(1021,14)
(1022,19)
(1023,36)
(1024,12)
(1025,57)
(1026,20)
(1027,4)
(263,200)
(264,5)
(265,47)
(266,15)
(267,34)
(268,189)
(269,24)
(270,139)
(272,25)
(274,106)
(275,56)
(277,8)
(387,1)
(388,33)
(520,3)
(570,87)
(571,17)
(572,15)
(1048,41)
(1049,7)
(1050,5)
(1051,3)
(1052,7)
(1053,8)
(1054,5)
(1055,4)
(1056,10)
(1028,2)
(1029,6)
(1031,11)
(1032,6)
(1033,30)
(1034,19)
(1035,12)
(1036,25)
(1037,7)
(1092,5)
(1093,2)
(1097,13)
(1103,28)
(1104,21)
(1107,32)
(1108,21)
(1111,82)
(1113,77)
(584,42)
(586,63)
(589,15)
(590,16)
(591,27)
(1001,80)
(1002,206)
(1003,1)
(1004,9)
(1414,179)
(1415,75)
(10002,30)
(10005,14)
(10007,2)
(10013,85)
(10014,12)
(10017,4)
(10056,52)
(1181,10)
(1182,39)
(1184,3)
(1186,48)
(1187,125)
(1301,5)
(1302,14)
(1303,59)
(1413,51)
(1038,4)
(1039,12)
(1040,6)
(1041,13)
(1042,16)
(1043,24)
(1045,4)
(1046,22)
(1047,5)
(10091,40)
(10092,4)
(10093,64)
(10094,52)
(10095,17)
(10096,107)
(10097,134)
(10098,54)
(10099,17)
(1057,9)
(1059,1)
(1061,33)
(1062,15)
(1066,6)
(1067,4)
(1068,3)
(1069,14)
(1070,18)
(10057,77)
(10058,16)
(10062,21)
(10064,46)
(10065,18)
(10066,17)
(10068,55)
(10069,56)
(10070,58)
(10101,62)
(10104,40)
(10105,39)
(10106,12)
(10107,20)
(10108,35)
(10109,76)
(10111,16)
(10113,81)
(1072,12)
(1073,4)
(1074,10)
(1075,3)
(1076,10)
(1077,10)
(1078,6)
(1079,11)
(1080,9)
(10135,56)
(10136,49)
(10140,66)
(10141,20)
(10142,40)
(10145,150)
(10146,86)
(10403,28)
(10405,38)
(10081,15)
(10082,59)
(10084,41)
(10085,47)
(10086,30)
(10087,40)
(10088,18)
(10089,34)
(10090,18)
(10114,13)
(10115,53)
(10116,10)
(10117,45)
(10118,31)
(10119,9)
(10120,26)
(10121,22)
(10122,13)
(10123,47)
(10124,15)
(10127,65)
(10128,40)
(10130,40)
(10131,32)
(10132,16)
(10133,131)
(10134,23)
(10406,34)
(10408,10)
(10409,37)
(10410,71)
(10412,16)
(10414,27)
(10424,26)
(10568,51)
(10569,10)
