(69,47)
(71,30)
(72,11)
(73,20)
(74,11)
(75,19)
(77,2)
(78,65)
(79,14)
(116,17)
(118,9)
(119,10)
(120,17)
(121,4)
(122,25)
(124,70)
(126,32)
(127,11)
(181,109)
(182,35)
(225,13)
(226,61)
(227,7)
(228,23)
(229,24)
(230,67)
(231,2)
(272,33)
(274,69)
(275,24)
(277,3)
(387,2)
(388,18)
(520,3)
(522,3)
(570,67)
(582,34)
(584,21)
(586,34)
(587,2)
(589,16)
(590,8)
(591,23)
(1001,115)
(1002,67)
(1046,35)
(1047,4)
(1048,8)
(1049,14)
(1050,9)
(1051,9)
(1052,10)
(1053,6)
(1054,1)
(1055,17)
(1056,7)
(1057,15)
(1059,2)
(1061,16)
(1062,29)
(1066,14)
(1067,10)
(1068,6)
(10068,51)
(10069,27)
(10070,27)
(10071,77)
(10072,57)
(10073,15)
(10075,19)
(10076,75)
(10077,73)
(10078,32)
(10079,57)
(10080,38)
(10081,9)
(10082,38)
(10084,17)
(10085,73)
(10086,41)
(10087,75)
(10088,21)
(10121,51)
(10122,23)
(10123,18)
(10124,3)
(10127,53)
(10128,27)
(10130,21)
(10131,36)
(10132,51)
(1,53)
(2,73)
(5,96)
(9,17)
(11,23)
(52,6)
(53,19)
(56,56)
(57,26)
(59,16)
(60,10)
(61,1)
(62,7)
(63,13)
(64,25)
(65,4)
(66,14)
(67,26)
(68,38)
(82,31)
(83,16)
(84,24)
(85,17)
(86,5)
(87,46)
(88,27)
(91,14)
(92,36)
(93,32)
(94,42)
(95,35)
(97,112)
(98,15)
(99,5)
(100,21)
(101,28)
(102,33)
(103,19)
(104,18)
(106,21)
(107,49)
(108,3)
(110,54)
(111,42)
(112,52)
(115,36)
(129,69)
(132,14)
(133,6)
(136,61)
(137,77)
(138,36)
(139,40)
(142,15)
(143,163)
(144,26)
(145,144)
(146,5)
(149,160)
(151,53)
(156,27)
(160,1)
(161,11)
(163,4)
(164,18)
(232,89)
(233,13)
(234,8)
(236,33)
(237,20)
(238,14)
(239,26)
(240,39)
(241,20)
(242,30)
(243,13)
(247,33)
(248,13)
(252,84)
(253,45)
(254,63)
(255,110)
(257,28)
(166,36)
(168,12)
(169,10)
(170,138)
(171,29)
(172,8)
(173,22)
(176,32)
(179,51)
(259,66)
(263,105)
(264,2)
(265,10)
(266,14)
(267,9)
(268,30)
(269,21)
(270,106)
(1003,11)
(1004,4)
(1005,2)
(1006,34)
(1007,7)
(1009,3)
(1010,2)
(1014,124)
(1015,233)
(1036,70)
(1037,56)
(1038,16)
(1039,27)
(1040,5)
(1041,14)
(1042,16)
(1043,10)
(1045,3)
(571,27)
(572,17)
(573,20)
(574,54)
(575,25)
(576,27)
(577,5)
(578,21)
(579,39)
(581,16)
(1026,51)
(1027,32)
(1028,26)
(1029,12)
(1031,8)
(1032,2)
(1033,8)
(1034,51)
(1035,16)
(1016,122)
(1018,8)
(1019,8)
(1020,9)
(1021,18)
(1022,92)
(1023,36)
(1024,16)
(1025,24)
(1080,11)
(1081,32)
(1082,23)
(1083,5)
(1084,21)
(1085,11)
(1087,33)
(1088,13)
(1089,23)
(1069,9)
(1070,11)
(1072,12)
(1073,4)
(1074,2)
(1075,11)
(1076,11)
(1077,7)
(1078,7)
(1079,9)
(1090,3)
(1091,6)
(1092,3)
(1095,1)
(1096,3)
(1097,21)
(1103,31)
(1104,4)
(1107,68)
(1164,18)
(1165,164)
(1166,124)
(1167,69)
(1168,27)
(1169,49)
(1170,45)
(1171,97)
(1173,41)
(10017,14)
(10053,29)
(10056,63)
(10057,73)
(10058,15)
(10062,42)
(10064,80)
(10065,24)
(10066,30)
(1108,9)
(1111,21)
(1112,9)
(1113,45)
(1114,6)
(1115,121)
(1121,27)
(1122,41)
(1123,24)
(1301,44)
(1302,11)
(1303,8)
(1413,74)
(1414,175)
(1415,16)
(10002,55)
(10007,36)
(10014,43)
(1175,43)
(1176,16)
(1177,12)
(1180,99)
(1181,83)
(1182,137)
(1184,31)
(1186,16)
(1187,41)
(10089,24)
(10090,5)
(10091,82)
(10092,30)
(10093,59)
(10094,49)
(10095,38)
(10096,81)
(10097,84)
(10133,92)
(10134,64)
(10135,48)
(10136,118)
(10140,51)
(10141,15)
(10142,69)
(10145,86)
(10146,72)
(10111,16)
(10113,33)
(10114,5)
(10115,44)
(10116,24)
(10117,58)
(10118,19)
(10119,28)
(10120,66)
(10098,111)
(10099,15)
(10101,17)
(10104,39)
(10105,21)
(10106,11)
(10107,6)
(10108,32)
(10109,83)
(10403,24)
(10405,2)
(10406,33)
(10408,39)
(10409,67)
(10410,18)
(10412,4)
(10414,22)
(10424,59)
(10568,91)
(10569,13)
(10571,1)
(10576,1)
(10580,1)
(10581,8)
(10582,24)
(10583,1)
(10638,92)
