(68,9)
(69,26)
(71,2)
(72,4)
(73,18)
(74,5)
(75,10)
(77,1)
(78,9)
(112,9)
(115,6)
(116,8)
(118,2)
(119,4)
(120,1)
(121,6)
(122,6)
(176,21)
(179,1)
(181,9)
(182,7)
(225,3)
(226,62)
(227,27)
(228,39)
(229,12)
(269,5)
(270,12)
(272,7)
(274,46)
(275,27)
(277,3)
(388,8)
(520,5)
(570,4)
(1025,19)
(1026,10)
(1027,6)
(1028,6)
(1029,17)
(1031,2)
(1033,12)
(1034,3)
(1035,5)
(1168,11)
(1169,14)
(1170,9)
(1171,13)
(1173,13)
(1175,15)
(1176,7)
(1177,6)
(1180,28)
(1181,6)
(1182,17)
(1184,2)
(1186,5)
(1187,33)
(1301,2)
(1302,2)
(1303,4)
(10068,28)
(10069,17)
(10070,12)
(10071,26)
(10072,8)
(10073,6)
(10075,7)
(10076,18)
(10077,18)
(1,14)
(2,57)
(5,6)
(9,4)
(11,2)
(52,1)
(53,7)
(56,6)
(57,5)
(91,11)
(92,9)
(93,13)
(94,7)
(95,31)
(97,43)
(98,9)
(99,2)
(100,19)
(59,5)
(60,1)
(61,1)
(62,4)
(63,1)
(64,1)
(65,4)
(66,2)
(67,10)
(142,3)
(143,44)
(144,2)
(145,23)
(146,3)
(149,47)
(151,27)
(156,2)
(160,32)
(101,5)
(102,3)
(103,15)
(104,13)
(106,10)
(107,13)
(108,5)
(110,17)
(111,21)
(79,6)
(82,10)
(83,5)
(84,6)
(85,7)
(86,1)
(87,9)
(88,6)
(240,13)
(241,2)
(242,5)
(243,4)
(247,8)
(248,6)
(252,15)
(253,6)
(124,9)
(126,1)
(129,32)
(132,3)
(133,6)
(136,32)
(137,10)
(138,7)
(139,9)
(163,2)
(164,2)
(166,7)
(168,12)
(169,4)
(170,24)
(172,9)
(173,6)
(581,9)
(582,27)
(584,35)
(586,20)
(587,1)
(589,6)
(590,8)
(591,9)
(1001,34)
(230,27)
(231,11)
(232,19)
(233,14)
(234,49)
(236,20)
(237,15)
(238,21)
(239,42)
(254,17)
(255,70)
(257,7)
(259,20)
(263,51)
(265,16)
(266,6)
(267,19)
(268,38)
(1016,29)
(1018,21)
(1019,19)
(1020,6)
(1021,5)
(1022,8)
(1023,10)
(1024,13)
(571,4)
(572,4)
(573,1)
(574,18)
(575,12)
(576,2)
(577,9)
(579,29)
(1082,1)
(1084,4)
(1085,2)
(1087,12)
(1088,4)
(1089,2)
(1091,1)
(1092,10)
(1057,4)
(1061,3)
(1062,4)
(1066,4)
(1067,5)
(1068,2)
(1069,16)
(1070,26)
(1072,3)
(1002,23)
(1003,1)
(1004,4)
(1005,2)
(1006,2)
(1007,1)
(1009,1)
(1014,48)
(1015,63)
(1093,1)
(1095,1)
(1097,9)
(1103,8)
(1104,21)
(1107,24)
(1108,3)
(1111,33)
(1113,22)
(10053,4)
(10056,19)
(10057,12)
(10058,5)
(10062,12)
(10064,9)
(10065,4)
(10066,12)
(1036,13)
(1038,3)
(1039,12)
(1040,2)
(1041,3)
(1042,4)
(1043,1)
(1046,5)
(1047,6)
(10078,9)
(10079,13)
(10080,15)
(10081,8)
(10082,6)
(10084,24)
(10085,18)
(10086,9)
(10087,12)
(1114,23)
(1115,102)
(1121,2)
(1122,1)
(1123,5)
(1164,48)
(1165,58)
(1166,42)
(1167,24)
(10096,18)
(10097,22)
(10098,28)
(10099,7)
(10101,3)
(10104,17)
(10105,15)
(10106,4)
(10107,4)
(1413,25)
(1414,91)
(1415,6)
(10002,5)
(10005,5)
(10007,3)
(10013,25)
(10014,6)
(10017,1)
(1048,6)
(1049,2)
(1050,1)
(1051,6)
(1052,2)
(1053,4)
(1054,2)
(1056,2)
(1073,7)
(1074,11)
(1075,6)
(1076,2)
(1077,5)
(1078,5)
(1079,7)
(1080,14)
(1081,1)
(10414,9)
(10424,38)
(10568,12)
(10569,6)
(10571,1)
(10575,1)
(10583,2)
(10638,43)
(10108,11)
(10109,26)
(10113,8)
(10114,5)
(10115,27)
(10116,1)
(10117,9)
(10118,13)
(10119,9)
(10088,6)
(10089,6)
(10090,5)
(10091,16)
(10092,3)
(10093,42)
(10094,48)
(10095,8)
(10120,15)
(10121,15)
(10122,3)
(10123,21)
(10124,6)
(10127,21)
(10128,14)
(10130,9)
(10131,5)
(10132,12)
(10133,16)
(10134,18)
(10135,27)
(10136,24)
(10140,33)
(10141,3)
(10142,15)
(10145,49)
(10146,21)
(10403,9)
(10405,7)
(10406,19)
(10408,5)
(10409,7)
(10410,31)
(10412,1)
