(1,55)
(2,58)
(5,24)
(9,12)
(52,5)
(53,18)
(56,19)
(57,13)
(59,5)
(60,2)
(97,70)
(98,6)
(99,2)
(100,9)
(101,8)
(102,12)
(103,19)
(104,6)
(106,10)
(151,40)
(156,13)
(161,9)
(163,5)
(164,12)
(166,17)
(168,7)
(169,3)
(170,76)
(253,40)
(254,38)
(255,49)
(257,11)
(259,81)
(263,103)
(264,3)
(265,20)
(266,13)
(1033,4)
(1034,23)
(1035,14)
(1036,27)
(1037,21)
(1038,5)
(1039,12)
(1040,3)
(1041,8)
(1042,9)
(1043,8)
(1045,3)
(1046,17)
(1047,3)
(1048,7)
(1049,8)
(1050,2)
(1051,1)
(1077,11)
(1078,4)
(1079,10)
(1080,12)
(1081,17)
(1082,15)
(1083,3)
(1084,9)
(1085,15)
(1121,14)
(1122,19)
(1123,17)
(1164,12)
(1165,121)
(1166,98)
(1167,50)
(1168,14)
(1169,32)
(10086,21)
(10087,30)
(10088,12)
(10089,8)
(10090,12)
(10091,49)
(10092,8)
(10093,30)
(10094,33)
(10145,86)
(10146,57)
(10403,13)
(10405,2)
(10406,22)
(10408,23)
(10409,16)
(10410,9)
(10412,5)
(85,14)
(86,1)
(87,15)
(88,6)
(91,2)
(92,6)
(93,21)
(94,32)
(95,13)
(62,4)
(64,3)
(65,4)
(66,13)
(67,22)
(68,13)
(69,27)
(71,12)
(72,12)
(73,18)
(74,6)
(75,24)
(77,3)
(78,35)
(79,2)
(82,22)
(83,9)
(84,5)
(137,22)
(138,10)
(139,20)
(142,9)
(143,50)
(144,17)
(145,30)
(146,2)
(149,101)
(121,3)
(122,13)
(124,40)
(126,10)
(127,20)
(129,36)
(132,21)
(133,4)
(136,33)
(237,8)
(238,14)
(239,39)
(240,46)
(241,6)
(242,12)
(243,9)
(247,24)
(248,22)
(252,43)
(227,18)
(228,18)
(229,19)
(230,35)
(231,2)
(232,71)
(233,3)
(234,15)
(236,38)
(107,19)
(108,1)
(110,10)
(111,23)
(112,30)
(115,13)
(116,6)
(118,6)
(119,8)
(120,5)
(171,15)
(172,18)
(173,16)
(176,13)
(179,39)
(181,71)
(182,19)
(225,20)
(226,35)
(576,12)
(577,3)
(578,7)
(579,32)
(581,15)
(582,57)
(584,11)
(586,59)
(587,7)
(388,19)
(520,4)
(522,5)
(570,41)
(571,19)
(572,10)
(573,10)
(574,36)
(575,14)
(1087,11)
(1088,18)
(1089,8)
(1090,2)
(1091,4)
(1092,7)
(1095,3)
(1096,2)
(1097,18)
(267,2)
(268,30)
(269,26)
(270,113)
(272,17)
(274,46)
(275,24)
(277,3)
(387,5)
(1008,1)
(1009,5)
(1010,2)
(1014,112)
(1015,125)
(1016,62)
(1018,11)
(1019,8)
(1020,7)
(1021,8)
(1170,31)
(1171,121)
(1173,39)
(1175,27)
(1176,13)
(1177,12)
(1180,78)
(1181,137)
(1182,58)
(589,10)
(591,16)
(1001,69)
(1002,71)
(1003,15)
(1004,3)
(1005,14)
(1006,23)
(1007,3)
(1022,27)
(1023,15)
(1024,10)
(1025,19)
(1026,29)
(1027,9)
(1028,23)
(1029,5)
(1031,1)
(1103,12)
(1104,2)
(1107,35)
(1108,6)
(1111,10)
(1112,2)
(1113,17)
(1114,1)
(1115,45)
(1184,30)
(1186,10)
(1187,34)
(1301,27)
(1302,7)
(1303,2)
(1413,105)
(1414,163)
(1415,31)
(10002,41)
(1052,6)
(1053,3)
(1054,3)
(1055,5)
(1056,5)
(1057,9)
(1059,1)
(1061,14)
(1062,10)
(10006,27)
(10007,64)
(10014,64)
(10017,7)
(10053,5)
(10056,30)
(10057,36)
(10058,6)
(10062,24)
(10064,34)
(10065,12)
(10066,13)
(10068,24)
(10069,6)
(10070,7)
(10071,29)
(10072,32)
(10073,20)
(10095,23)
(10096,30)
(10097,41)
(10098,68)
(10099,3)
(10101,13)
(10104,28)
(10105,9)
(10106,12)
(1066,7)
(1067,4)
(1068,2)
(1069,12)
(1070,15)
(1072,9)
(1073,2)
(1074,6)
(1075,7)
(1076,10)
(10119,14)
(10120,25)
(10121,28)
(10122,7)
(10123,7)
(10124,4)
(10127,20)
(10128,13)
(10130,14)
(10075,11)
(10076,42)
(10077,43)
(10078,12)
(10079,26)
(10080,28)
(10081,4)
(10082,25)
(10085,44)
(10107,6)
(10108,28)
(10109,56)
(10111,8)
(10113,23)
(10114,1)
(10115,20)
(10116,17)
(10117,26)
(10118,18)
(10578,2)
(10579,2)
(10580,1)
(10581,3)
(10582,22)
(10583,5)
(10586,1)
(10587,3)
(10638,104)
(10131,15)
(10132,9)
(10133,69)
(10134,32)
(10135,24)
(10136,36)
(10140,51)
(10141,1)
(10142,28)
(10414,18)
(10424,32)
(10568,30)
(10569,12)
(10570,1)
(10571,1)
(10574,1)
(10575,1)
(10576,1)
