(1,75)
(2,60)
(5,2)
(9,6)
(11,5)
(52,7)
(53,9)
(56,14)
(57,4)
(93,18)
(94,8)
(95,5)
(97,24)
(98,7)
(99,5)
(100,11)
(101,7)
(143,50)
(144,17)
(145,26)
(146,5)
(149,54)
(151,18)
(156,6)
(160,1)
(161,9)
(240,6)
(241,8)
(242,5)
(243,7)
(247,12)
(248,13)
(252,38)
(253,21)
(254,26)
(1092,2)
(1093,1)
(1096,1)
(1097,10)
(1103,7)
(1104,1)
(1107,28)
(1108,2)
(1167,28)
(1168,15)
(1169,14)
(1170,21)
(1171,40)
(1173,10)
(1175,10)
(1176,8)
(1177,4)
(10056,18)
(10057,8)
(10058,6)
(10062,6)
(10064,23)
(10065,9)
(10066,11)
(10068,9)
(10069,5)
(10070,5)
(10071,14)
(10072,12)
(10073,6)
(10075,9)
(10076,15)
(10077,14)
(10078,7)
(59,3)
(60,3)
(62,2)
(63,3)
(64,6)
(65,1)
(66,6)
(67,11)
(68,9)
(102,4)
(103,9)
(104,3)
(106,9)
(107,17)
(108,2)
(110,16)
(111,13)
(112,16)
(82,14)
(83,3)
(84,2)
(85,5)
(86,2)
(87,15)
(88,8)
(91,2)
(92,5)
(129,25)
(132,8)
(133,2)
(136,14)
(137,24)
(138,7)
(139,6)
(142,3)
(163,2)
(164,3)
(166,10)
(168,3)
(170,43)
(171,12)
(172,10)
(173,2)
(69,14)
(71,5)
(72,8)
(73,12)
(74,5)
(75,5)
(78,28)
(79,3)
(115,6)
(116,3)
(118,5)
(119,2)
(120,5)
(122,3)
(124,15)
(127,6)
(128,1)
(230,14)
(232,20)
(233,7)
(234,4)
(236,23)
(237,3)
(238,5)
(239,8)
(255,44)
(257,4)
(259,23)
(263,25)
(264,4)
(265,5)
(266,10)
(267,4)
(268,10)
(578,2)
(579,12)
(581,8)
(582,28)
(584,5)
(586,15)
(587,4)
(589,6)
(520,3)
(570,11)
(571,11)
(572,2)
(573,3)
(574,19)
(575,11)
(576,10)
(577,2)
(176,10)
(179,17)
(181,25)
(182,5)
(225,5)
(226,18)
(227,12)
(228,16)
(229,3)
(1022,17)
(1023,12)
(1024,4)
(1025,1)
(1026,15)
(1027,5)
(1028,2)
(1029,1)
(1033,1)
(590,2)
(591,11)
(1001,21)
(1002,22)
(1003,3)
(1004,4)
(1005,2)
(1006,7)
(1007,2)
(269,9)
(270,41)
(272,6)
(274,31)
(275,10)
(277,1)
(387,1)
(388,4)
(1048,1)
(1050,3)
(1051,4)
(1053,3)
(1054,2)
(1055,5)
(1056,5)
(1057,4)
(1010,2)
(1014,47)
(1015,62)
(1016,27)
(1018,3)
(1019,3)
(1020,5)
(1021,2)
(1034,6)
(1035,6)
(1036,27)
(1038,1)
(1039,7)
(1041,1)
(1042,1)
(1046,2)
(1047,1)
(1111,3)
(1113,4)
(1114,1)
(1115,19)
(1121,1)
(1122,2)
(1123,7)
(1165,51)
(1166,41)
(1061,3)
(1062,4)
(1066,7)
(1067,5)
(1068,3)
(1069,9)
(1070,3)
(1072,8)
(1073,11)
(1074,5)
(1075,5)
(1076,3)
(1077,15)
(1078,8)
(1079,4)
(1080,6)
(1081,5)
(1180,26)
(1181,54)
(1182,33)
(1184,22)
(1186,4)
(1187,21)
(1301,18)
(1302,3)
(10097,23)
(10098,20)
(10099,2)
(10101,4)
(10104,4)
(10105,4)
(10106,7)
(10107,11)
(10108,13)
(1082,5)
(1083,2)
(1084,8)
(1085,2)
(1087,8)
(1088,4)
(1089,10)
(1090,3)
(1091,3)
(10119,14)
(10120,20)
(10121,12)
(10122,2)
(10123,4)
(10126,3)
(10127,11)
(10128,8)
(10130,4)
(1303,2)
(1413,35)
(1414,74)
(1415,17)
(10002,19)
(10013,5)
(10014,13)
(10017,1)
(10053,13)
(10079,16)
(10080,8)
(10081,7)
(10082,13)
(10084,7)
(10085,7)
(10086,10)
(10087,17)
(10109,14)
(10111,5)
(10113,10)
(10114,1)
(10115,20)
(10116,12)
(10117,20)
(10118,4)
(10131,6)
(10132,12)
(10133,32)
(10134,23)
(10135,19)
(10136,18)
(10140,18)
(10141,4)
(10414,12)
(10424,24)
(10568,4)
(10569,15)
(10580,2)
(10582,4)
(10584,1)
(10638,33)
(10142,20)
(10145,37)
(10146,24)
(10403,4)
(10406,9)
(10408,10)
(10409,9)
(10410,6)
(10412,2)
(10088,19)
(10089,9)
(10090,4)
(10091,21)
(10092,5)
(10093,21)
(10094,12)
(10095,14)
(10096,11)
