(91,2)
(93,2)
(95,4)
(97,3)
(98,2)
(127,2)
(129,2)
(132,1)
(133,1)
(136,1)
(182,1)
(184,3)
(226,10)
(228,4)
(229,3)
(230,3)
(263,7)
(265,1)
(266,1)
(267,1)
(268,5)
(571,2)
(574,1)
(575,1)
(576,1)
(579,3)
(582,1)
(1006,1)
(1014,5)
(1015,6)
(1016,6)
(1018,1)
(1053,2)
(1066,2)
(1067,1)
(1070,2)
(1072,2)
(1073,1)
(1075,2)
(1076,1)
(1080,1)
(1081,1)
(1087,2)
(10106,1)
(10108,1)
(10109,1)
(10114,1)
(10116,1)
(10127,3)
(10128,3)
(10130,2)
(10133,4)
(10134,3)
(10140,2)
(10142,4)
(10145,11)
(10146,6)
(10406,4)
(10408,1)
(1,1)
(2,7)
(52,1)
(53,1)
(56,1)
(57,2)
(100,1)
(101,2)
(102,2)
(103,2)
(104,3)
(74,3)
(75,1)
(78,6)
(82,2)
(85,1)
(87,3)
(116,1)
(118,2)
(120,1)
(121,1)
(124,1)
(62,1)
(64,1)
(68,1)
(69,3)
(72,3)
(137,3)
(138,1)
(143,3)
(144,4)
(145,4)
(149,6)
(172,2)
(173,4)
(176,2)
(179,1)
(181,4)
(106,1)
(107,2)
(110,2)
(111,1)
(112,2)
(115,2)
(232,3)
(233,2)
(234,4)
(236,6)
(239,1)
(252,2)
(253,1)
(254,7)
(255,6)
(257,1)
(259,8)
(269,1)
(270,6)
(272,3)
(274,5)
(275,2)
(163,3)
(164,2)
(166,2)
(170,4)
(171,2)
(1187,7)
(1301,2)
(1413,8)
(1414,10)
(1415,2)
(10002,8)
(586,1)
(589,3)
(1001,2)
(1002,4)
(1003,1)
(240,3)
(241,1)
(242,1)
(243,1)
(248,2)
(1170,1)
(1171,12)
(1173,1)
(1175,3)
(1176,1)
(10005,2)
(10006,4)
(10007,2)
(10014,6)
(10053,2)
(1020,1)
(1023,1)
(1024,1)
(1025,1)
(1027,1)
(1034,1)
(1177,2)
(1180,5)
(1181,9)
(1182,2)
(1184,2)
(10056,2)
(10057,3)
(10062,2)
(10065,4)
(10066,3)
(1035,1)
(1036,2)
(1042,2)
(1046,3)
(1051,1)
(10091,4)
(10093,2)
(10094,2)
(10095,2)
(10096,2)
(10105,1)
(10069,1)
(10070,2)
(10071,2)
(10073,2)
(10075,1)
(10076,2)
(10409,1)
(10412,1)
(10414,2)
(10424,3)
(10638,6)
(1097,1)
(1103,1)
(1107,2)
(1108,1)
(1114,1)
(1115,4)
(1121,1)
(1165,6)
(1166,12)
(1167,7)
(1168,4)
(10077,2)
(10078,1)
(10079,2)
(10080,2)
(10081,1)
(10082,4)
(10086,4)
(10087,3)
(10088,2)
(10089,1)
(10117,2)
(10118,2)
(10120,2)
(10121,4)
(10122,1)
