(57,4)
(66,1)
(67,1)
(68,3)
(69,9)
(71,2)
(72,1)
(106,3)
(107,6)
(108,1)
(110,6)
(111,3)
(112,7)
(115,8)
(161,4)
(163,1)
(164,1)
(166,3)
(168,1)
(169,2)
(170,5)
(243,4)
(247,4)
(248,1)
(252,7)
(253,2)
(254,2)
(255,8)
(1006,3)
(1009,2)
(1010,1)
(1014,9)
(1015,14)
(1016,13)
(1018,4)
(1073,4)
(1076,1)
(1077,1)
(1079,1)
(1080,2)
(1081,2)
(1082,1)
(1167,12)
(1168,5)
(1169,2)
(1170,2)
(1171,9)
(1173,2)
(1175,8)
(10056,2)
(10057,5)
(10058,2)
(10062,3)
(10064,5)
(10066,6)
(10068,5)
(10107,1)
(10108,8)
(10109,5)
(10113,1)
(10115,2)
(10116,2)
(10117,2)
(10128,7)
(10130,2)
(10131,3)
(10132,4)
(10133,14)
(10134,5)
(10135,1)
(1,8)
(2,21)
(5,1)
(9,1)
(52,3)
(53,5)
(56,7)
(97,7)
(98,4)
(100,5)
(101,1)
(102,1)
(103,4)
(73,2)
(74,1)
(78,11)
(79,1)
(82,4)
(84,3)
(85,1)
(87,11)
(88,2)
(91,1)
(92,1)
(93,5)
(94,3)
(95,4)
(118,3)
(119,1)
(122,1)
(124,2)
(127,1)
(129,3)
(132,1)
(144,1)
(145,5)
(146,1)
(149,25)
(156,2)
(160,1)
(133,1)
(136,1)
(137,6)
(138,2)
(139,4)
(142,2)
(143,12)
(226,8)
(229,2)
(230,4)
(231,1)
(232,8)
(233,3)
(234,3)
(171,2)
(172,3)
(176,4)
(179,7)
(181,15)
(182,2)
(184,2)
(236,8)
(237,1)
(239,3)
(240,3)
(241,2)
(242,7)
(259,5)
(263,14)
(265,6)
(266,1)
(267,2)
(269,5)
(270,14)
(272,3)
(274,3)
(275,8)
(277,1)
(520,2)
(571,2)
(572,1)
(574,2)
(576,1)
(578,1)
(579,9)
(582,4)
(584,5)
(586,1)
(587,1)
(589,1)
(1001,3)
(1002,7)
(1003,4)
(1005,1)
(1108,2)
(1113,4)
(1115,3)
(1121,1)
(1123,2)
(1165,12)
(1166,10)
(1043,1)
(1045,1)
(1046,2)
(1049,2)
(1051,1)
(1052,2)
(1056,3)
(1019,1)
(1020,1)
(1022,5)
(1023,3)
(1025,2)
(1026,3)
(1027,1)
(1176,1)
(1177,1)
(1180,5)
(1181,14)
(1182,6)
(1184,4)
(1186,4)
(1061,1)
(1062,2)
(1066,1)
(1067,1)
(1068,1)
(1069,2)
(1072,2)
(1028,1)
(1033,1)
(1034,1)
(1035,1)
(1036,13)
(1039,1)
(1187,5)
(1301,7)
(1303,1)
(1413,11)
(1414,28)
(1415,5)
(1084,1)
(1088,2)
(1089,2)
(1097,2)
(1103,2)
(1107,7)
(10002,14)
(10005,4)
(10006,8)
(10007,3)
(10013,1)
(10014,3)
(10053,9)
(10069,3)
(10070,1)
(10071,6)
(10072,6)
(10073,2)
(10075,3)
(10076,8)
(10077,8)
(10078,4)
(10079,2)
(10080,2)
(10081,2)
(10082,5)
(10086,10)
(10087,8)
(10088,3)
(10089,2)
(10091,12)
(10092,2)
(10093,6)
(10094,4)
(10095,2)
(10097,8)
(10098,6)
(10104,1)
(10105,2)
(10106,1)
(10136,2)
(10140,6)
(10142,7)
(10145,12)
(10146,11)
(10406,4)
(10408,1)
(10118,4)
(10119,2)
(10120,5)
(10121,2)
(10122,4)
(10127,4)
(10409,2)
(10410,3)
(10424,10)
(10568,3)
(10569,2)
(10638,9)
