(1,8)
(2,37)
(5,7)
(9,1)
(52,3)
(53,3)
(56,3)
(57,5)
(95,3)
(97,11)
(98,2)
(99,1)
(100,7)
(101,3)
(102,3)
(103,2)
(144,11)
(145,14)
(149,34)
(160,2)
(161,4)
(164,2)
(166,4)
(168,2)
(247,9)
(248,4)
(252,20)
(253,4)
(254,20)
(255,10)
(257,1)
(259,7)
(581,1)
(582,9)
(584,3)
(586,3)
(587,3)
(589,1)
(1001,5)
(1002,12)
(1039,1)
(1040,1)
(1041,1)
(1042,4)
(1045,2)
(1046,3)
(1049,1)
(1050,2)
(1084,2)
(1085,1)
(1087,4)
(1088,1)
(1089,7)
(1090,1)
(1093,1)
(1096,1)
(10002,18)
(10005,5)
(10006,7)
(10014,5)
(10053,3)
(10056,2)
(10057,15)
(10058,3)
(10109,2)
(10111,2)
(10113,3)
(10114,2)
(10115,5)
(10116,2)
(10117,7)
(10118,6)
(10410,7)
(10414,6)
(10424,7)
(10568,1)
(10569,3)
(10582,2)
(10638,13)
(83,3)
(85,1)
(86,1)
(87,9)
(88,3)
(91,5)
(93,10)
(94,4)
(59,2)
(60,1)
(62,1)
(63,1)
(64,4)
(67,2)
(68,8)
(69,8)
(129,19)
(132,2)
(136,13)
(137,7)
(138,1)
(139,8)
(142,1)
(143,16)
(104,8)
(106,9)
(107,14)
(108,1)
(110,2)
(111,6)
(112,14)
(236,10)
(237,6)
(238,2)
(239,2)
(240,8)
(242,7)
(243,4)
(572,2)
(573,1)
(574,6)
(575,3)
(576,2)
(577,1)
(578,1)
(579,5)
(71,1)
(72,4)
(73,1)
(74,1)
(75,2)
(78,17)
(79,2)
(82,12)
(169,1)
(170,16)
(171,6)
(172,5)
(173,3)
(176,6)
(179,7)
(181,16)
(1067,1)
(1068,2)
(1069,9)
(1070,7)
(1072,5)
(1073,6)
(1074,1)
(263,9)
(265,1)
(266,2)
(267,1)
(268,6)
(269,2)
(270,13)
(272,7)
(115,4)
(118,1)
(119,3)
(120,1)
(121,1)
(122,5)
(124,4)
(127,2)
(1097,2)
(1103,3)
(1107,17)
(1108,2)
(1111,1)
(1113,1)
(1114,1)
(1115,9)
(1051,2)
(1052,2)
(1055,1)
(1057,2)
(1059,1)
(1061,1)
(1062,2)
(1066,5)
(10062,2)
(10064,8)
(10065,4)
(10066,17)
(10068,7)
(10069,6)
(10070,4)
(10071,6)
(184,2)
(226,7)
(228,6)
(230,13)
(231,1)
(232,8)
(233,1)
(234,7)
(1075,9)
(1076,2)
(1077,4)
(1078,2)
(1079,3)
(1080,7)
(1081,3)
(1082,3)
(274,16)
(275,14)
(387,1)
(388,3)
(520,1)
(522,2)
(570,1)
(571,1)
(10072,11)
(10073,2)
(10075,3)
(10076,7)
(10077,11)
(10078,6)
(10079,3)
(10080,1)
(1004,1)
(1006,4)
(1007,1)
(1014,17)
(1015,11)
(1016,13)
(1018,3)
(1165,18)
(1166,17)
(1167,17)
(1168,6)
(1169,5)
(1170,7)
(1171,11)
(1173,3)
(1019,3)
(1020,3)
(1021,1)
(1022,6)
(1023,13)
(1024,1)
(1025,2)
(1026,4)
(1175,6)
(1176,2)
(1177,8)
(1180,8)
(1181,18)
(1182,14)
(1184,8)
(1186,4)
(1027,2)
(1028,2)
(1029,2)
(1033,1)
(1034,2)
(1035,2)
(1036,9)
(1038,2)
(10091,10)
(10092,1)
(10093,8)
(10094,6)
(10095,6)
(10096,2)
(10097,1)
(10098,4)
(1187,13)
(1301,10)
(1302,2)
(1303,1)
(1413,26)
(1414,39)
(1415,7)
(10099,1)
(10101,1)
(10104,1)
(10105,7)
(10106,2)
(10107,2)
(10108,9)
(10081,6)
(10082,4)
(10085,6)
(10086,5)
(10087,12)
(10088,7)
(10089,9)
(10090,3)
(10142,15)
(10145,20)
(10146,11)
(10403,1)
(10405,2)
(10406,12)
(10408,2)
(10409,4)
(10119,3)
(10120,14)
(10121,8)
(10122,1)
(10123,2)
(10124,5)
(10127,3)
(10128,5)
(10130,3)
(10131,6)
(10132,5)
(10133,9)
(10134,8)
(10135,4)
(10136,3)
(10140,9)
