(62,3)
(63,7)
(64,5)
(65,11)
(66,7)
(67,16)
(68,31)
(69,38)
(71,3)
(106,54)
(107,28)
(108,2)
(110,70)
(111,37)
(112,22)
(115,7)
(116,39)
(118,6)
(169,4)
(170,133)
(171,12)
(172,4)
(173,5)
(176,29)
(179,10)
(181,47)
(182,37)
(263,98)
(264,4)
(265,54)
(266,9)
(267,30)
(268,153)
(269,25)
(270,104)
(272,32)
(1114,37)
(1115,172)
(1121,5)
(1122,55)
(1123,8)
(1165,163)
(1166,135)
(1167,85)
(1168,49)
(1169,45)
(1170,28)
(1171,77)
(1173,26)
(1175,40)
(1176,24)
(1177,18)
(1180,179)
(1181,9)
(1182,31)
(1184,11)
(1186,13)
(1187,116)
(1301,5)
(1302,6)
(1303,14)
(1413,64)
(1414,263)
(1415,31)
(10002,19)
(10005,10)
(10006,34)
(10007,2)
(10013,68)
(10014,7)
(10017,18)
(10053,4)
(10135,14)
(10136,77)
(10140,13)
(10141,10)
(10142,19)
(10145,91)
(10146,103)
(10403,50)
(10405,2)
(10570,2)
(10571,2)
(10574,1)
(10575,12)
(10580,11)
(10581,3)
(10582,2)
(10638,55)
(72,5)
(73,20)
(74,4)
(75,3)
(77,5)
(78,61)
(79,19)
(82,5)
(83,9)
(84,14)
(85,31)
(86,1)
(87,23)
(88,50)
(91,14)
(92,33)
(93,37)
(94,23)
(119,67)
(120,14)
(121,16)
(122,36)
(124,23)
(126,3)
(127,2)
(129,94)
(132,4)
(133,12)
(136,54)
(137,69)
(138,30)
(139,69)
(142,21)
(143,149)
(144,37)
(145,106)
(184,30)
(225,10)
(226,130)
(227,18)
(228,114)
(229,39)
(230,85)
(231,37)
(232,103)
(1,116)
(2,108)
(5,101)
(9,11)
(52,3)
(53,32)
(56,18)
(57,2)
(59,10)
(61,7)
(95,49)
(97,79)
(98,19)
(99,13)
(100,24)
(101,32)
(102,20)
(103,22)
(104,12)
(233,56)
(234,117)
(236,64)
(237,87)
(238,59)
(239,28)
(240,33)
(241,13)
(242,12)
(274,82)
(275,40)
(277,5)
(387,2)
(388,9)
(520,4)
(570,58)
(571,13)
(572,9)
(573,7)
(574,56)
(575,13)
(576,8)
(577,10)
(578,9)
(579,242)
(581,14)
(582,49)
(146,3)
(149,138)
(151,89)
(156,37)
(160,16)
(163,4)
(164,12)
(166,20)
(168,15)
(1007,5)
(1008,2)
(1009,3)
(1010,1)
(1014,158)
(1015,248)
(1016,138)
(1018,16)
(1019,25)
(243,38)
(247,64)
(248,21)
(252,108)
(253,30)
(254,38)
(255,83)
(257,15)
(259,79)
(1050,3)
(1051,12)
(1052,10)
(1053,23)
(1054,7)
(1055,5)
(1056,6)
(1057,19)
(1059,4)
(1020,11)
(1021,31)
(1022,42)
(1023,64)
(1024,17)
(1025,35)
(1026,25)
(1027,6)
(1028,3)
(584,58)
(586,32)
(587,3)
(589,1)
(1001,163)
(1002,145)
(1004,14)
(1005,6)
(1006,14)
(1040,14)
(1041,23)
(1042,33)
(1043,15)
(1045,2)
(1046,31)
(1047,10)
(1048,24)
(1049,23)
(1061,26)
(1062,29)
(1066,15)
(1067,11)
(1068,7)
(1069,25)
(1070,49)
(1072,10)
(1073,10)
(1029,45)
(1031,22)
(1033,28)
(1034,22)
(1035,3)
(1036,62)
(1037,61)
(1038,8)
(1039,37)
(1096,1)
(1097,15)
(1103,35)
(1104,65)
(1107,93)
(1108,13)
(1111,92)
(1112,1)
(1113,102)
(10070,24)
(10071,98)
(10072,18)
(10073,19)
(10075,11)
(10076,6)
(10077,9)
(10078,25)
(10079,18)
(10080,106)
(10081,58)
(10082,13)
(10085,9)
(10086,61)
(10087,56)
(10088,29)
(10089,23)
(10090,4)
(10056,86)
(10057,105)
(10058,11)
(10062,46)
(10064,54)
(10065,38)
(10066,26)
(10068,4)
(10069,44)
(1074,16)
(1075,15)
(1076,8)
(1077,9)
(1078,7)
(1079,3)
(1080,7)
(1081,14)
(1082,6)
(1083,9)
(1084,14)
(1085,13)
(1087,36)
(1088,24)
(1089,14)
(1091,12)
(1092,23)
(1093,14)
(10091,10)
(10092,15)
(10093,113)
(10094,11)
(10095,15)
(10096,16)
(10097,20)
(10098,18)
(10099,36)
(10101,7)
(10104,34)
(10105,5)
(10106,5)
(10107,3)
(10108,35)
(10109,123)
(10111,13)
(10113,35)
(10114,10)
(10115,65)
(10116,2)
(10117,101)
(10118,37)
(10119,37)
(10120,16)
(10121,8)
(10122,25)
(10123,7)
(10124,3)
(10127,111)
(10128,23)
(10130,12)
(10131,15)
(10132,10)
(10133,38)
(10134,57)
(10406,15)
(10408,16)
(10409,35)
(10410,105)
(10412,3)
(10414,7)
(10424,7)
(10568,82)
(10569,15)
