(59,2)
(62,1)
(63,1)
(64,1)
(66,5)
(67,6)
(68,10)
(69,10)
(104,9)
(106,8)
(107,12)
(110,6)
(111,8)
(112,18)
(115,6)
(116,7)
(164,9)
(166,11)
(168,3)
(169,2)
(170,27)
(171,14)
(172,6)
(173,5)
(254,10)
(255,22)
(257,6)
(259,15)
(263,23)
(264,2)
(265,12)
(266,2)
(267,2)
(590,3)
(591,13)
(1001,21)
(1002,11)
(1003,3)
(1004,2)
(1006,3)
(1007,1)
(1014,34)
(1070,8)
(1072,7)
(1073,6)
(1074,5)
(1075,7)
(1076,5)
(1077,6)
(1078,6)
(1108,5)
(1111,4)
(1113,6)
(1114,2)
(1115,18)
(1121,5)
(1123,1)
(1165,38)
(1166,34)
(10068,6)
(10069,3)
(10071,16)
(10072,18)
(10073,6)
(10075,5)
(10076,18)
(10077,7)
(10078,9)
(10108,12)
(10109,9)
(10111,6)
(10113,6)
(10115,6)
(10116,4)
(10117,15)
(10118,6)
(10119,9)
(84,1)
(85,6)
(86,1)
(87,18)
(88,2)
(91,4)
(92,5)
(93,11)
(132,6)
(133,2)
(136,15)
(137,13)
(138,13)
(139,11)
(142,3)
(143,31)
(1,58)
(2,46)
(5,5)
(9,1)
(11,1)
(52,2)
(53,5)
(56,12)
(57,3)
(71,4)
(72,4)
(73,7)
(74,6)
(75,13)
(78,12)
(79,1)
(82,18)
(83,3)
(94,9)
(95,13)
(97,22)
(98,5)
(99,2)
(100,4)
(101,7)
(102,4)
(103,13)
(230,16)
(231,1)
(232,26)
(233,2)
(234,6)
(236,10)
(237,2)
(238,4)
(239,5)
(118,3)
(119,1)
(120,1)
(121,1)
(122,5)
(124,9)
(126,2)
(127,5)
(129,11)
(520,2)
(570,4)
(571,10)
(572,3)
(573,3)
(574,8)
(575,5)
(576,6)
(577,3)
(144,8)
(145,22)
(146,1)
(149,49)
(151,16)
(156,1)
(160,2)
(161,5)
(163,2)
(176,12)
(179,21)
(181,46)
(182,6)
(226,5)
(227,1)
(228,4)
(229,6)
(240,8)
(241,6)
(242,9)
(243,7)
(247,5)
(248,1)
(252,24)
(253,12)
(578,3)
(579,8)
(581,4)
(582,28)
(584,8)
(586,11)
(587,3)
(589,9)
(1024,6)
(1025,2)
(1026,15)
(1027,8)
(1028,5)
(1029,4)
(1031,3)
(1033,1)
(1015,42)
(1016,30)
(1018,3)
(1019,1)
(1020,1)
(1021,3)
(1022,11)
(1023,13)
(268,6)
(269,3)
(270,22)
(272,7)
(274,19)
(275,13)
(277,1)
(388,2)
(1055,2)
(1056,2)
(1057,2)
(1059,1)
(1061,5)
(1062,2)
(1066,1)
(1067,2)
(1069,7)
(1079,4)
(1080,9)
(1081,7)
(1082,8)
(1083,2)
(1084,3)
(1085,2)
(1087,9)
(1088,4)
(1034,5)
(1035,4)
(1036,18)
(1037,1)
(1038,4)
(1039,5)
(1041,1)
(1042,2)
(1043,2)
(1089,5)
(1090,2)
(1092,1)
(1093,1)
(1097,6)
(1103,5)
(1104,2)
(1107,17)
(1303,2)
(1413,19)
(1414,51)
(1415,7)
(10002,22)
(10007,10)
(10014,11)
(10017,5)
(1046,6)
(1047,1)
(1049,2)
(1050,5)
(1051,3)
(1052,1)
(1053,1)
(1054,2)
(1167,16)
(1168,5)
(1169,15)
(1170,11)
(1171,27)
(1173,5)
(1175,12)
(1176,5)
(10079,12)
(10080,13)
(10081,4)
(10082,9)
(10084,3)
(10085,12)
(10086,6)
(10087,6)
(1177,5)
(1180,21)
(1181,26)
(1182,17)
(1184,12)
(1186,3)
(1187,18)
(1301,12)
(1302,3)
(10120,15)
(10121,10)
(10122,2)
(10123,5)
(10124,3)
(10126,4)
(10127,8)
(10128,4)
(10088,6)
(10089,5)
(10090,2)
(10091,15)
(10092,2)
(10093,16)
(10094,18)
(10095,9)
(10096,9)
(10053,4)
(10056,10)
(10057,8)
(10058,6)
(10062,14)
(10064,16)
(10065,3)
(10066,8)
(10130,3)
(10131,10)
(10132,9)
(10133,14)
(10134,8)
(10135,9)
(10136,8)
(10140,12)
(10142,15)
(10097,10)
(10098,24)
(10099,4)
(10101,2)
(10104,6)
(10105,3)
(10106,6)
(10107,5)
(10145,28)
(10146,16)
(10403,3)
(10405,2)
(10406,6)
(10408,3)
(10409,5)
(10410,12)
(10412,2)
(10414,11)
(10424,29)
(10568,5)
(10569,3)
(10580,2)
(10582,2)
(10638,33)
