(59,3)
(60,3)
(62,1)
(64,2)
(66,7)
(67,4)
(68,5)
(69,13)
(72,4)
(110,10)
(111,12)
(112,16)
(115,7)
(116,7)
(118,5)
(119,3)
(120,1)
(170,29)
(171,12)
(172,10)
(173,3)
(176,9)
(179,24)
(181,25)
(182,11)
(225,2)
(264,5)
(265,7)
(266,3)
(267,5)
(268,4)
(269,6)
(270,27)
(272,6)
(582,25)
(584,11)
(586,13)
(587,4)
(589,7)
(590,3)
(591,16)
(1001,13)
(1002,13)
(1003,5)
(1005,1)
(1006,7)
(1008,1)
(1009,1)
(1014,37)
(1015,54)
(1016,25)
(1039,7)
(1040,1)
(1041,2)
(1042,3)
(1043,1)
(1045,1)
(1046,4)
(1047,3)
(1049,5)
(10070,1)
(10071,16)
(10072,22)
(10073,7)
(10075,6)
(10076,21)
(10077,12)
(10078,10)
(10079,13)
(10089,7)
(10090,6)
(10091,28)
(10092,7)
(10093,28)
(10094,10)
(10095,9)
(10096,10)
(10097,15)
(10131,17)
(10132,8)
(10133,27)
(10134,16)
(10135,15)
(10136,21)
(10140,26)
(10141,1)
(1,47)
(2,57)
(5,6)
(9,1)
(11,4)
(52,5)
(53,4)
(56,14)
(57,11)
(98,5)
(99,5)
(100,8)
(101,5)
(102,8)
(103,12)
(104,5)
(106,8)
(107,17)
(73,10)
(74,3)
(75,8)
(78,15)
(79,2)
(82,14)
(83,4)
(84,4)
(151,13)
(156,4)
(161,5)
(163,3)
(164,4)
(166,12)
(168,3)
(169,1)
(121,2)
(122,6)
(124,9)
(126,1)
(127,8)
(129,12)
(132,5)
(133,3)
(136,20)
(85,5)
(87,13)
(88,2)
(91,3)
(92,9)
(93,9)
(94,16)
(95,8)
(97,27)
(247,5)
(248,17)
(252,38)
(253,16)
(254,8)
(255,37)
(257,2)
(259,17)
(263,24)
(226,15)
(227,4)
(228,9)
(229,3)
(230,13)
(231,1)
(232,14)
(233,2)
(137,13)
(138,10)
(139,12)
(142,3)
(143,49)
(144,13)
(145,23)
(146,3)
(149,57)
(1018,2)
(1019,1)
(1020,2)
(1021,3)
(1022,15)
(1023,8)
(1024,6)
(1025,4)
(234,5)
(236,19)
(237,3)
(238,2)
(239,6)
(240,9)
(241,2)
(242,10)
(243,5)
(274,29)
(275,19)
(277,2)
(387,3)
(388,4)
(520,4)
(522,2)
(570,7)
(571,4)
(1061,1)
(1062,6)
(1066,5)
(1067,5)
(1068,10)
(1069,10)
(1070,5)
(1072,15)
(1073,3)
(572,5)
(573,3)
(574,10)
(575,10)
(576,5)
(577,1)
(578,4)
(579,9)
(581,3)
(1026,8)
(1027,3)
(1028,2)
(1029,1)
(1032,1)
(1034,4)
(1035,3)
(1036,19)
(1038,3)
(1181,33)
(1182,16)
(1184,19)
(1186,8)
(1187,15)
(1301,19)
(1302,4)
(1303,4)
(1413,32)
(1083,3)
(1084,4)
(1085,6)
(1087,10)
(1088,7)
(1089,8)
(1090,1)
(1091,2)
(1050,1)
(1051,2)
(1052,1)
(1053,2)
(1054,1)
(1055,2)
(1056,6)
(1057,4)
(10056,19)
(10057,11)
(10058,4)
(10062,7)
(10064,13)
(10065,5)
(10066,9)
(10068,9)
(10069,5)
(1113,6)
(1114,3)
(1115,17)
(1121,5)
(1123,8)
(1165,32)
(1166,31)
(1167,17)
(1074,3)
(1075,5)
(1076,2)
(1077,9)
(1078,6)
(1079,7)
(1080,10)
(1081,10)
(1082,2)
(10080,17)
(10081,1)
(10082,11)
(10084,6)
(10085,10)
(10086,10)
(10087,29)
(10088,10)
(1168,6)
(1169,14)
(1170,19)
(1171,33)
(1173,6)
(1175,9)
(1176,3)
(1177,4)
(1180,23)
(1092,1)
(1096,1)
(1097,8)
(1103,4)
(1104,4)
(1107,22)
(1108,2)
(1111,3)
(1112,1)
(10098,21)
(10099,5)
(10101,4)
(10104,7)
(10105,5)
(10106,8)
(10107,7)
(10108,8)
(1414,65)
(1415,13)
(10002,23)
(10007,3)
(10013,3)
(10014,22)
(10017,4)
(10053,9)
(10109,10)
(10111,4)
(10113,10)
(10114,3)
(10115,8)
(10116,7)
(10117,11)
(10118,8)
(10119,12)
(10142,20)
(10145,28)
(10146,32)
(10403,4)
(10405,3)
(10406,14)
(10408,6)
(10409,13)
(10410,4)
(10120,22)
(10121,15)
(10122,6)
(10123,4)
(10124,2)
(10126,4)
(10127,11)
(10128,9)
(10130,2)
(10412,1)
(10414,10)
(10424,23)
(10568,11)
(10569,14)
(10582,4)
(10583,2)
(10638,36)
