(1,5)
(2,104)
(5,59)
(9,9)
(11,6)
(52,2)
(53,13)
(56,11)
(57,9)
(59,4)
(94,27)
(95,48)
(97,115)
(98,7)
(99,3)
(100,18)
(101,17)
(102,6)
(103,2)
(104,22)
(146,8)
(149,65)
(151,42)
(156,25)
(160,26)
(161,2)
(163,2)
(164,10)
(166,14)
(247,17)
(248,32)
(252,49)
(253,28)
(254,34)
(255,75)
(257,10)
(259,98)
(263,148)
(1074,14)
(1075,9)
(1076,12)
(1077,10)
(1078,11)
(1079,7)
(1080,6)
(1081,5)
(1082,5)
(1093,10)
(1096,2)
(1097,25)
(1103,9)
(1104,16)
(1107,41)
(1108,10)
(1111,90)
(1113,62)
(1114,25)
(1169,22)
(1170,11)
(1171,36)
(1173,46)
(1175,52)
(1176,45)
(1177,40)
(1180,217)
(1181,11)
(10072,19)
(10073,16)
(10075,17)
(10076,25)
(10077,23)
(10078,8)
(10079,61)
(10080,52)
(10081,10)
(10127,55)
(10128,32)
(10130,35)
(10131,12)
(10132,22)
(10133,103)
(10134,24)
(10135,31)
(10136,36)
(10572,1)
(10574,5)
(10576,2)
(10578,5)
(10579,1)
(10581,1)
(10582,3)
(10585,1)
(10586,3)
(82,19)
(83,3)
(84,6)
(85,16)
(87,15)
(88,22)
(91,15)
(92,25)
(93,31)
(60,1)
(61,4)
(62,4)
(63,6)
(64,10)
(65,6)
(66,4)
(67,14)
(68,17)
(69,46)
(71,11)
(72,14)
(73,45)
(74,3)
(75,17)
(77,6)
(78,28)
(79,12)
(133,12)
(136,44)
(137,31)
(138,22)
(139,39)
(142,10)
(143,69)
(144,15)
(145,35)
(106,13)
(107,32)
(108,6)
(110,34)
(111,25)
(112,24)
(115,11)
(116,21)
(118,1)
(234,105)
(236,37)
(237,57)
(238,53)
(239,84)
(240,40)
(241,21)
(242,11)
(243,15)
(119,10)
(120,7)
(121,18)
(122,18)
(124,26)
(126,7)
(127,7)
(129,47)
(132,28)
(168,9)
(169,3)
(170,56)
(171,2)
(172,12)
(173,10)
(176,24)
(179,3)
(181,34)
(182,22)
(225,32)
(226,152)
(227,22)
(228,93)
(229,45)
(230,55)
(231,50)
(232,59)
(233,55)
(575,19)
(576,5)
(577,3)
(578,1)
(579,142)
(581,11)
(582,34)
(584,32)
(586,66)
(264,2)
(265,37)
(266,16)
(267,31)
(268,176)
(269,28)
(270,118)
(272,35)
(274,104)
(1007,1)
(1008,2)
(1009,2)
(1010,1)
(1014,135)
(1015,152)
(1016,118)
(1018,13)
(1019,33)
(275,46)
(277,10)
(387,2)
(388,22)
(520,7)
(570,65)
(571,9)
(572,11)
(573,5)
(574,44)
(1020,16)
(1021,11)
(1022,19)
(1023,23)
(1024,16)
(1025,58)
(1026,15)
(1027,14)
(1028,7)
(587,1)
(589,12)
(591,20)
(1001,77)
(1002,172)
(1003,1)
(1004,7)
(1005,8)
(1006,46)
(1029,23)
(1031,7)
(1032,2)
(1033,33)
(1034,19)
(1035,8)
(1036,19)
(1037,30)
(1038,3)
(1050,4)
(1051,2)
(1052,3)
(1053,7)
(1054,2)
(1055,3)
(1056,2)
(1057,7)
(1059,2)
(1039,15)
(1040,14)
(1041,20)
(1042,10)
(1043,9)
(1045,3)
(1046,15)
(1047,3)
(1048,31)
(1049,8)
(1061,15)
(1062,17)
(1066,11)
(1067,5)
(1068,2)
(1069,8)
(1070,27)
(1072,5)
(1073,8)
(1083,6)
(1084,12)
(1085,19)
(1087,43)
(1088,18)
(1089,12)
(1090,1)
(1091,28)
(1092,42)
(1115,150)
(1121,6)
(1122,31)
(1123,6)
(1164,78)
(1165,147)
(1166,133)
(1167,69)
(1168,31)
(1182,27)
(1184,9)
(1186,45)
(1187,96)
(1301,3)
(1302,3)
(1303,8)
(1413,41)
(1414,201)
(10057,77)
(10058,8)
(10062,27)
(10064,30)
(10065,19)
(10066,22)
(10068,26)
(10069,31)
(10070,35)
(10071,58)
(10092,6)
(10093,85)
(10094,42)
(10095,26)
(10096,48)
(10097,141)
(10098,36)
(10099,14)
(10101,49)
(1415,103)
(10002,20)
(10005,6)
(10007,3)
(10013,107)
(10014,6)
(10017,4)
(10053,7)
(10056,47)
(10104,28)
(10105,27)
(10106,18)
(10107,11)
(10108,16)
(10109,68)
(10111,12)
(10113,36)
(10114,12)
(10115,51)
(10116,12)
(10117,37)
(10118,52)
(10119,7)
(10120,27)
(10121,17)
(10122,11)
(10123,29)
(10124,9)
(10082,38)
(10084,35)
(10085,37)
(10086,23)
(10087,34)
(10088,7)
(10089,38)
(10090,30)
(10091,35)
(10140,62)
(10141,10)
(10142,37)
(10145,123)
(10146,72)
(10403,21)
(10405,28)
(10406,45)
(10408,11)
(10409,37)
(10410,79)
(10412,6)
(10414,24)
(10424,31)
(10568,39)
(10569,9)
(10570,1)
(10571,12)
