(83,8)
(84,11)
(85,14)
(86,2)
(87,20)
(88,12)
(91,3)
(92,14)
(93,22)
(132,14)
(133,3)
(136,34)
(137,29)
(138,16)
(139,19)
(142,7)
(143,58)
(144,22)
(231,4)
(232,36)
(233,10)
(234,3)
(236,22)
(237,10)
(238,13)
(239,24)
(240,59)
(571,17)
(572,11)
(573,4)
(574,30)
(575,21)
(576,13)
(577,3)
(578,9)
(579,25)
(581,9)
(582,50)
(584,16)
(586,51)
(587,9)
(589,7)
(1001,49)
(1002,67)
(1003,13)
(1027,12)
(1028,25)
(1029,10)
(1031,5)
(1033,4)
(1034,25)
(1035,7)
(1036,30)
(1037,26)
(1038,3)
(1039,10)
(1040,6)
(1041,3)
(1042,13)
(1043,6)
(1045,2)
(1046,25)
(1047,1)
(1048,3)
(1049,4)
(1050,5)
(1052,3)
(1053,2)
(1054,1)
(1055,7)
(1056,4)
(1057,4)
(10089,14)
(10090,1)
(10091,50)
(10092,8)
(10093,22)
(10094,18)
(10095,25)
(10096,34)
(10097,40)
(10098,47)
(10099,3)
(10101,21)
(10104,21)
(10105,11)
(10106,4)
(10107,2)
(10108,20)
(10109,36)
(10121,16)
(10122,3)
(10123,11)
(10124,5)
(10127,21)
(10128,17)
(10130,11)
(10131,21)
(10132,14)
(10568,29)
(10569,12)
(10570,1)
(10579,4)
(10580,2)
(10582,17)
(10583,2)
(10586,1)
(10638,103)
(71,9)
(72,10)
(73,13)
(74,7)
(75,16)
(77,3)
(78,28)
(79,11)
(82,17)
(118,6)
(119,6)
(120,6)
(121,4)
(122,12)
(124,34)
(126,9)
(127,10)
(129,44)
(1,36)
(2,53)
(5,17)
(9,12)
(52,13)
(53,10)
(56,21)
(57,23)
(59,3)
(60,5)
(181,61)
(182,14)
(202,1)
(225,23)
(226,37)
(227,11)
(228,31)
(229,10)
(230,30)
(94,28)
(95,10)
(97,56)
(98,4)
(99,1)
(100,10)
(101,9)
(102,7)
(103,22)
(61,1)
(62,7)
(63,4)
(64,11)
(65,2)
(66,8)
(67,11)
(68,13)
(69,25)
(104,5)
(106,15)
(107,21)
(108,1)
(110,26)
(111,23)
(112,29)
(115,15)
(116,4)
(272,19)
(274,48)
(275,14)
(277,2)
(387,7)
(388,13)
(520,2)
(522,3)
(570,36)
(145,35)
(146,6)
(149,86)
(151,36)
(156,21)
(160,3)
(161,5)
(163,7)
(164,9)
(166,11)
(168,7)
(169,2)
(170,55)
(171,26)
(172,26)
(173,14)
(176,21)
(179,48)
(1018,6)
(1019,5)
(1020,7)
(1021,8)
(1022,27)
(1023,11)
(1024,8)
(1025,22)
(1026,36)
(259,75)
(263,86)
(264,4)
(265,17)
(266,14)
(267,7)
(268,18)
(269,33)
(270,97)
(1004,3)
(1005,12)
(1006,17)
(1007,3)
(1009,2)
(1010,1)
(1014,104)
(1015,106)
(1016,82)
(1165,109)
(1166,108)
(1167,54)
(1168,14)
(1169,37)
(1170,26)
(1171,90)
(1173,29)
(1175,31)
(242,22)
(243,10)
(247,15)
(248,16)
(252,49)
(253,27)
(254,35)
(255,43)
(257,7)
(1073,3)
(1074,3)
(1075,7)
(1076,4)
(1077,5)
(1078,7)
(1079,4)
(1080,5)
(1081,19)
(1059,1)
(1061,23)
(1062,7)
(1066,5)
(1067,4)
(1068,1)
(1069,8)
(1070,5)
(1072,7)
(10017,6)
(10053,14)
(10056,31)
(10057,39)
(10058,6)
(10062,24)
(10064,33)
(10065,7)
(10066,19)
(1092,9)
(1093,1)
(1095,1)
(1096,1)
(1097,16)
(1103,13)
(1104,1)
(1107,36)
(1108,6)
(1082,15)
(1083,2)
(1084,4)
(1085,9)
(1087,15)
(1088,14)
(1089,12)
(1090,1)
(1091,7)
(10068,23)
(10069,28)
(10070,10)
(10071,21)
(10072,16)
(10073,10)
(10075,9)
(10076,51)
(10077,40)
(1111,15)
(1112,1)
(1113,28)
(1114,2)
(1115,30)
(1121,19)
(1122,15)
(1123,16)
(1164,14)
(1302,7)
(1413,82)
(1414,142)
(1415,17)
(10002,41)
(10006,25)
(10007,70)
(10013,1)
(10014,62)
(10111,7)
(10113,18)
(10114,2)
(10115,29)
(10116,12)
(10117,18)
(10118,25)
(10119,20)
(10120,33)
(10078,13)
(10079,25)
(10080,22)
(10081,6)
(10082,25)
(10085,45)
(10086,21)
(10087,46)
(10088,13)
(1176,13)
(1177,13)
(1180,71)
(1181,137)
(1182,73)
(1184,16)
(1186,13)
(1187,21)
(1301,29)
(10133,68)
(10134,38)
(10135,30)
(10136,45)
(10140,43)
(10141,1)
(10142,18)
(10145,84)
(10146,31)
(10403,11)
(10405,1)
(10406,17)
(10408,12)
(10409,22)
(10410,7)
(10412,2)
(10414,11)
(10424,31)
