(82,3)
(87,3)
(93,1)
(94,2)
(95,5)
(137,3)
(138,1)
(139,1)
(143,2)
(144,3)
(233,4)
(234,10)
(236,2)
(237,4)
(239,5)
(270,2)
(274,7)
(275,1)
(571,1)
(574,2)
(1001,4)
(1002,3)
(1014,5)
(1015,9)
(1016,5)
(1029,1)
(1033,3)
(1046,1)
(1048,1)
(1051,1)
(1177,2)
(1180,8)
(1181,4)
(1182,3)
(1184,2)
(10071,4)
(10075,1)
(10076,2)
(10078,2)
(10079,2)
(10117,1)
(10118,3)
(10119,1)
(10120,2)
(10121,2)
(1,13)
(2,4)
(5,3)
(52,2)
(56,3)
(68,2)
(69,1)
(72,1)
(78,1)
(79,1)
(119,2)
(120,1)
(129,1)
(132,1)
(136,1)
(106,2)
(107,3)
(110,3)
(111,1)
(112,2)
(170,1)
(171,1)
(172,1)
(184,1)
(225,1)
(97,5)
(100,3)
(102,1)
(103,3)
(104,1)
(226,9)
(228,7)
(230,2)
(231,1)
(232,2)
(252,4)
(253,3)
(254,6)
(255,4)
(259,7)
(263,11)
(265,4)
(266,1)
(267,4)
(268,1)
(145,4)
(149,3)
(156,1)
(160,4)
(169,2)
(1103,1)
(1107,1)
(1111,3)
(1113,2)
(1114,1)
(240,2)
(242,3)
(243,2)
(247,2)
(248,1)
(1062,1)
(1066,1)
(1067,2)
(1068,1)
(1115,10)
(1165,7)
(1166,5)
(1167,6)
(1168,6)
(579,5)
(582,1)
(584,4)
(586,3)
(589,1)
(1170,1)
(1171,6)
(1173,3)
(1175,4)
(1176,1)
(1187,9)
(1302,1)
(1413,5)
(1414,6)
(1415,2)
(10006,1)
(10013,3)
(10014,2)
(10056,2)
(10057,1)
(1018,2)
(1019,2)
(1022,1)
(1024,1)
(1028,1)
(10064,1)
(10065,1)
(10066,1)
(10068,7)
(10070,2)
(10080,2)
(10085,1)
(10086,1)
(10087,2)
(10088,1)
(10145,17)
(10146,2)
(10405,2)
(10406,6)
(10409,1)
(1052,1)
(1053,1)
(1055,1)
(1056,1)
(1059,1)
(10089,1)
(10090,1)
(10091,1)
(10092,1)
(10093,5)
(1069,1)
(1070,1)
(1072,1)
(1074,1)
(1075,2)
(1078,2)
(1080,2)
(1088,1)
(1089,1)
(1091,1)
(10410,3)
(10424,5)
(10569,2)
(10638,4)
(10094,3)
(10096,1)
(10097,3)
(10098,2)
(10099,1)
(10106,1)
(10108,2)
(10109,1)
(10115,3)
(10116,1)
(10123,1)
(10124,3)
(10127,2)
(10128,2)
(10130,2)
(10131,1)
(10133,1)
(10136,2)
(10140,2)
(10142,2)
