(63,1)
(65,1)
(67,5)
(68,2)
(69,19)
(71,3)
(72,1)
(106,7)
(107,9)
(110,3)
(111,4)
(112,6)
(116,6)
(122,1)
(173,1)
(176,7)
(181,5)
(182,2)
(225,2)
(226,15)
(227,7)
(259,8)
(263,11)
(265,6)
(266,2)
(267,2)
(268,12)
(270,5)
(1005,1)
(1006,1)
(1009,1)
(1014,15)
(1015,25)
(1016,16)
(1018,2)
(1076,1)
(1077,3)
(1079,1)
(1080,1)
(1081,1)
(1082,1)
(1085,1)
(1087,2)
(10056,7)
(10057,4)
(10058,3)
(10062,4)
(10064,1)
(10065,2)
(10066,2)
(10076,7)
(10077,7)
(10078,2)
(10079,6)
(10080,4)
(10081,2)
(10082,1)
(10084,5)
(10131,2)
(10133,9)
(10134,9)
(10135,8)
(10136,9)
(10140,5)
(10141,2)
(87,1)
(88,2)
(91,2)
(92,2)
(93,9)
(94,5)
(95,10)
(97,15)
(139,1)
(142,5)
(143,16)
(144,2)
(145,10)
(146,3)
(149,9)
(151,10)
(73,18)
(75,2)
(78,4)
(79,1)
(82,4)
(83,2)
(85,3)
(236,9)
(237,10)
(238,7)
(239,14)
(240,4)
(241,3)
(242,2)
(243,1)
(1,9)
(2,19)
(9,1)
(52,1)
(56,2)
(57,4)
(59,2)
(62,2)
(124,1)
(127,1)
(129,11)
(133,1)
(136,6)
(137,6)
(138,1)
(573,1)
(574,3)
(576,1)
(577,2)
(578,2)
(579,16)
(581,2)
(582,1)
(98,4)
(99,1)
(100,5)
(101,2)
(102,2)
(103,7)
(104,4)
(228,4)
(229,4)
(230,7)
(231,1)
(232,7)
(233,3)
(234,18)
(584,6)
(586,2)
(590,2)
(591,2)
(1001,6)
(1002,13)
(1004,2)
(156,1)
(160,3)
(164,1)
(166,1)
(168,4)
(169,1)
(170,3)
(272,3)
(274,16)
(275,2)
(277,3)
(388,1)
(520,2)
(571,2)
(1167,8)
(1168,1)
(1169,2)
(1171,3)
(1173,5)
(1175,2)
(1176,2)
(1050,2)
(1053,2)
(1055,1)
(1056,2)
(1061,2)
(1062,1)
(1066,2)
(247,1)
(248,1)
(252,2)
(253,1)
(254,7)
(255,23)
(257,3)
(1177,1)
(1180,7)
(1182,2)
(1184,2)
(1186,1)
(1187,9)
(1303,1)
(1413,3)
(1067,2)
(1068,1)
(1069,6)
(1072,2)
(1073,3)
(1074,1)
(1075,1)
(1019,10)
(1020,2)
(1021,2)
(1022,3)
(1023,2)
(1024,3)
(1025,4)
(1091,1)
(1092,1)
(1097,5)
(1103,9)
(1104,2)
(1107,9)
(1108,1)
(1414,20)
(1415,3)
(10002,3)
(10013,6)
(10014,1)
(10017,1)
(10053,1)
(1026,11)
(1027,1)
(1029,4)
(1031,1)
(1033,4)
(1034,1)
(1036,3)
(1037,1)
(10101,3)
(10104,6)
(10105,3)
(10106,2)
(10107,1)
(10109,12)
(10111,1)
(10122,2)
(10123,1)
(10124,1)
(10126,4)
(10127,6)
(10128,5)
(10130,3)
(10068,14)
(10069,3)
(10070,1)
(10071,4)
(10072,1)
(10073,2)
(10075,2)
(1039,2)
(1040,1)
(1041,2)
(1043,1)
(1047,1)
(1048,3)
(1049,2)
(1111,5)
(1113,10)
(1114,7)
(1115,33)
(1164,42)
(1165,16)
(1166,7)
(10409,4)
(10410,13)
(10424,2)
(10568,2)
(10569,2)
(10573,1)
(10638,8)
(10085,4)
(10086,1)
(10087,3)
(10088,1)
(10089,1)
(10090,3)
(10091,7)
(10092,1)
(10093,13)
(10094,15)
(10095,1)
(10097,3)
(10098,10)
(10099,1)
(10113,4)
(10114,1)
(10115,6)
(10117,3)
(10118,2)
(10119,3)
(10120,3)
(10121,3)
(10142,5)
(10145,17)
(10146,6)
(10403,2)
(10405,3)
(10406,4)
(10408,1)
