(1,96)
(2,120)
(5,20)
(9,19)
(52,21)
(53,22)
(56,14)
(57,23)
(59,8)
(60,5)
(95,23)
(97,121)
(98,15)
(99,8)
(100,8)
(101,31)
(102,7)
(103,43)
(104,22)
(146,7)
(149,187)
(151,68)
(156,23)
(160,4)
(161,11)
(163,23)
(164,12)
(166,18)
(242,69)
(243,22)
(247,15)
(248,35)
(252,84)
(253,79)
(254,101)
(255,53)
(257,13)
(1031,12)
(1033,9)
(1034,41)
(1035,12)
(1036,35)
(1037,33)
(1038,2)
(1039,20)
(1040,10)
(1113,46)
(1114,6)
(1115,89)
(1121,29)
(1122,22)
(1123,28)
(1164,3)
(1165,198)
(1166,241)
(1167,79)
(1168,20)
(1169,40)
(1170,23)
(1171,210)
(1173,49)
(1175,71)
(1176,44)
(1177,18)
(1180,196)
(1181,152)
(1182,106)
(1184,49)
(1186,22)
(1187,62)
(1301,46)
(1302,2)
(1303,11)
(1413,185)
(10122,21)
(10123,4)
(10124,2)
(10127,75)
(10128,11)
(10130,10)
(10131,10)
(10132,11)
(10133,23)
(10134,49)
(10135,5)
(10136,73)
(10140,17)
(10141,1)
(10142,13)
(10145,131)
(10146,50)
(10403,21)
(62,10)
(63,5)
(64,6)
(65,2)
(66,28)
(67,11)
(68,9)
(69,52)
(71,14)
(84,12)
(85,9)
(86,2)
(87,9)
(88,8)
(91,4)
(92,38)
(93,27)
(94,39)
(106,20)
(107,36)
(108,1)
(110,10)
(111,10)
(112,23)
(115,14)
(116,6)
(118,3)
(72,1)
(73,18)
(74,5)
(75,19)
(77,2)
(78,48)
(79,5)
(82,25)
(83,10)
(133,6)
(136,39)
(137,31)
(138,26)
(139,16)
(142,20)
(143,45)
(144,68)
(145,39)
(168,17)
(170,61)
(171,32)
(172,60)
(173,25)
(176,30)
(179,54)
(181,81)
(182,34)
(232,70)
(233,2)
(234,14)
(236,49)
(237,16)
(238,16)
(239,37)
(240,91)
(241,5)
(259,220)
(263,153)
(264,8)
(265,27)
(266,22)
(267,14)
(268,28)
(269,22)
(270,198)
(272,46)
(119,12)
(120,5)
(121,2)
(122,22)
(124,55)
(126,12)
(127,20)
(129,43)
(132,29)
(184,23)
(202,1)
(225,34)
(226,34)
(227,16)
(228,53)
(229,48)
(230,143)
(231,6)
(574,69)
(575,31)
(576,16)
(577,2)
(578,6)
(579,33)
(581,15)
(582,44)
(584,21)
(586,21)
(587,7)
(589,12)
(1001,67)
(1002,134)
(1003,15)
(1004,7)
(1005,9)
(1006,27)
(1041,4)
(1042,13)
(1043,23)
(1045,7)
(1046,26)
(1047,6)
(1048,10)
(1049,3)
(1050,7)
(274,85)
(275,66)
(387,16)
(388,24)
(522,5)
(570,92)
(571,30)
(572,10)
(573,3)
(1007,2)
(1009,4)
(1010,1)
(1014,194)
(1015,115)
(1016,141)
(1018,40)
(1019,25)
(1020,2)
(1051,8)
(1052,12)
(1053,7)
(1054,4)
(1055,9)
(1056,5)
(1057,8)
(1059,1)
(1061,30)
(1021,14)
(1022,23)
(1023,23)
(1024,15)
(1025,24)
(1026,27)
(1027,57)
(1028,60)
(1029,23)
(1414,168)
(1415,51)
(10002,66)
(10005,2)
(10006,30)
(10007,43)
(10013,2)
(10014,73)
(10017,17)
(1062,23)
(1066,6)
(1067,13)
(1068,9)
(1069,9)
(1070,12)
(1072,23)
(1073,3)
(1074,8)
(10069,7)
(10070,30)
(10071,49)
(10072,31)
(10073,19)
(10075,23)
(10076,27)
(10077,26)
(10078,13)
(1075,11)
(1076,10)
(1077,20)
(1078,19)
(1079,21)
(1080,19)
(1081,54)
(1082,46)
(1083,13)
(1095,4)
(1096,17)
(1097,32)
(1103,23)
(1104,3)
(1107,45)
(1108,12)
(1111,24)
(1112,5)
(1084,7)
(1085,29)
(1087,70)
(1088,51)
(1089,22)
(1090,7)
(1091,24)
(1092,17)
(1093,2)
(10079,22)
(10080,44)
(10081,8)
(10082,12)
(10085,6)
(10086,57)
(10087,46)
(10088,36)
(10089,22)
(10099,8)
(10101,72)
(10104,67)
(10105,7)
(10106,8)
(10107,3)
(10108,50)
(10109,61)
(10111,18)
(10053,13)
(10056,68)
(10057,54)
(10058,22)
(10062,29)
(10064,46)
(10065,20)
(10066,23)
(10068,19)
(10090,1)
(10091,19)
(10092,18)
(10093,55)
(10094,8)
(10095,25)
(10096,20)
(10097,29)
(10098,29)
(10113,40)
(10114,7)
(10115,68)
(10116,8)
(10117,35)
(10118,72)
(10119,40)
(10120,11)
(10121,8)
(10405,6)
(10406,11)
(10408,19)
(10409,8)
(10410,11)
(10412,19)
(10414,6)
(10424,14)
(10568,33)
(10569,11)
(10571,1)
(10572,1)
(10575,3)
(10580,42)
(10581,3)
(10582,23)
(10585,2)
(10638,116)
