(1,42)
(2,49)
(5,11)
(9,3)
(11,13)
(52,3)
(53,21)
(56,16)
(57,8)
(97,47)
(98,8)
(99,3)
(100,17)
(101,11)
(102,14)
(103,14)
(104,14)
(106,20)
(149,79)
(151,20)
(156,8)
(160,2)
(161,2)
(163,12)
(164,8)
(166,19)
(168,7)
(247,24)
(248,13)
(252,48)
(253,24)
(254,36)
(255,74)
(257,10)
(259,36)
(263,68)
(1005,4)
(1006,17)
(1007,4)
(1008,1)
(1009,5)
(1010,1)
(1014,99)
(1015,109)
(1016,45)
(1027,4)
(1028,11)
(1029,8)
(1031,7)
(1032,2)
(1034,12)
(1035,6)
(1036,38)
(1112,1)
(1113,13)
(1114,2)
(1115,38)
(1121,13)
(1122,4)
(1123,15)
(1164,6)
(1165,105)
(1166,80)
(1167,48)
(1168,10)
(1169,35)
(1170,20)
(1171,93)
(1173,23)
(1175,26)
(1176,13)
(10079,25)
(10080,16)
(10081,11)
(10082,24)
(10084,8)
(10085,16)
(10086,21)
(10087,35)
(10088,27)
(10089,9)
(10090,6)
(10091,52)
(10092,11)
(10093,28)
(10094,41)
(10095,21)
(10096,23)
(10097,27)
(10569,18)
(10574,1)
(10580,2)
(10581,1)
(10582,14)
(10583,2)
(10584,1)
(10638,77)
(72,9)
(73,12)
(74,9)
(75,13)
(77,1)
(79,19)
(82,3)
(83,5)
(84,3)
(59,11)
(62,1)
(63,4)
(64,3)
(66,2)
(67,15)
(68,29)
(69,22)
(71,11)
(120,7)
(121,8)
(122,14)
(124,36)
(126,1)
(127,8)
(129,40)
(132,13)
(133,3)
(225,10)
(226,38)
(227,10)
(228,22)
(229,13)
(230,25)
(231,3)
(232,44)
(233,7)
(107,29)
(108,1)
(110,32)
(111,34)
(112,40)
(115,22)
(116,15)
(118,3)
(119,10)
(275,27)
(277,3)
(387,6)
(388,10)
(520,6)
(522,1)
(570,11)
(571,24)
(572,3)
(85,3)
(86,1)
(87,24)
(88,11)
(91,7)
(92,25)
(93,16)
(94,20)
(95,25)
(169,4)
(170,83)
(171,21)
(172,27)
(173,13)
(176,12)
(179,28)
(181,58)
(182,31)
(136,36)
(137,37)
(138,21)
(139,21)
(142,6)
(143,101)
(144,18)
(145,71)
(146,3)
(584,15)
(586,17)
(587,5)
(589,11)
(590,7)
(591,19)
(1001,38)
(1002,30)
(1003,12)
(234,7)
(236,31)
(237,5)
(238,6)
(239,6)
(240,36)
(241,3)
(242,14)
(243,4)
(264,3)
(265,20)
(266,7)
(267,10)
(268,19)
(269,11)
(270,68)
(272,16)
(274,64)
(1072,3)
(1073,13)
(1074,13)
(1075,8)
(1076,8)
(1077,9)
(1078,8)
(1079,15)
(1080,11)
(573,8)
(574,12)
(575,32)
(576,10)
(577,2)
(578,5)
(579,27)
(581,12)
(582,41)
(1018,9)
(1019,4)
(1020,10)
(1021,7)
(1022,47)
(1023,29)
(1024,7)
(1025,9)
(1026,17)
(1303,8)
(1413,35)
(1414,130)
(1415,8)
(10002,32)
(10007,27)
(10013,3)
(10014,33)
(10017,4)
(1037,1)
(1038,5)
(1039,14)
(1040,2)
(1041,3)
(1042,9)
(1043,4)
(1045,1)
(1046,16)
(1056,8)
(1057,9)
(1061,10)
(1062,15)
(1066,5)
(1067,4)
(1068,5)
(1069,13)
(1070,12)
(1047,4)
(1048,1)
(1049,5)
(1050,8)
(1051,9)
(1052,3)
(1053,9)
(1054,2)
(1055,1)
(10053,22)
(10056,38)
(10057,22)
(10058,12)
(10062,30)
(10064,26)
(10065,13)
(10066,16)
(10068,29)
(1081,14)
(1082,14)
(1083,6)
(1084,12)
(1085,3)
(1087,24)
(1088,7)
(1089,14)
(1090,1)
(1177,10)
(1180,50)
(1181,84)
(1182,61)
(1184,25)
(1186,10)
(1187,23)
(1301,25)
(1302,14)
(10111,11)
(10113,15)
(10114,3)
(10115,23)
(10116,19)
(10117,33)
(10118,15)
(10119,20)
(10120,29)
(10069,15)
(10070,14)
(10071,50)
(10072,23)
(10073,12)
(10075,7)
(10076,31)
(10077,24)
(10078,11)
(1091,2)
(1092,4)
(1096,2)
(1097,12)
(1103,6)
(1104,7)
(1107,39)
(1108,9)
(1111,17)
(10121,24)
(10122,11)
(10123,11)
(10124,6)
(10127,30)
(10128,13)
(10130,13)
(10131,23)
(10132,18)
(10403,7)
(10406,10)
(10408,12)
(10409,32)
(10410,10)
(10412,3)
(10414,17)
(10424,36)
(10568,22)
(10098,35)
(10099,10)
(10101,6)
(10104,28)
(10105,5)
(10106,12)
(10107,14)
(10108,21)
(10109,32)
(10133,56)
(10134,41)
(10135,20)
(10136,29)
(10140,31)
(10141,10)
(10142,29)
(10145,35)
(10146,49)
