(1,4)
(2,8)
(5,2)
(56,1)
(57,1)
(62,1)
(102,2)
(103,1)
(104,1)
(106,3)
(107,1)
(156,1)
(163,1)
(166,2)
(170,6)
(171,3)
(241,1)
(242,4)
(243,1)
(247,7)
(248,4)
(587,1)
(589,5)
(1001,4)
(1002,7)
(1014,9)
(1059,1)
(1067,1)
(1068,2)
(1069,1)
(1070,2)
(1173,1)
(1175,1)
(1176,2)
(1180,1)
(1181,8)
(1182,8)
(1184,1)
(1186,4)
(1187,10)
(1301,2)
(1413,13)
(10131,2)
(10132,2)
(10133,1)
(10135,1)
(10140,1)
(64,1)
(69,3)
(73,1)
(74,2)
(75,2)
(108,1)
(110,1)
(112,1)
(119,1)
(124,1)
(78,6)
(82,2)
(84,1)
(87,4)
(93,3)
(179,5)
(181,4)
(182,2)
(225,1)
(226,7)
(127,4)
(129,3)
(132,1)
(136,3)
(137,4)
(252,2)
(253,1)
(254,6)
(257,1)
(259,6)
(263,6)
(95,1)
(97,5)
(98,2)
(100,1)
(101,2)
(1073,1)
(1074,1)
(1075,2)
(1077,2)
(1078,2)
(227,1)
(228,3)
(229,1)
(230,1)
(231,1)
(139,2)
(143,7)
(144,2)
(145,2)
(149,14)
(1080,3)
(1081,1)
(1082,3)
(1087,1)
(1088,2)
(232,4)
(233,1)
(236,2)
(237,2)
(240,4)
(274,8)
(275,2)
(387,1)
(571,1)
(574,1)
(265,3)
(268,3)
(269,2)
(270,11)
(272,2)
(1015,5)
(1016,9)
(1018,1)
(1023,1)
(1025,1)
(1414,12)
(1415,2)
(10002,4)
(10005,3)
(10006,2)
(575,1)
(576,1)
(578,1)
(579,3)
(586,3)
(10072,1)
(10073,1)
(10075,1)
(10076,2)
(10077,1)
(1107,3)
(1113,1)
(1114,1)
(1115,1)
(1123,1)
(10108,3)
(10109,1)
(10116,1)
(10117,3)
(10118,1)
(10007,4)
(10014,6)
(10056,2)
(10057,2)
(10062,2)
(1028,1)
(1029,1)
(1036,3)
(1043,1)
(1056,1)
(1089,1)
(1092,1)
(1096,1)
(1097,1)
(1103,1)
(10424,4)
(10568,1)
(10569,2)
(10582,1)
(10638,10)
(10065,1)
(10066,2)
(10068,1)
(10069,1)
(10070,1)
(1165,5)
(1166,3)
(1167,6)
(1168,3)
(1171,5)
(10088,3)
(10089,1)
(10091,2)
(10093,4)
(10094,6)
(10078,1)
(10080,3)
(10081,1)
(10086,1)
(10087,1)
(10120,2)
(10121,1)
(10124,1)
(10128,2)
(10130,2)
(10095,1)
(10096,2)
(10097,3)
(10105,1)
(10107,1)
(10142,1)
(10145,9)
(10146,6)
(10406,1)
(10409,2)
