(83,8)
(84,13)
(85,18)
(86,1)
(87,36)
(88,26)
(91,22)
(92,20)
(93,29)
(133,16)
(136,42)
(137,45)
(138,21)
(139,33)
(142,36)
(143,80)
(144,26)
(145,45)
(236,76)
(237,53)
(238,87)
(239,104)
(240,37)
(241,20)
(242,19)
(243,17)
(247,25)
(576,3)
(577,5)
(578,6)
(579,174)
(581,9)
(582,60)
(584,29)
(586,56)
(589,5)
(1021,17)
(1022,18)
(1023,22)
(1024,21)
(1025,59)
(1026,34)
(1027,31)
(1028,23)
(1029,25)
(1062,34)
(1066,4)
(1067,7)
(1068,3)
(1069,13)
(1070,26)
(1072,13)
(1073,5)
(1074,8)
(1168,74)
(1169,57)
(1170,17)
(1171,61)
(1173,49)
(1175,109)
(1176,49)
(1177,31)
(1180,212)
(10071,76)
(10072,21)
(10073,16)
(10075,33)
(10076,50)
(10077,30)
(10078,9)
(10079,97)
(10080,72)
(10114,12)
(10115,44)
(10116,12)
(10117,57)
(10118,46)
(10119,5)
(10120,27)
(10121,40)
(10122,21)
(10123,38)
(10571,22)
(10572,2)
(10573,2)
(10574,2)
(10575,13)
(10581,3)
(10582,2)
(10585,3)
(10638,97)
(1,7)
(2,98)
(5,78)
(9,1)
(11,6)
(52,3)
(53,25)
(56,19)
(57,10)
(59,5)
(94,39)
(95,66)
(97,103)
(98,22)
(99,7)
(100,26)
(101,28)
(102,4)
(103,9)
(104,24)
(71,8)
(72,6)
(73,40)
(74,10)
(75,18)
(77,15)
(78,35)
(79,13)
(82,16)
(146,5)
(149,116)
(151,73)
(156,18)
(160,35)
(161,2)
(163,2)
(164,16)
(166,25)
(119,17)
(120,6)
(121,24)
(122,22)
(124,56)
(126,9)
(127,8)
(129,58)
(132,13)
(248,35)
(252,55)
(253,32)
(254,41)
(255,94)
(257,12)
(259,158)
(263,229)
(264,4)
(61,12)
(62,4)
(63,18)
(64,13)
(65,9)
(66,11)
(67,28)
(68,19)
(69,53)
(225,35)
(226,148)
(227,24)
(228,93)
(229,55)
(230,94)
(232,101)
(233,74)
(234,109)
(590,11)
(591,37)
(1001,74)
(1002,214)
(1003,1)
(1004,4)
(1005,16)
(1006,65)
(1007,4)
(106,17)
(107,51)
(108,5)
(110,37)
(111,24)
(112,27)
(115,27)
(116,43)
(118,3)
(277,6)
(387,1)
(388,17)
(520,5)
(570,57)
(571,20)
(572,10)
(573,5)
(574,70)
(575,27)
(168,19)
(169,8)
(170,48)
(171,3)
(172,34)
(173,19)
(176,50)
(179,3)
(181,47)
(182,39)
(1040,18)
(1041,14)
(1042,10)
(1043,13)
(1045,2)
(1046,41)
(1047,8)
(1048,41)
(1049,8)
(1050,6)
(1031,16)
(1032,3)
(1033,34)
(1034,27)
(1035,4)
(1036,38)
(1037,45)
(1038,2)
(1039,40)
(1114,25)
(1115,117)
(1121,9)
(1122,32)
(1123,16)
(1164,77)
(1165,170)
(1166,182)
(1167,76)
(265,50)
(266,17)
(267,42)
(268,194)
(269,27)
(270,98)
(272,24)
(274,126)
(275,57)
(1414,138)
(1415,49)
(10002,20)
(10005,12)
(10007,3)
(10013,85)
(10014,8)
(10017,14)
(10053,2)
(1075,11)
(1076,5)
(1077,14)
(1078,6)
(1079,6)
(1080,8)
(1081,45)
(1082,21)
(1083,3)
(1008,2)
(1009,3)
(1010,1)
(1014,238)
(1015,229)
(1016,159)
(1018,32)
(1019,37)
(1020,14)
(10081,29)
(10082,66)
(10084,45)
(10085,37)
(10086,51)
(10087,35)
(10088,15)
(10089,35)
(10090,18)
(1095,1)
(1096,4)
(1097,20)
(1103,34)
(1104,29)
(1107,23)
(1108,20)
(1111,118)
(1112,3)
(1113,104)
(10124,8)
(10127,70)
(10128,46)
(10130,39)
(10131,19)
(10132,38)
(10133,126)
(10134,22)
(10135,51)
(1051,10)
(1052,5)
(1053,8)
(1054,5)
(1055,8)
(1056,6)
(1057,8)
(1059,2)
(1061,24)
(10056,65)
(10057,53)
(10058,15)
(10062,44)
(10064,43)
(10065,20)
(10066,28)
(10068,78)
(10069,41)
(10070,58)
(10408,14)
(10409,38)
(10410,64)
(10412,15)
(10414,45)
(10424,35)
(10568,39)
(10569,11)
(10570,3)
(1084,7)
(1085,20)
(1087,70)
(1088,13)
(1089,28)
(1090,1)
(1091,56)
(1092,34)
(1093,10)
(1181,21)
(1182,44)
(1184,10)
(1186,44)
(1187,119)
(1301,3)
(1302,24)
(1303,50)
(1413,54)
(10091,48)
(10092,7)
(10093,90)
(10094,68)
(10095,13)
(10096,111)
(10097,86)
(10098,34)
(10099,19)
(10101,43)
(10104,75)
(10105,43)
(10106,11)
(10107,31)
(10108,36)
(10109,83)
(10111,17)
(10113,43)
(10136,46)
(10140,97)
(10141,9)
(10142,44)
(10145,141)
(10146,77)
(10403,38)
(10405,39)
(10406,40)
