(1,55)
(2,74)
(5,85)
(9,13)
(11,17)
(52,4)
(53,14)
(56,26)
(57,17)
(59,3)
(94,28)
(95,16)
(97,91)
(98,12)
(99,11)
(100,8)
(101,24)
(102,25)
(103,12)
(145,65)
(146,3)
(149,161)
(151,48)
(156,13)
(160,1)
(161,8)
(163,4)
(164,5)
(242,22)
(243,11)
(247,21)
(248,13)
(252,60)
(253,35)
(254,75)
(255,81)
(257,19)
(582,51)
(584,32)
(586,53)
(587,6)
(589,9)
(591,32)
(1001,62)
(1002,97)
(1003,11)
(1026,30)
(1027,18)
(1028,25)
(1029,7)
(1031,11)
(1032,2)
(1033,4)
(1034,35)
(1035,9)
(1036,46)
(1037,30)
(1038,10)
(1039,24)
(1040,6)
(1041,16)
(1042,22)
(1043,12)
(1045,2)
(10053,19)
(10056,51)
(10057,50)
(10058,17)
(10062,32)
(10064,64)
(10065,20)
(10066,14)
(10068,22)
(10098,78)
(10099,5)
(10101,18)
(10104,36)
(10105,15)
(10106,25)
(10107,3)
(10108,31)
(10109,68)
(10133,70)
(10134,50)
(10135,34)
(10136,65)
(10140,48)
(10141,4)
(10142,46)
(10145,92)
(10146,61)
(60,2)
(61,1)
(62,7)
(63,3)
(64,8)
(66,18)
(67,15)
(68,21)
(69,42)
(104,9)
(106,21)
(107,35)
(108,4)
(110,42)
(111,26)
(112,41)
(115,16)
(116,24)
(83,8)
(84,10)
(85,12)
(86,4)
(87,40)
(88,21)
(91,9)
(92,21)
(93,35)
(166,25)
(168,10)
(169,6)
(170,85)
(171,22)
(172,19)
(173,16)
(176,29)
(179,48)
(259,74)
(263,122)
(264,7)
(265,26)
(266,16)
(267,4)
(268,41)
(269,29)
(270,105)
(272,21)
(132,16)
(133,12)
(136,36)
(137,46)
(138,25)
(139,38)
(142,15)
(143,96)
(144,30)
(232,67)
(233,6)
(234,9)
(236,42)
(237,17)
(238,9)
(239,27)
(240,45)
(241,18)
(1046,30)
(1047,5)
(1048,2)
(1049,11)
(1050,5)
(1051,7)
(1052,8)
(1053,8)
(1054,2)
(572,12)
(573,9)
(574,54)
(575,24)
(576,13)
(577,8)
(578,12)
(579,45)
(581,18)
(71,15)
(72,11)
(73,11)
(74,6)
(75,11)
(77,2)
(78,45)
(79,8)
(82,20)
(1055,7)
(1056,8)
(1057,6)
(1061,26)
(1062,12)
(1066,9)
(1067,6)
(1068,2)
(1069,12)
(118,8)
(119,20)
(120,11)
(121,5)
(122,18)
(124,39)
(126,19)
(127,16)
(129,41)
(181,92)
(182,39)
(225,10)
(226,50)
(227,11)
(228,35)
(229,14)
(230,31)
(231,3)
(1080,3)
(1081,24)
(1082,24)
(1083,5)
(1084,9)
(1085,6)
(1087,27)
(1088,20)
(1089,11)
(274,45)
(275,30)
(277,2)
(387,7)
(388,17)
(520,4)
(522,8)
(570,76)
(571,19)
(1070,17)
(1072,16)
(1073,3)
(1074,4)
(1075,11)
(1076,9)
(1077,8)
(1078,8)
(1079,14)
(1004,8)
(1005,4)
(1006,22)
(1007,8)
(1008,1)
(1009,4)
(1010,1)
(1014,113)
(1015,168)
(1302,10)
(1303,8)
(1413,105)
(1414,160)
(1415,20)
(10002,66)
(10007,32)
(10014,70)
(10017,4)
(1090,5)
(1091,8)
(1092,9)
(1093,3)
(1096,4)
(1097,21)
(1103,18)
(1104,4)
(1107,47)
(1108,2)
(1111,23)
(1112,2)
(1113,28)
(1114,3)
(1115,48)
(1121,28)
(1122,18)
(1123,18)
(1164,19)
(1016,105)
(1018,15)
(1019,7)
(1020,14)
(1021,11)
(1022,38)
(1023,21)
(1024,10)
(1025,11)
(10111,11)
(10113,51)
(10114,3)
(10115,42)
(10116,26)
(10117,44)
(10118,27)
(10119,27)
(10120,43)
(1165,165)
(1166,121)
(1167,78)
(1168,15)
(1169,32)
(1170,40)
(1171,126)
(1173,44)
(1175,34)
(10069,25)
(10070,12)
(10071,59)
(10072,31)
(10073,29)
(10075,20)
(10076,74)
(10077,44)
(10078,12)
(10121,27)
(10122,11)
(10123,14)
(10124,7)
(10127,34)
(10128,13)
(10130,14)
(10131,23)
(10132,24)
(1176,14)
(1177,11)
(1180,169)
(1181,136)
(1182,75)
(1184,22)
(1186,14)
(1187,75)
(1301,39)
(10079,32)
(10080,35)
(10081,5)
(10082,31)
(10084,12)
(10085,51)
(10086,29)
(10087,77)
(10088,11)
(10089,25)
(10090,7)
(10091,70)
(10092,13)
(10093,34)
(10094,30)
(10095,19)
(10096,63)
(10097,43)
(10403,17)
(10405,6)
(10406,20)
(10408,17)
(10409,33)
(10410,21)
(10412,4)
(10414,22)
(10424,42)
(10568,50)
(10569,11)
(10570,1)
(10571,1)
(10578,3)
(10579,3)
(10580,1)
(10581,2)
(10582,21)
