(87,11)
(91,4)
(92,1)
(93,10)
(94,6)
(95,4)
(97,22)
(138,7)
(139,6)
(142,2)
(143,21)
(144,6)
(145,9)
(146,2)
(233,3)
(234,4)
(236,8)
(237,5)
(238,2)
(239,7)
(240,6)
(241,2)
(520,1)
(571,6)
(573,1)
(574,5)
(575,1)
(576,2)
(578,1)
(579,16)
(1024,1)
(1025,1)
(1026,8)
(1027,2)
(1028,2)
(1029,3)
(1033,1)
(1034,5)
(1047,1)
(1049,2)
(1050,3)
(1051,2)
(1052,1)
(1053,2)
(1054,1)
(1079,4)
(1080,4)
(1081,5)
(1084,5)
(1087,2)
(1089,2)
(1097,4)
(1103,3)
(1175,5)
(1176,3)
(1177,2)
(1180,8)
(1181,25)
(1182,14)
(1184,13)
(1186,2)
(10090,2)
(10091,11)
(10092,1)
(10093,8)
(10094,5)
(10095,3)
(10096,4)
(10097,13)
(10113,3)
(10114,1)
(10115,2)
(10116,9)
(10117,3)
(10118,8)
(10119,8)
(10120,12)
(10145,21)
(10146,14)
(10403,2)
(10405,2)
(10406,3)
(10409,7)
(10410,3)
(10414,2)
(59,1)
(60,2)
(62,4)
(64,3)
(68,9)
(69,13)
(71,1)
(72,3)
(110,8)
(111,5)
(112,13)
(115,9)
(116,1)
(119,2)
(120,2)
(122,1)
(171,6)
(172,11)
(173,2)
(176,9)
(179,5)
(181,14)
(182,9)
(184,4)
(1,9)
(2,35)
(5,8)
(9,1)
(52,8)
(53,5)
(56,6)
(57,5)
(74,5)
(75,5)
(78,11)
(79,1)
(82,7)
(83,2)
(84,1)
(86,1)
(257,2)
(259,7)
(263,19)
(264,3)
(265,6)
(266,3)
(267,2)
(268,2)
(98,4)
(100,4)
(101,4)
(102,8)
(103,8)
(104,2)
(106,6)
(107,10)
(124,3)
(126,1)
(127,6)
(129,7)
(132,3)
(133,5)
(136,8)
(137,5)
(1107,13)
(1108,3)
(1111,5)
(1113,2)
(1115,5)
(1121,2)
(1123,2)
(149,39)
(156,1)
(160,2)
(161,5)
(163,1)
(164,1)
(166,8)
(170,28)
(225,1)
(226,13)
(228,8)
(229,4)
(230,10)
(231,2)
(232,16)
(1165,14)
(1166,19)
(1167,21)
(1168,1)
(1169,2)
(1170,14)
(1171,30)
(1173,1)
(242,5)
(243,4)
(247,12)
(248,7)
(252,22)
(253,7)
(254,13)
(255,15)
(269,4)
(270,9)
(272,4)
(274,10)
(275,11)
(277,1)
(388,2)
(10058,1)
(10062,5)
(10064,7)
(10065,1)
(10066,8)
(10068,3)
(10070,2)
(10071,3)
(582,7)
(584,9)
(586,5)
(587,2)
(589,4)
(1001,7)
(1002,6)
(1003,2)
(1004,1)
(1005,1)
(1006,6)
(1008,1)
(1009,1)
(1010,2)
(1014,14)
(1015,15)
(10072,16)
(10073,7)
(10075,5)
(10076,10)
(10077,6)
(10078,4)
(10079,1)
(10080,3)
(1016,6)
(1018,1)
(1019,2)
(1020,2)
(1021,3)
(1022,3)
(1023,6)
(1035,1)
(1036,14)
(1038,3)
(1039,1)
(1042,3)
(1043,1)
(1045,4)
(1046,4)
(1187,16)
(1301,7)
(1302,2)
(1413,19)
(1414,44)
(1415,4)
(10002,18)
(10005,8)
(1056,3)
(1057,1)
(1061,2)
(1062,3)
(1066,1)
(1067,2)
(1068,1)
(1069,9)
(1070,1)
(1072,5)
(1073,3)
(1074,4)
(1075,4)
(1076,2)
(1077,7)
(1078,4)
(10006,9)
(10007,6)
(10014,8)
(10017,1)
(10053,3)
(10056,7)
(10057,14)
(10424,9)
(10568,3)
(10569,3)
(10574,1)
(10580,1)
(10582,2)
(10638,16)
(10081,2)
(10082,4)
(10085,5)
(10086,8)
(10087,6)
(10088,9)
(10089,6)
(10098,4)
(10099,1)
(10104,3)
(10105,3)
(10107,5)
(10108,4)
(10109,7)
(10111,5)
(10121,9)
(10122,2)
(10123,1)
(10124,3)
(10127,1)
(10128,11)
(10130,4)
(10131,7)
(10132,3)
(10133,15)
(10134,10)
(10135,6)
(10136,9)
(10140,11)
(10142,15)
