(62,3)
(63,6)
(64,6)
(65,9)
(66,1)
(67,13)
(68,28)
(69,36)
(71,20)
(106,18)
(107,20)
(108,1)
(110,26)
(111,21)
(112,16)
(115,2)
(116,20)
(118,2)
(168,7)
(169,4)
(170,28)
(171,2)
(172,10)
(173,2)
(176,29)
(181,47)
(182,19)
(263,98)
(264,6)
(265,26)
(266,6)
(267,25)
(268,118)
(269,26)
(270,83)
(272,12)
(584,26)
(586,57)
(587,7)
(589,3)
(1001,47)
(1002,72)
(1004,15)
(1005,4)
(1006,18)
(1031,12)
(1033,15)
(1034,24)
(1035,5)
(1036,22)
(1037,28)
(1038,2)
(1039,20)
(1040,2)
(1115,149)
(1121,6)
(1122,21)
(1123,5)
(1164,85)
(1165,119)
(1166,97)
(1167,56)
(1168,18)
(1182,28)
(1184,1)
(1186,17)
(1187,72)
(1301,2)
(1302,1)
(1303,7)
(1413,43)
(1414,122)
(10099,8)
(10101,7)
(10104,24)
(10105,21)
(10106,10)
(10107,5)
(10108,12)
(10109,59)
(10111,6)
(10405,9)
(10406,23)
(10408,9)
(10409,35)
(10410,67)
(10412,5)
(10414,23)
(10424,34)
(10568,29)
(1,4)
(2,65)
(5,33)
(9,7)
(52,5)
(53,7)
(56,13)
(57,3)
(59,1)
(95,25)
(97,90)
(98,7)
(99,3)
(100,16)
(101,14)
(102,7)
(103,17)
(104,12)
(146,3)
(149,44)
(151,32)
(156,5)
(160,13)
(161,1)
(163,2)
(164,10)
(166,12)
(243,17)
(247,8)
(248,22)
(252,42)
(253,18)
(254,20)
(255,72)
(257,5)
(259,60)
(1041,13)
(1042,10)
(1043,8)
(1045,1)
(1046,13)
(1047,4)
(1048,16)
(1049,9)
(84,6)
(85,17)
(86,2)
(87,20)
(88,21)
(91,15)
(92,14)
(93,26)
(94,18)
(72,15)
(73,27)
(74,7)
(75,7)
(77,4)
(78,28)
(79,11)
(82,13)
(83,3)
(1415,51)
(10002,18)
(10005,7)
(10006,14)
(10007,2)
(10013,56)
(10014,11)
(10017,3)
(10053,6)
(133,12)
(136,19)
(137,22)
(138,13)
(139,20)
(142,9)
(143,54)
(144,13)
(145,29)
(233,42)
(234,91)
(236,44)
(237,37)
(238,49)
(239,27)
(240,22)
(241,1)
(242,15)
(119,9)
(120,7)
(121,15)
(122,10)
(124,18)
(126,7)
(127,8)
(129,38)
(132,9)
(10056,39)
(10057,37)
(10058,9)
(10062,16)
(10064,34)
(10065,12)
(10066,12)
(10068,19)
(573,5)
(574,41)
(575,18)
(576,12)
(577,2)
(578,11)
(579,82)
(581,14)
(582,35)
(225,15)
(226,70)
(227,17)
(228,69)
(229,37)
(230,42)
(231,13)
(232,57)
(10069,44)
(10070,32)
(10071,36)
(10072,17)
(10073,6)
(10075,10)
(10076,16)
(10077,26)
(10078,8)
(10122,5)
(10123,33)
(10124,12)
(10127,55)
(10128,18)
(10130,36)
(10131,13)
(10132,10)
(10133,85)
(274,83)
(275,31)
(277,5)
(388,16)
(520,6)
(522,1)
(570,27)
(571,7)
(572,5)
(1061,9)
(1062,6)
(1066,1)
(1067,7)
(1069,12)
(1070,11)
(1072,5)
(1073,6)
(1074,11)
(1075,13)
(1076,10)
(1077,2)
(1078,7)
(1079,5)
(1080,4)
(1081,3)
(1082,1)
(1083,3)
(1008,2)
(1009,5)
(1010,1)
(1014,91)
(1015,115)
(1016,86)
(1018,12)
(1019,14)
(1020,12)
(1021,14)
(1022,15)
(1023,28)
(1024,5)
(1025,22)
(1026,13)
(1027,11)
(1028,10)
(1029,41)
(1084,8)
(1085,9)
(1087,17)
(1088,6)
(1089,10)
(1091,3)
(1092,15)
(1093,2)
(1095,2)
(1050,2)
(1051,2)
(1052,5)
(1053,3)
(1054,3)
(1055,2)
(1056,6)
(1057,8)
(1059,3)
(1096,1)
(1097,15)
(1103,20)
(1104,15)
(1107,39)
(1108,5)
(1111,41)
(1113,55)
(1114,24)
(10113,22)
(10114,8)
(10115,29)
(10116,8)
(10117,34)
(10118,31)
(10119,14)
(10120,16)
(10121,9)
(1169,14)
(1170,6)
(1171,33)
(1173,38)
(1175,27)
(1176,23)
(1177,19)
(1180,85)
(1181,12)
(10079,29)
(10080,26)
(10081,12)
(10082,36)
(10085,22)
(10086,22)
(10087,27)
(10088,8)
(10089,25)
(10134,7)
(10135,26)
(10136,28)
(10140,46)
(10141,5)
(10142,21)
(10145,90)
(10146,53)
(10403,27)
(10090,20)
(10091,33)
(10092,3)
(10093,49)
(10094,45)
(10095,18)
(10096,34)
(10097,36)
(10098,17)
(10569,10)
(10570,4)
(10571,8)
(10574,2)
(10575,7)
(10582,1)
(10585,7)
(10638,70)
