(73,3)
(74,2)
(75,7)
(78,14)
(82,7)
(83,2)
(84,2)
(120,2)
(122,1)
(124,3)
(127,2)
(129,8)
(132,3)
(133,1)
(136,6)
(181,6)
(182,1)
(184,1)
(225,2)
(226,15)
(227,1)
(228,6)
(229,4)
(267,1)
(268,7)
(269,2)
(270,18)
(272,6)
(274,11)
(275,10)
(1026,6)
(1027,1)
(1028,2)
(1031,2)
(1033,4)
(1034,3)
(1035,5)
(1036,8)
(1066,4)
(1067,2)
(1068,3)
(1069,6)
(1070,3)
(1072,3)
(1073,2)
(1074,1)
(1084,5)
(1087,2)
(1088,1)
(1089,2)
(1097,2)
(1103,2)
(1107,7)
(1108,3)
(10064,4)
(10065,3)
(10066,13)
(10068,2)
(10069,2)
(10070,4)
(10071,5)
(10091,7)
(10092,2)
(10093,7)
(10094,6)
(10096,4)
(10097,6)
(10098,4)
(10099,1)
(10101,1)
(10104,1)
(10105,2)
(10106,4)
(10107,5)
(10108,5)
(10109,4)
(10111,1)
(10121,10)
(10122,3)
(10123,3)
(10127,2)
(10128,10)
(10130,3)
(10131,6)
(10132,4)
(85,1)
(86,1)
(87,9)
(88,4)
(91,2)
(92,1)
(93,10)
(94,5)
(1,8)
(2,40)
(5,7)
(52,4)
(53,3)
(56,6)
(57,4)
(60,1)
(137,5)
(138,2)
(139,3)
(142,2)
(143,15)
(144,5)
(145,7)
(95,7)
(97,12)
(98,3)
(100,3)
(101,4)
(102,5)
(103,4)
(230,5)
(232,12)
(233,3)
(234,3)
(236,6)
(237,1)
(238,2)
(62,1)
(63,1)
(65,1)
(67,2)
(68,5)
(69,7)
(71,1)
(72,6)
(146,2)
(149,26)
(156,1)
(160,2)
(161,3)
(163,3)
(164,2)
(166,4)
(104,6)
(106,9)
(107,4)
(110,6)
(111,6)
(112,16)
(115,6)
(119,2)
(387,1)
(388,2)
(520,2)
(574,4)
(575,3)
(576,1)
(578,1)
(579,5)
(168,3)
(170,14)
(171,4)
(172,3)
(173,2)
(176,4)
(179,13)
(239,5)
(240,7)
(241,1)
(242,5)
(243,7)
(247,6)
(248,8)
(252,12)
(1018,1)
(1019,2)
(1020,3)
(1021,2)
(1022,10)
(1023,4)
(1025,2)
(1039,1)
(1041,2)
(1042,1)
(1046,2)
(1049,2)
(1050,2)
(1051,3)
(1052,4)
(581,1)
(582,8)
(584,5)
(586,3)
(587,2)
(589,2)
(1001,5)
(253,8)
(254,7)
(255,6)
(257,2)
(259,10)
(263,11)
(265,10)
(266,4)
(1075,2)
(1076,3)
(1077,1)
(1079,3)
(1080,3)
(1081,2)
(1082,3)
(1053,1)
(1054,1)
(1055,1)
(1056,3)
(1059,1)
(1061,2)
(1062,3)
(1002,8)
(1003,1)
(1004,2)
(1006,5)
(1009,1)
(1014,16)
(1015,21)
(1016,12)
(1302,3)
(1413,14)
(1414,32)
(1415,3)
(10002,12)
(10005,13)
(10006,14)
(1111,1)
(1113,3)
(1114,1)
(1115,9)
(1123,1)
(1165,14)
(1166,14)
(1167,18)
(1168,6)
(1169,2)
(1170,5)
(1171,23)
(1173,12)
(1175,6)
(1176,1)
(10007,3)
(10014,10)
(10017,4)
(10053,4)
(10056,2)
(10057,10)
(10058,3)
(10062,5)
(10146,20)
(10403,2)
(10405,3)
(10406,6)
(10408,3)
(10409,3)
(10410,1)
(10412,1)
(10072,10)
(10073,1)
(10075,4)
(10076,12)
(10077,10)
(10078,2)
(10079,4)
(10080,8)
(1177,3)
(1180,12)
(1181,29)
(1182,24)
(1184,11)
(1186,3)
(1187,4)
(1301,9)
(10414,8)
(10424,11)
(10568,2)
(10569,6)
(10580,1)
(10581,1)
(10638,5)
(10113,2)
(10115,7)
(10116,1)
(10117,5)
(10118,5)
(10119,3)
(10120,13)
(10081,2)
(10082,3)
(10085,5)
(10086,13)
(10087,6)
(10088,8)
(10089,4)
(10133,10)
(10134,8)
(10135,4)
(10136,7)
(10140,7)
(10142,11)
(10145,18)
