(84,11)
(85,15)
(86,2)
(87,12)
(88,10)
(91,6)
(92,32)
(93,33)
(94,36)
(136,34)
(137,21)
(138,34)
(139,17)
(142,19)
(143,62)
(144,53)
(145,42)
(146,10)
(233,7)
(234,9)
(236,30)
(237,16)
(238,8)
(239,48)
(240,95)
(241,3)
(242,54)
(572,14)
(573,14)
(574,57)
(575,19)
(576,20)
(577,4)
(578,8)
(579,24)
(581,19)
(1018,33)
(1019,11)
(1020,7)
(1021,13)
(1022,22)
(1023,15)
(1024,13)
(1025,23)
(1026,43)
(1074,9)
(1075,12)
(1076,7)
(1077,11)
(1078,4)
(1079,14)
(1080,6)
(1081,24)
(1082,25)
(1083,10)
(1084,8)
(1085,27)
(1087,55)
(1088,35)
(1089,15)
(1090,9)
(1091,19)
(1092,22)
(1093,1)
(1095,4)
(1096,12)
(1097,35)
(1103,24)
(1104,1)
(1107,38)
(1108,19)
(1111,22)
(10088,19)
(10089,20)
(10090,3)
(10091,25)
(10092,14)
(10093,46)
(10094,7)
(10095,22)
(10096,32)
(10109,66)
(10111,17)
(10113,31)
(10114,9)
(10115,49)
(10116,10)
(10117,32)
(10118,43)
(10119,22)
(10403,20)
(10405,8)
(10406,11)
(10408,14)
(10409,11)
(10410,13)
(10412,15)
(10414,5)
(10424,18)
(1,75)
(2,105)
(5,13)
(9,16)
(52,17)
(53,17)
(56,15)
(57,22)
(59,10)
(60,6)
(95,16)
(97,117)
(98,5)
(99,9)
(100,11)
(101,27)
(102,12)
(103,24)
(104,19)
(72,9)
(73,16)
(74,9)
(75,8)
(77,2)
(78,45)
(79,5)
(82,20)
(83,9)
(120,5)
(121,2)
(122,20)
(124,42)
(126,20)
(127,14)
(129,37)
(132,24)
(133,10)
(62,6)
(63,5)
(64,10)
(65,5)
(66,23)
(67,12)
(68,6)
(69,37)
(71,13)
(149,162)
(151,78)
(156,25)
(160,3)
(161,8)
(163,19)
(164,10)
(166,24)
(168,15)
(106,16)
(107,24)
(110,16)
(111,5)
(112,30)
(115,10)
(116,3)
(118,4)
(119,8)
(184,20)
(225,26)
(226,27)
(227,17)
(228,58)
(229,47)
(230,105)
(231,5)
(232,60)
(243,12)
(247,26)
(248,27)
(252,72)
(253,52)
(254,95)
(255,42)
(257,20)
(259,185)
(274,61)
(275,55)
(277,3)
(387,12)
(388,29)
(520,1)
(522,2)
(570,58)
(571,24)
(169,6)
(170,52)
(171,34)
(172,48)
(173,30)
(176,38)
(179,51)
(181,77)
(182,28)
(1166,169)
(1167,44)
(1168,15)
(1169,47)
(1170,17)
(1171,220)
(1173,39)
(1175,52)
(1176,29)
(582,57)
(584,16)
(586,24)
(587,15)
(589,9)
(1001,80)
(1002,103)
(1003,10)
(1004,6)
(263,163)
(264,7)
(265,21)
(266,22)
(267,24)
(268,28)
(269,24)
(270,161)
(272,41)
(1303,4)
(1413,135)
(1414,155)
(1415,40)
(10002,47)
(10005,1)
(10006,22)
(10007,51)
(10013,1)
(1005,16)
(1006,39)
(1007,2)
(1008,1)
(1009,1)
(1010,1)
(1014,218)
(1015,163)
(1016,154)
(1027,40)
(1028,64)
(1029,23)
(1031,7)
(1033,5)
(1034,24)
(1035,11)
(1036,16)
(1037,29)
(1038,2)
(10014,77)
(10017,7)
(10053,9)
(10056,55)
(10057,40)
(10058,38)
(10062,30)
(10064,52)
(10065,17)
(1049,9)
(1050,5)
(1051,3)
(1052,13)
(1053,7)
(1054,3)
(1055,10)
(1056,5)
(1057,14)
(1039,26)
(1040,17)
(1041,5)
(1042,7)
(1043,16)
(1045,3)
(1046,27)
(1047,4)
(1048,6)
(10066,26)
(10068,21)
(10069,19)
(10070,27)
(10071,39)
(10072,37)
(10073,25)
(10075,27)
(10076,35)
(1177,13)
(1180,133)
(1181,144)
(1182,87)
(1184,23)
(1186,24)
(1187,56)
(1301,47)
(1302,10)
(10077,21)
(10078,10)
(10079,29)
(10080,29)
(10081,12)
(10082,24)
(10085,17)
(10086,34)
(10087,28)
(1061,29)
(1062,21)
(1066,4)
(1067,10)
(1068,5)
(1069,7)
(1070,12)
(1072,20)
(1073,2)
(1112,4)
(1113,23)
(1114,7)
(1115,38)
(1121,33)
(1122,25)
(1123,24)
(1164,3)
(1165,182)
(10097,19)
(10098,30)
(10099,7)
(10101,76)
(10104,52)
(10105,8)
(10106,6)
(10107,5)
(10108,26)
(10120,16)
(10121,14)
(10122,11)
(10123,3)
(10127,63)
(10128,7)
(10130,8)
(10131,7)
(10132,9)
(10133,27)
(10134,51)
(10135,8)
(10136,64)
(10140,25)
(10141,4)
(10142,7)
(10145,119)
(10146,44)
(10568,56)
(10569,13)
(10570,1)
(10571,1)
(10575,1)
(10580,19)
(10581,3)
(10582,12)
(10638,116)
