(84,2)
(85,4)
(87,9)
(88,5)
(91,2)
(92,3)
(93,3)
(94,3)
(132,3)
(133,1)
(136,6)
(137,5)
(138,5)
(139,8)
(142,5)
(143,24)
(231,9)
(232,9)
(233,24)
(234,48)
(236,14)
(237,12)
(238,5)
(239,1)
(387,1)
(388,6)
(520,1)
(570,7)
(571,3)
(572,2)
(574,7)
(575,4)
(576,2)
(577,5)
(578,3)
(579,22)
(581,4)
(582,5)
(584,12)
(586,11)
(1018,1)
(1019,4)
(1020,1)
(1021,1)
(1022,2)
(1023,5)
(1024,2)
(1025,2)
(1026,3)
(1027,1)
(1028,1)
(1029,3)
(1031,3)
(1033,5)
(1034,3)
(1036,17)
(1122,12)
(1123,1)
(1165,35)
(1166,27)
(1167,44)
(1168,10)
(1169,5)
(1170,1)
(10121,5)
(10122,2)
(10123,3)
(10124,2)
(10127,19)
(10128,4)
(10130,4)
(10131,5)
(10132,1)
(10133,23)
(10134,13)
(10135,11)
(10136,5)
(10140,9)
(10141,2)
(10142,21)
(10412,2)
(10414,7)
(10424,13)
(10568,3)
(10569,3)
(10571,1)
(10580,1)
(1,38)
(2,33)
(5,20)
(52,3)
(53,7)
(56,1)
(57,1)
(59,1)
(95,10)
(97,28)
(98,10)
(99,3)
(100,6)
(101,4)
(102,1)
(103,7)
(144,6)
(145,12)
(146,2)
(149,11)
(151,4)
(156,4)
(160,5)
(164,2)
(240,2)
(241,1)
(242,3)
(243,5)
(247,3)
(248,13)
(252,16)
(253,4)
(62,1)
(63,2)
(64,1)
(65,1)
(67,2)
(68,7)
(69,2)
(71,6)
(1078,1)
(1079,8)
(1080,9)
(1081,1)
(1083,1)
(1084,9)
(1085,4)
(1087,8)
(104,5)
(106,12)
(107,1)
(110,14)
(111,12)
(112,12)
(116,4)
(1088,3)
(1089,6)
(1091,1)
(1092,16)
(1093,4)
(1097,4)
(1103,2)
(1104,4)
(166,7)
(168,2)
(170,14)
(173,4)
(176,3)
(179,1)
(181,8)
(1184,2)
(1186,3)
(1187,37)
(1303,1)
(1413,21)
(1414,47)
(1415,6)
(10002,7)
(254,6)
(255,32)
(257,3)
(259,29)
(263,47)
(264,1)
(265,29)
(266,1)
(10064,5)
(10065,5)
(10066,12)
(10069,1)
(10070,3)
(10071,6)
(10072,4)
(1069,11)
(1070,5)
(1072,2)
(1073,2)
(1074,9)
(1075,3)
(1076,3)
(1077,6)
(10145,61)
(10146,52)
(10403,7)
(10405,3)
(10406,4)
(10408,4)
(10409,24)
(10410,30)
(1107,14)
(1108,1)
(1111,11)
(1113,15)
(1114,6)
(1115,20)
(1121,2)
(72,9)
(73,7)
(74,1)
(75,2)
(77,2)
(78,14)
(79,2)
(82,5)
(1171,10)
(1173,18)
(1175,7)
(1176,6)
(1177,8)
(1180,42)
(1181,3)
(1182,14)
(119,5)
(120,2)
(121,2)
(122,3)
(124,1)
(127,2)
(128,1)
(129,9)
(10005,6)
(10006,8)
(10013,25)
(10014,1)
(10053,1)
(10056,10)
(10057,11)
(10062,4)
(182,5)
(184,1)
(225,6)
(226,58)
(227,4)
(228,18)
(229,13)
(230,15)
(267,19)
(268,41)
(269,9)
(270,47)
(272,10)
(274,25)
(275,3)
(10114,1)
(10115,3)
(10116,1)
(10117,12)
(10118,2)
(10119,3)
(10120,6)
(1001,24)
(1002,30)
(1004,5)
(1005,2)
(1006,3)
(1014,29)
(1015,36)
(1016,17)
(1037,6)
(1039,5)
(1041,4)
(1042,1)
(1043,2)
(1046,4)
(1048,6)
(1049,1)
(1050,1)
(1052,1)
(1053,3)
(1054,1)
(1057,1)
(1066,1)
(1067,1)
(10073,4)
(10075,2)
(10076,5)
(10077,10)
(10078,5)
(10079,4)
(10080,7)
(10081,6)
(10082,10)
(10085,2)
(10086,5)
(10087,13)
(10089,5)
(10090,3)
(10091,2)
(10092,2)
(10093,10)
(10094,12)
(10095,4)
(10096,3)
(10097,22)
(10098,12)
(10099,4)
(10101,3)
(10104,4)
(10105,2)
(10106,1)
(10107,3)
(10108,5)
(10109,17)
(10111,2)
(10113,10)
