(1,11)
(2,58)
(5,7)
(9,2)
(11,3)
(52,1)
(53,5)
(56,8)
(57,15)
(95,25)
(97,47)
(98,11)
(99,4)
(100,16)
(101,5)
(102,7)
(103,19)
(104,18)
(149,58)
(151,41)
(156,6)
(160,37)
(161,2)
(163,1)
(164,6)
(166,14)
(168,10)
(247,12)
(248,11)
(252,19)
(253,5)
(254,31)
(255,73)
(257,16)
(259,21)
(263,69)
(586,21)
(589,3)
(590,5)
(591,10)
(1001,32)
(1002,41)
(1004,3)
(1005,2)
(1006,4)
(1023,10)
(1024,12)
(1025,26)
(1026,13)
(1027,5)
(1028,4)
(1029,13)
(1031,12)
(1032,2)
(1042,3)
(1043,5)
(1045,2)
(1046,17)
(1047,2)
(1048,9)
(1049,3)
(1050,2)
(1051,4)
(10062,10)
(10064,15)
(10065,13)
(10066,13)
(10068,46)
(10069,22)
(10070,14)
(10071,21)
(10072,13)
(10093,55)
(10094,45)
(10095,10)
(10096,20)
(10097,36)
(10098,27)
(10099,13)
(10101,2)
(10104,30)
(10116,7)
(10117,15)
(10118,17)
(10119,4)
(10120,20)
(10121,20)
(10122,12)
(10123,21)
(10124,12)
(83,3)
(84,2)
(85,8)
(87,20)
(88,13)
(91,18)
(92,13)
(93,22)
(94,25)
(136,30)
(137,19)
(138,17)
(139,9)
(142,9)
(143,57)
(144,14)
(145,23)
(146,5)
(59,8)
(61,2)
(62,6)
(63,5)
(64,2)
(65,6)
(66,5)
(67,35)
(68,17)
(234,68)
(236,15)
(237,28)
(238,35)
(239,40)
(240,10)
(241,9)
(242,10)
(243,3)
(106,14)
(107,14)
(108,9)
(110,18)
(111,16)
(112,14)
(115,9)
(116,11)
(118,2)
(574,27)
(575,8)
(576,7)
(577,4)
(578,2)
(579,109)
(581,12)
(582,28)
(584,35)
(169,3)
(170,39)
(171,1)
(172,18)
(173,6)
(176,23)
(179,1)
(181,16)
(182,12)
(265,18)
(266,6)
(267,21)
(268,62)
(269,14)
(270,23)
(272,11)
(274,49)
(1033,3)
(1034,6)
(1035,5)
(1036,13)
(1037,1)
(1038,1)
(1039,15)
(1040,3)
(1041,1)
(1076,3)
(1077,15)
(1078,4)
(1079,11)
(1080,6)
(1081,2)
(1082,1)
(1083,1)
(1084,6)
(1085,6)
(1087,30)
(1088,2)
(1089,11)
(1091,7)
(1092,12)
(1093,1)
(1097,15)
(1103,11)
(1104,18)
(1107,27)
(1108,1)
(1111,46)
(1112,3)
(1113,39)
(1114,17)
(1115,123)
(1121,2)
(10002,15)
(10005,13)
(10013,21)
(10014,5)
(10017,3)
(10053,8)
(10056,29)
(10057,17)
(10058,9)
(1122,1)
(1123,2)
(1164,53)
(1165,79)
(1166,59)
(1167,33)
(1168,13)
(1169,12)
(10073,6)
(10075,12)
(10076,42)
(10077,12)
(10078,19)
(10079,26)
(10080,17)
(10081,11)
(10082,14)
(69,28)
(71,8)
(72,9)
(73,32)
(74,6)
(75,16)
(78,31)
(79,7)
(82,24)
(1170,1)
(1171,10)
(1173,11)
(1175,21)
(1176,10)
(1177,10)
(1180,40)
(1181,8)
(1182,9)
(10105,11)
(10106,7)
(10107,7)
(10108,19)
(10109,47)
(10111,4)
(10113,15)
(10114,7)
(10115,32)
(10409,7)
(10410,44)
(10412,1)
(10414,13)
(10424,27)
(10568,20)
(10569,1)
(10570,1)
(10571,3)
(119,8)
(120,10)
(121,11)
(122,6)
(124,11)
(127,2)
(129,52)
(132,3)
(133,11)
(10140,44)
(10141,6)
(10142,20)
(10145,73)
(10146,30)
(10403,10)
(10405,17)
(10406,13)
(10408,17)
(225,10)
(226,36)
(227,10)
(228,42)
(229,16)
(230,28)
(231,11)
(232,38)
(233,22)
(275,20)
(277,2)
(387,4)
(388,8)
(520,6)
(570,1)
(571,6)
(572,8)
(573,6)
(1009,4)
(1014,52)
(1015,82)
(1016,41)
(1018,19)
(1019,19)
(1020,11)
(1021,10)
(1022,9)
(1052,3)
(1053,6)
(1054,4)
(1055,3)
(1056,4)
(1057,10)
(1059,3)
(1061,7)
(1062,7)
(1066,7)
(1067,7)
(1068,2)
(1069,25)
(1070,17)
(1072,5)
(1073,7)
(1074,13)
(1075,5)
(1184,4)
(1186,12)
(1187,44)
(1301,1)
(1302,2)
(1303,4)
(1413,15)
(1414,106)
(1415,5)
(10084,27)
(10085,22)
(10086,11)
(10087,10)
(10088,5)
(10089,6)
(10090,15)
(10091,22)
(10092,9)
(10127,33)
(10128,22)
(10130,17)
(10131,6)
(10132,22)
(10133,35)
(10134,12)
(10135,12)
(10136,28)
(10572,1)
(10573,1)
(10580,2)
(10581,1)
(10582,2)
(10584,1)
(10585,1)
(10638,37)
