(69,55)
(71,14)
(72,14)
(73,35)
(74,7)
(75,15)
(77,6)
(78,22)
(79,17)
(118,1)
(119,11)
(120,7)
(121,5)
(122,8)
(124,32)
(126,1)
(127,2)
(129,57)
(181,46)
(182,39)
(225,32)
(226,120)
(227,21)
(228,82)
(229,44)
(230,43)
(231,20)
(232,61)
(274,65)
(275,34)
(277,7)
(387,2)
(388,33)
(520,3)
(522,1)
(570,41)
(571,10)
(1005,5)
(1006,40)
(1007,2)
(1008,7)
(1009,9)
(1010,1)
(1014,102)
(1015,126)
(1016,101)
(1027,19)
(1028,12)
(1029,44)
(1031,11)
(1032,2)
(1033,18)
(1034,14)
(1035,5)
(1036,18)
(1061,25)
(1062,10)
(1066,3)
(1067,5)
(1068,3)
(1069,10)
(1070,14)
(1072,5)
(1073,5)
(10072,14)
(10073,12)
(10075,9)
(10076,31)
(10077,34)
(10078,8)
(10079,22)
(10080,49)
(10081,12)
(10092,8)
(10093,55)
(10094,63)
(10095,35)
(10096,54)
(10097,31)
(10098,40)
(10099,10)
(10101,22)
(10104,24)
(10105,13)
(10106,6)
(10107,6)
(10108,10)
(10109,64)
(10111,4)
(10113,20)
(10114,14)
(10115,43)
(10116,13)
(10117,31)
(10118,34)
(10119,16)
(10120,15)
(10121,15)
(10122,5)
(10123,27)
(60,1)
(61,4)
(62,4)
(63,1)
(64,13)
(65,9)
(66,6)
(67,17)
(68,24)
(104,8)
(106,20)
(107,40)
(108,1)
(110,41)
(111,21)
(112,22)
(115,3)
(116,23)
(82,31)
(83,3)
(84,9)
(85,11)
(87,19)
(88,14)
(91,6)
(92,22)
(93,21)
(132,13)
(133,10)
(136,26)
(137,21)
(138,10)
(139,20)
(142,18)
(143,54)
(144,28)
(166,15)
(168,12)
(169,4)
(170,42)
(171,6)
(172,16)
(173,4)
(176,29)
(179,2)
(233,51)
(234,102)
(236,39)
(237,33)
(238,52)
(239,56)
(240,31)
(241,17)
(242,18)
(263,168)
(264,14)
(265,40)
(266,17)
(267,30)
(268,145)
(269,31)
(270,100)
(272,28)
(572,6)
(573,3)
(574,58)
(575,21)
(576,8)
(577,5)
(578,5)
(579,101)
(581,2)
(1018,11)
(1019,32)
(1020,8)
(1021,21)
(1022,19)
(1023,18)
(1024,15)
(1025,43)
(1026,19)
(1037,39)
(1038,8)
(1039,16)
(1040,7)
(1041,15)
(1042,8)
(1043,5)
(1045,3)
(1046,18)
(1047,4)
(1083,4)
(1084,8)
(1085,10)
(1087,26)
(1088,12)
(1089,12)
(1091,7)
(1092,35)
(1093,15)
(1095,2)
(1097,12)
(1103,24)
(1104,19)
(1107,43)
(1108,12)
(1111,80)
(1113,57)
(1114,30)
(1048,20)
(1049,4)
(1050,1)
(1052,3)
(1053,7)
(1054,7)
(1055,8)
(1056,2)
(1057,13)
(1115,119)
(1121,7)
(1122,20)
(1123,11)
(1164,102)
(1165,135)
(1166,100)
(1167,77)
(1168,22)
(1182,22)
(1186,22)
(1187,94)
(1301,2)
(1302,2)
(1303,5)
(1413,46)
(1414,189)
(1415,40)
(10057,53)
(10058,12)
(10062,17)
(10064,21)
(10065,13)
(10066,10)
(10068,32)
(10069,31)
(10070,41)
(10071,38)
(10124,49)
(10127,44)
(10128,27)
(10130,23)
(10131,20)
(10132,6)
(10133,85)
(10134,19)
(10135,38)
(10408,7)
(10409,26)
(10410,61)
(10412,3)
(10414,15)
(10424,37)
(10568,46)
(10569,8)
(10570,3)
(1,5)
(2,92)
(5,41)
(9,3)
(11,9)
(52,4)
(53,14)
(56,8)
(57,4)
(59,8)
(94,17)
(95,49)
(97,107)
(98,11)
(99,5)
(100,18)
(101,22)
(102,6)
(103,3)
(145,29)
(146,9)
(149,67)
(151,53)
(156,17)
(160,26)
(161,1)
(163,1)
(164,11)
(243,18)
(247,23)
(248,11)
(252,29)
(253,29)
(254,31)
(255,82)
(257,10)
(259,24)
(582,54)
(584,47)
(586,89)
(589,1)
(591,21)
(1001,62)
(1002,134)
(1003,2)
(1004,11)
(1074,12)
(1075,10)
(1076,9)
(1077,14)
(1078,6)
(1079,4)
(1080,5)
(1081,5)
(1082,6)
(1169,15)
(1170,3)
(1171,37)
(1173,44)
(1175,34)
(1176,27)
(1177,31)
(1180,185)
(1181,27)
(10002,31)
(10005,12)
(10006,10)
(10007,2)
(10013,86)
(10014,11)
(10017,6)
(10053,5)
(10056,45)
(10082,31)
(10084,44)
(10085,40)
(10086,25)
(10087,21)
(10088,9)
(10089,21)
(10090,15)
(10091,38)
(10136,38)
(10140,35)
(10141,5)
(10142,23)
(10145,105)
(10146,72)
(10403,32)
(10405,11)
(10406,22)
(10571,13)
(10574,3)
(10575,1)
(10576,1)
(10578,9)
(10580,2)
(10585,1)
(10586,8)
(10587,3)
