(1,65)
(2,82)
(5,20)
(9,24)
(52,8)
(53,27)
(56,10)
(57,16)
(59,4)
(94,24)
(95,13)
(97,92)
(98,12)
(99,5)
(100,12)
(101,17)
(102,11)
(103,27)
(145,43)
(146,4)
(149,139)
(151,50)
(156,19)
(160,2)
(161,6)
(163,30)
(164,12)
(241,1)
(242,26)
(243,9)
(247,34)
(248,30)
(252,61)
(253,58)
(254,62)
(255,36)
(1026,37)
(1027,40)
(1028,46)
(1029,16)
(1031,6)
(1033,5)
(1034,18)
(1035,5)
(1036,26)
(1049,11)
(1050,1)
(1052,3)
(1053,12)
(1054,5)
(1055,4)
(1056,5)
(1057,6)
(1059,4)
(1061,18)
(1062,16)
(1066,5)
(1067,9)
(1069,7)
(1070,6)
(1072,13)
(1073,4)
(1074,12)
(1413,136)
(1414,152)
(1415,36)
(10002,52)
(10005,1)
(10006,16)
(10007,79)
(10013,3)
(10014,80)
(10113,27)
(10114,5)
(10115,56)
(10116,1)
(10117,21)
(10118,41)
(10119,26)
(10120,12)
(10121,14)
(10408,11)
(10409,11)
(10410,22)
(10412,6)
(10414,8)
(10424,16)
(10568,53)
(10569,8)
(10570,1)
(10571,2)
(10574,1)
(10580,1)
(10581,2)
(10582,21)
(10583,4)
(10584,1)
(10638,91)
(71,6)
(72,10)
(73,11)
(74,8)
(75,8)
(77,2)
(78,29)
(79,11)
(82,14)
(118,6)
(119,8)
(120,8)
(121,3)
(122,15)
(124,41)
(126,20)
(127,13)
(129,38)
(83,10)
(84,9)
(85,14)
(86,1)
(87,14)
(88,10)
(91,3)
(92,25)
(93,21)
(60,3)
(62,4)
(63,2)
(64,9)
(65,3)
(66,9)
(67,15)
(68,11)
(69,27)
(104,13)
(106,18)
(107,24)
(108,4)
(110,9)
(111,16)
(112,16)
(115,25)
(116,3)
(132,28)
(133,8)
(136,26)
(137,29)
(138,27)
(139,28)
(142,11)
(143,57)
(144,31)
(166,11)
(168,12)
(169,3)
(170,53)
(171,34)
(172,20)
(173,23)
(176,18)
(179,25)
(257,6)
(259,117)
(263,130)
(264,6)
(265,24)
(266,17)
(267,29)
(268,19)
(231,2)
(232,76)
(233,2)
(234,17)
(236,31)
(237,11)
(238,21)
(239,17)
(240,69)
(181,69)
(182,22)
(184,15)
(225,39)
(226,22)
(227,7)
(228,36)
(229,30)
(230,78)
(269,24)
(270,154)
(272,37)
(274,71)
(275,32)
(277,4)
(387,10)
(388,27)
(520,3)
(1037,24)
(1039,22)
(1040,11)
(1041,10)
(1042,8)
(1043,10)
(1046,20)
(1047,3)
(1048,5)
(522,4)
(570,48)
(571,19)
(572,11)
(573,12)
(574,62)
(575,21)
(576,20)
(577,3)
(1096,6)
(1097,24)
(1103,16)
(1104,3)
(1107,33)
(1108,18)
(1111,19)
(1112,7)
(1113,43)
(578,11)
(579,30)
(581,7)
(582,43)
(584,16)
(586,69)
(587,8)
(589,8)
(1001,76)
(1084,8)
(1085,9)
(1087,38)
(1088,31)
(1089,13)
(1090,5)
(1091,7)
(1092,18)
(1095,3)
(1114,9)
(1115,82)
(1121,19)
(1122,31)
(1123,11)
(1164,20)
(1165,162)
(1166,142)
(1180,71)
(1181,147)
(1182,75)
(1184,34)
(1186,11)
(1187,26)
(1301,36)
(1302,10)
(1303,5)
(1002,98)
(1003,14)
(1004,9)
(1005,33)
(1006,20)
(1007,3)
(1009,2)
(1014,141)
(1015,114)
(10068,11)
(10069,25)
(10070,33)
(10071,27)
(10072,28)
(10073,30)
(10075,6)
(10076,20)
(10077,10)
(1016,109)
(1018,11)
(1019,12)
(1020,9)
(1021,17)
(1022,29)
(1023,15)
(1024,10)
(1025,27)
(1167,67)
(1168,16)
(1169,33)
(1170,19)
(1171,150)
(1173,43)
(1175,49)
(1176,32)
(1177,14)
(10017,10)
(10053,11)
(10056,47)
(10057,53)
(10058,35)
(10062,22)
(10064,29)
(10065,9)
(10066,21)
(10135,10)
(10136,41)
(10140,20)
(10142,18)
(10145,113)
(10146,65)
(10403,15)
(10405,5)
(10406,12)
(1075,5)
(1076,10)
(1077,8)
(1078,7)
(1079,7)
(1080,5)
(1081,24)
(1082,18)
(1083,3)
(10078,8)
(10079,19)
(10080,38)
(10081,1)
(10082,9)
(10085,18)
(10086,27)
(10087,32)
(10088,31)
(10089,21)
(10090,2)
(10091,19)
(10092,12)
(10093,55)
(10094,9)
(10095,26)
(10096,30)
(10097,35)
(10098,30)
(10099,7)
(10101,22)
(10104,23)
(10105,5)
(10106,4)
(10108,32)
(10109,67)
(10111,16)
(10122,4)
(10123,3)
(10127,53)
(10128,11)
(10130,6)
(10131,9)
(10132,8)
(10133,21)
(10134,42)
