(72,10)
(73,21)
(74,9)
(75,19)
(77,6)
(78,47)
(79,9)
(82,23)
(83,8)
(120,10)
(121,5)
(122,16)
(124,47)
(126,14)
(127,11)
(129,42)
(132,24)
(133,6)
(184,7)
(225,27)
(226,46)
(227,11)
(228,37)
(229,20)
(230,40)
(231,5)
(232,77)
(275,36)
(277,2)
(387,3)
(388,30)
(520,3)
(522,1)
(570,47)
(571,17)
(572,11)
(584,19)
(586,67)
(587,9)
(589,17)
(1001,79)
(1002,81)
(1003,9)
(1004,8)
(1005,25)
(1006,29)
(1007,4)
(1008,1)
(1009,3)
(1010,1)
(1014,147)
(1015,158)
(1016,113)
(1018,6)
(1019,6)
(1020,10)
(1021,12)
(1022,28)
(1023,18)
(1024,13)
(1025,19)
(1026,42)
(1027,24)
(1049,7)
(1050,2)
(1051,4)
(1052,7)
(1053,10)
(1054,2)
(1055,5)
(1056,8)
(1057,5)
(10078,12)
(10079,26)
(10080,30)
(10081,8)
(10082,30)
(10085,54)
(10086,22)
(10087,32)
(10088,23)
(10089,22)
(10090,5)
(10091,79)
(10092,15)
(10093,29)
(10094,34)
(10095,22)
(10096,46)
(10097,32)
(10111,19)
(10113,17)
(10114,2)
(10115,41)
(10116,24)
(10117,37)
(10118,44)
(10119,23)
(10120,28)
(10121,20)
(10122,7)
(10123,7)
(10124,8)
(10127,28)
(10128,22)
(10130,14)
(10131,22)
(10132,7)
(1,76)
(2,53)
(5,25)
(9,23)
(52,11)
(53,19)
(56,25)
(57,13)
(59,7)
(60,4)
(97,101)
(98,4)
(99,6)
(100,13)
(101,12)
(102,11)
(103,34)
(104,8)
(106,11)
(84,11)
(85,17)
(87,35)
(88,13)
(91,9)
(92,10)
(93,26)
(94,35)
(95,22)
(62,3)
(63,6)
(64,13)
(65,1)
(66,19)
(67,16)
(68,10)
(69,33)
(71,15)
(107,30)
(108,1)
(110,26)
(111,23)
(112,16)
(115,13)
(116,7)
(118,5)
(119,10)
(149,113)
(151,42)
(156,15)
(160,3)
(161,4)
(163,13)
(164,14)
(166,27)
(168,18)
(247,34)
(248,23)
(252,55)
(253,47)
(254,50)
(255,28)
(257,14)
(259,79)
(263,102)
(136,41)
(137,29)
(138,34)
(139,29)
(142,6)
(143,56)
(144,21)
(145,48)
(146,1)
(1059,1)
(1061,15)
(1062,11)
(1066,4)
(1067,3)
(1068,3)
(1069,8)
(1070,13)
(1072,13)
(169,3)
(170,62)
(171,29)
(172,26)
(173,12)
(176,21)
(179,33)
(181,96)
(182,33)
(233,7)
(234,8)
(236,37)
(237,11)
(238,21)
(239,11)
(240,76)
(242,21)
(243,11)
(1082,22)
(1083,1)
(1084,7)
(1085,7)
(1087,21)
(1088,11)
(1089,12)
(1090,3)
(1091,7)
(573,15)
(574,41)
(575,29)
(576,17)
(577,6)
(578,9)
(579,29)
(581,12)
(582,72)
(264,14)
(265,21)
(266,18)
(267,3)
(268,22)
(269,26)
(270,119)
(272,38)
(274,45)
(1092,17)
(1093,2)
(1095,1)
(1096,1)
(1097,19)
(1103,16)
(1104,1)
(1107,33)
(1108,11)
(1073,3)
(1074,9)
(1075,16)
(1076,8)
(1077,8)
(1078,9)
(1079,6)
(1080,6)
(1081,19)
(1028,35)
(1029,17)
(1031,7)
(1033,7)
(1034,30)
(1035,10)
(1036,24)
(1037,36)
(1038,5)
(1302,12)
(1303,5)
(1413,137)
(1414,169)
(1415,35)
(10002,47)
(10006,38)
(10007,79)
(10014,72)
(1111,15)
(1112,2)
(1113,18)
(1114,8)
(1115,71)
(1121,16)
(1122,24)
(1123,27)
(1164,19)
(1039,12)
(1040,9)
(1041,11)
(1042,13)
(1043,6)
(1045,2)
(1046,22)
(1047,5)
(1048,4)
(10568,33)
(10569,8)
(10570,2)
(10581,1)
(10582,22)
(10583,5)
(10584,1)
(10585,9)
(10638,103)
(1165,129)
(1166,118)
(1167,66)
(1168,22)
(1169,35)
(1170,29)
(1171,103)
(1173,40)
(1175,44)
(10017,8)
(10053,9)
(10056,37)
(10057,48)
(10058,7)
(10062,23)
(10064,37)
(10065,10)
(10066,17)
(1176,23)
(1177,26)
(1180,72)
(1181,155)
(1182,81)
(1184,29)
(1186,12)
(1187,22)
(1301,42)
(10403,15)
(10405,4)
(10406,10)
(10408,18)
(10409,22)
(10410,17)
(10412,6)
(10414,24)
(10424,31)
(10068,32)
(10069,20)
(10070,17)
(10071,36)
(10072,19)
(10073,24)
(10075,18)
(10076,80)
(10077,42)
(10098,65)
(10099,4)
(10101,18)
(10104,18)
(10105,28)
(10106,8)
(10107,6)
(10108,23)
(10109,60)
(10133,88)
(10134,56)
(10135,36)
(10136,41)
(10140,47)
(10141,5)
(10142,17)
(10145,128)
(10146,66)
