(59,3)
(60,4)
(62,1)
(63,1)
(64,5)
(65,4)
(66,8)
(67,12)
(68,18)
(104,7)
(106,18)
(107,23)
(108,1)
(110,32)
(111,25)
(112,41)
(115,22)
(116,10)
(164,6)
(166,19)
(168,3)
(169,3)
(170,64)
(171,11)
(172,8)
(173,13)
(176,13)
(259,27)
(263,27)
(264,4)
(265,12)
(266,14)
(267,8)
(268,13)
(269,17)
(270,55)
(1001,21)
(1002,37)
(1003,14)
(1004,3)
(1005,1)
(1006,11)
(1009,2)
(1014,70)
(1015,97)
(1037,2)
(1038,8)
(1039,9)
(1040,3)
(1041,6)
(1042,7)
(1043,2)
(1046,12)
(1047,2)
(1049,8)
(1050,1)
(1051,6)
(1052,7)
(1053,3)
(1054,1)
(1055,2)
(1056,5)
(1057,6)
(1073,14)
(1074,4)
(1075,3)
(1076,5)
(1077,7)
(1078,5)
(1079,13)
(1080,14)
(1081,16)
(10088,18)
(10089,15)
(10091,60)
(10092,6)
(10093,20)
(10094,22)
(10095,21)
(10096,14)
(10097,24)
(10403,8)
(10405,4)
(10406,23)
(10408,13)
(10409,19)
(10410,17)
(10412,1)
(10414,17)
(10424,27)
(69,21)
(71,8)
(72,4)
(73,14)
(74,7)
(75,9)
(78,25)
(79,4)
(82,22)
(118,4)
(119,12)
(120,7)
(121,4)
(122,14)
(124,25)
(126,2)
(127,16)
(129,30)
(1,55)
(2,54)
(5,10)
(9,6)
(11,9)
(52,3)
(53,15)
(56,14)
(57,7)
(83,3)
(84,3)
(85,14)
(86,4)
(87,24)
(88,8)
(91,9)
(92,12)
(93,21)
(179,31)
(181,55)
(182,28)
(225,9)
(226,28)
(227,8)
(228,18)
(229,6)
(230,32)
(272,13)
(274,47)
(275,26)
(277,1)
(387,1)
(388,6)
(520,6)
(522,1)
(570,26)
(132,11)
(133,9)
(136,37)
(137,35)
(138,14)
(139,32)
(142,4)
(143,101)
(144,14)
(94,23)
(95,13)
(97,47)
(98,11)
(99,13)
(100,17)
(101,16)
(102,16)
(103,23)
(145,59)
(146,4)
(149,89)
(151,26)
(156,7)
(160,1)
(161,1)
(163,4)
(581,8)
(582,44)
(584,17)
(586,16)
(587,1)
(589,7)
(590,9)
(591,20)
(232,49)
(233,7)
(234,10)
(236,48)
(237,14)
(238,5)
(239,9)
(240,21)
(241,6)
(242,12)
(243,9)
(247,7)
(248,6)
(252,58)
(253,24)
(254,44)
(255,62)
(257,11)
(1059,3)
(1061,4)
(1062,10)
(1066,16)
(1067,7)
(1068,2)
(1069,12)
(1070,5)
(1072,18)
(571,11)
(572,8)
(573,11)
(574,14)
(575,20)
(576,7)
(577,3)
(578,5)
(579,20)
(1016,48)
(1018,7)
(1019,7)
(1020,8)
(1021,15)
(1022,27)
(1023,25)
(1024,7)
(1025,8)
(1091,8)
(1092,3)
(1096,1)
(1097,16)
(1103,10)
(1104,7)
(1107,28)
(1108,3)
(1111,8)
(1082,14)
(1083,9)
(1084,9)
(1085,7)
(1087,12)
(1088,6)
(1089,9)
(1090,1)
(1026,24)
(1027,5)
(1028,8)
(1029,7)
(1031,4)
(1033,1)
(1034,9)
(1035,5)
(1036,34)
(10053,19)
(10056,30)
(10057,24)
(10058,5)
(10062,23)
(10064,27)
(10065,9)
(10066,22)
(10068,14)
(1113,13)
(1114,1)
(1115,35)
(1121,10)
(1122,2)
(1123,7)
(1164,4)
(1165,92)
(1166,76)
(10121,25)
(10122,10)
(10123,9)
(10124,6)
(10127,29)
(10128,12)
(10130,4)
(10131,15)
(10132,14)
(1180,36)
(1181,61)
(1182,43)
(1184,32)
(1186,8)
(1187,30)
(1301,30)
(1302,4)
(1303,2)
(1167,34)
(1168,5)
(1169,26)
(1170,25)
(1171,60)
(1173,7)
(1175,11)
(1176,7)
(1177,7)
(1413,55)
(1414,106)
(1415,6)
(10002,29)
(10005,1)
(10007,11)
(10013,4)
(10014,30)
(10017,11)
(10069,13)
(10070,8)
(10071,48)
(10072,22)
(10073,13)
(10075,14)
(10076,25)
(10077,24)
(10078,17)
(10568,19)
(10569,13)
(10580,1)
(10581,4)
(10582,7)
(10583,2)
(10585,1)
(10638,39)
(10079,19)
(10080,30)
(10081,5)
(10082,18)
(10084,3)
(10085,21)
(10086,13)
(10087,44)
(10098,32)
(10099,4)
(10101,10)
(10104,15)
(10105,10)
(10106,17)
(10107,9)
(10108,24)
(10109,37)
(10133,39)
(10134,26)
(10135,23)
(10136,26)
(10140,35)
(10141,6)
(10142,37)
(10145,59)
(10146,54)
(10111,10)
(10113,15)
(10114,3)
(10115,19)
(10116,18)
(10117,26)
(10118,17)
(10119,20)
(10120,38)
