(61,2)
(62,5)
(63,6)
(64,7)
(65,6)
(66,5)
(67,20)
(68,18)
(69,43)
(104,13)
(106,14)
(107,20)
(108,3)
(110,28)
(111,32)
(112,22)
(115,9)
(116,25)
(169,3)
(170,47)
(171,5)
(172,25)
(173,10)
(176,23)
(179,5)
(181,33)
(182,17)
(263,129)
(264,9)
(265,51)
(266,16)
(267,28)
(268,151)
(269,25)
(270,97)
(272,24)
(274,96)
(1041,19)
(1042,11)
(1043,10)
(1045,6)
(1046,17)
(1047,5)
(1048,39)
(1049,9)
(1050,2)
(1085,11)
(1087,40)
(1088,10)
(1089,17)
(1090,1)
(1091,21)
(1092,32)
(1093,10)
(1095,3)
(1097,17)
(1103,17)
(1104,10)
(1107,29)
(1108,9)
(1111,98)
(1113,60)
(1114,23)
(1115,139)
(1121,2)
(1122,33)
(1123,9)
(1164,97)
(1165,139)
(1166,111)
(1167,58)
(1168,22)
(1169,24)
(1170,9)
(10574,1)
(10575,3)
(10578,5)
(10579,2)
(10580,1)
(10581,2)
(10582,4)
(10585,2)
(10586,5)
(1,6)
(2,95)
(5,52)
(9,3)
(11,6)
(52,1)
(53,18)
(56,17)
(57,5)
(59,4)
(71,7)
(72,15)
(73,52)
(74,10)
(75,15)
(77,13)
(78,15)
(79,14)
(82,4)
(83,8)
(84,17)
(85,13)
(86,3)
(87,13)
(88,21)
(91,20)
(92,9)
(93,29)
(94,17)
(95,37)
(97,90)
(98,14)
(99,6)
(100,22)
(101,15)
(102,12)
(103,4)
(133,21)
(136,36)
(137,23)
(138,23)
(139,23)
(142,19)
(143,70)
(144,7)
(145,38)
(146,3)
(149,62)
(151,45)
(156,11)
(160,14)
(163,1)
(164,12)
(166,15)
(168,11)
(118,2)
(119,8)
(120,5)
(121,16)
(122,10)
(124,34)
(126,2)
(127,7)
(129,41)
(132,14)
(243,16)
(247,17)
(248,14)
(252,56)
(253,24)
(254,26)
(255,73)
(257,7)
(259,97)
(202,1)
(225,35)
(226,166)
(227,27)
(228,82)
(229,36)
(230,45)
(231,27)
(232,81)
(233,37)
(234,108)
(236,37)
(237,30)
(238,57)
(239,67)
(240,19)
(241,23)
(242,17)
(1021,11)
(1022,15)
(1023,21)
(1024,10)
(1025,47)
(1026,27)
(1027,14)
(1028,11)
(1029,39)
(275,44)
(277,9)
(388,25)
(520,5)
(570,40)
(571,16)
(572,9)
(573,1)
(574,52)
(575,28)
(576,3)
(577,5)
(578,4)
(579,125)
(581,11)
(582,45)
(584,29)
(586,83)
(1031,13)
(1032,1)
(1033,26)
(1034,11)
(1035,3)
(1036,24)
(1037,27)
(1038,2)
(1039,23)
(1040,12)
(1062,18)
(1066,2)
(1067,6)
(1069,13)
(1070,14)
(1072,8)
(1073,12)
(1074,6)
(1075,10)
(587,1)
(591,26)
(1001,73)
(1002,145)
(1003,1)
(1004,10)
(1005,8)
(1006,52)
(1007,3)
(1186,20)
(1187,100)
(1301,2)
(1302,3)
(1303,5)
(1413,45)
(1414,162)
(1415,89)
(10002,21)
(1076,8)
(1077,5)
(1078,7)
(1079,9)
(1080,7)
(1081,2)
(1082,1)
(1083,1)
(1084,11)
(1008,2)
(1009,7)
(1010,1)
(1014,111)
(1015,147)
(1016,146)
(1018,11)
(1019,34)
(1020,9)
(10058,16)
(10062,21)
(10064,30)
(10065,6)
(10066,15)
(10068,39)
(10069,42)
(10070,46)
(10071,47)
(1051,4)
(1052,5)
(1053,10)
(1054,1)
(1055,2)
(1056,7)
(1057,7)
(1059,5)
(1061,13)
(10005,12)
(10006,15)
(10007,3)
(10013,86)
(10014,15)
(10017,5)
(10053,8)
(10056,58)
(10057,54)
(10072,14)
(10073,14)
(10075,12)
(10076,38)
(10077,27)
(10078,12)
(10079,14)
(10080,50)
(10081,16)
(10410,72)
(10412,8)
(10414,28)
(10424,38)
(10568,24)
(10569,3)
(10570,2)
(10571,11)
(10573,1)
(1171,24)
(1173,54)
(1175,39)
(1176,30)
(1177,40)
(1180,194)
(1181,14)
(1182,33)
(1184,3)
(10092,9)
(10093,64)
(10094,46)
(10095,27)
(10096,46)
(10097,23)
(10098,26)
(10099,10)
(10101,22)
(10104,23)
(10116,9)
(10117,20)
(10118,28)
(10119,13)
(10120,8)
(10121,6)
(10122,10)
(10123,7)
(10124,32)
(10082,14)
(10084,28)
(10085,40)
(10086,28)
(10087,26)
(10088,8)
(10089,20)
(10090,26)
(10091,30)
(10105,19)
(10106,4)
(10107,10)
(10108,18)
(10109,51)
(10111,11)
(10113,45)
(10114,13)
(10115,45)
(10127,47)
(10128,38)
(10130,25)
(10131,16)
(10132,6)
(10133,86)
(10134,30)
(10135,49)
(10136,41)
(10140,18)
(10142,11)
(10145,147)
(10146,65)
(10403,26)
(10405,11)
(10406,9)
(10408,6)
(10409,23)
