(83,3)
(84,9)
(85,14)
(87,25)
(88,21)
(91,8)
(92,16)
(93,18)
(94,23)
(132,11)
(133,15)
(136,48)
(137,33)
(138,19)
(139,21)
(142,9)
(143,90)
(144,23)
(233,44)
(234,122)
(236,19)
(237,36)
(238,49)
(239,37)
(240,23)
(242,13)
(243,13)
(573,6)
(574,51)
(575,24)
(576,3)
(577,2)
(578,2)
(579,106)
(581,9)
(582,39)
(584,37)
(586,110)
(587,3)
(589,8)
(591,27)
(1001,57)
(1002,103)
(1003,3)
(1004,6)
(1005,13)
(1006,45)
(1007,1)
(1008,5)
(1009,5)
(1014,106)
(1015,152)
(1016,102)
(1018,4)
(1028,8)
(1029,31)
(1031,11)
(1033,29)
(1034,14)
(1035,5)
(1036,28)
(1037,32)
(1038,1)
(1095,1)
(1097,16)
(1103,24)
(1104,32)
(1107,40)
(1108,7)
(1111,78)
(1113,51)
(1114,23)
(10082,56)
(10085,34)
(10086,11)
(10087,29)
(10088,10)
(10089,17)
(10090,20)
(10091,25)
(10092,4)
(10093,52)
(10094,41)
(10095,27)
(10096,45)
(10097,54)
(10098,32)
(10099,14)
(10101,16)
(10104,21)
(10140,43)
(10141,6)
(10142,32)
(10145,106)
(10146,61)
(10403,18)
(10405,21)
(10406,33)
(10408,11)
(61,3)
(62,5)
(63,3)
(64,9)
(65,8)
(66,9)
(67,25)
(68,15)
(69,41)
(106,11)
(107,21)
(108,4)
(110,41)
(111,28)
(112,18)
(115,6)
(116,20)
(118,1)
(166,11)
(168,16)
(169,4)
(170,59)
(171,1)
(172,22)
(173,11)
(176,30)
(179,1)
(264,6)
(265,41)
(266,11)
(267,30)
(268,133)
(269,35)
(270,97)
(272,20)
(274,62)
(71,15)
(72,12)
(73,34)
(74,10)
(75,11)
(77,6)
(78,31)
(79,15)
(82,24)
(1182,30)
(1184,3)
(1186,18)
(1187,92)
(1302,1)
(1303,2)
(1413,61)
(1414,162)
(1415,53)
(1,7)
(2,82)
(5,44)
(9,9)
(52,4)
(53,15)
(56,11)
(57,8)
(59,8)
(60,1)
(95,35)
(97,125)
(98,8)
(99,5)
(100,18)
(101,26)
(102,11)
(103,27)
(104,16)
(119,6)
(120,7)
(121,15)
(122,15)
(124,19)
(126,2)
(127,2)
(128,1)
(129,54)
(10002,18)
(10005,11)
(10006,27)
(10007,2)
(10013,74)
(10014,12)
(10017,6)
(10053,2)
(10056,40)
(10057,50)
(10058,7)
(10062,25)
(10064,29)
(10065,18)
(10066,20)
(10068,31)
(10069,21)
(10070,34)
(10071,43)
(181,46)
(182,29)
(225,33)
(226,64)
(227,22)
(228,78)
(229,41)
(230,49)
(231,22)
(232,86)
(145,41)
(146,4)
(149,75)
(151,63)
(156,13)
(160,28)
(161,2)
(163,2)
(164,5)
(275,29)
(277,2)
(387,3)
(388,19)
(520,10)
(522,1)
(570,34)
(571,6)
(572,9)
(247,17)
(248,28)
(252,64)
(253,19)
(254,25)
(255,89)
(257,11)
(259,80)
(263,123)
(10072,8)
(10073,15)
(10075,11)
(10076,29)
(10077,26)
(10078,3)
(10079,41)
(10080,43)
(10081,16)
(1019,25)
(1020,9)
(1021,12)
(1022,8)
(1023,17)
(1024,17)
(1025,53)
(1026,23)
(1027,10)
(1039,23)
(1040,9)
(1041,6)
(1042,17)
(1043,13)
(1045,5)
(1046,19)
(1047,3)
(1048,15)
(1049,13)
(1061,20)
(1062,13)
(1066,1)
(1067,9)
(1068,4)
(1069,15)
(1070,12)
(1072,9)
(1073,5)
(1050,3)
(1051,5)
(1052,6)
(1053,5)
(1054,4)
(1055,6)
(1056,5)
(1057,4)
(1059,1)
(1083,3)
(1084,10)
(1085,11)
(1087,35)
(1088,15)
(1089,16)
(1091,18)
(1092,23)
(1093,10)
(1169,18)
(1170,9)
(1171,36)
(1173,44)
(1175,30)
(1176,25)
(1177,18)
(1180,98)
(1181,15)
(1074,11)
(1075,6)
(1076,4)
(1077,4)
(1078,10)
(1079,10)
(1080,6)
(1081,2)
(1082,3)
(1115,147)
(1121,8)
(1122,19)
(1123,14)
(1164,71)
(1165,107)
(1166,89)
(1167,79)
(1168,38)
(10116,14)
(10117,36)
(10118,38)
(10119,9)
(10120,20)
(10121,22)
(10122,8)
(10123,38)
(10124,12)
(10105,15)
(10106,12)
(10107,8)
(10108,24)
(10109,74)
(10111,4)
(10113,29)
(10114,15)
(10115,60)
(10574,3)
(10575,1)
(10578,4)
(10580,2)
(10581,4)
(10582,5)
(10586,9)
(10587,3)
(10638,76)
(10127,75)
(10128,26)
(10130,13)
(10131,30)
(10132,17)
(10133,80)
(10134,20)
(10135,44)
(10136,43)
(10409,38)
(10410,61)
(10412,3)
(10414,22)
(10424,39)
(10568,27)
(10569,5)
(10571,5)
(10572,2)
