(1,5)
(2,5)
(5,3)
(52,1)
(53,2)
(64,1)
(97,5)
(99,2)
(100,3)
(101,3)
(106,3)
(144,1)
(145,3)
(149,3)
(163,2)
(164,2)
(234,9)
(236,6)
(237,2)
(238,2)
(239,1)
(571,1)
(575,2)
(579,4)
(581,3)
(582,1)
(1171,8)
(1173,3)
(1175,1)
(1176,3)
(1177,1)
(1180,13)
(1182,2)
(1184,1)
(1187,11)
(1413,7)
(10064,1)
(10065,2)
(10066,2)
(10069,1)
(10070,1)
(10096,1)
(10097,1)
(10098,1)
(10107,1)
(10108,1)
(87,3)
(88,1)
(91,1)
(94,2)
(95,4)
(133,2)
(137,1)
(138,1)
(139,1)
(143,5)
(228,4)
(230,7)
(231,3)
(232,2)
(233,3)
(265,9)
(267,8)
(268,4)
(269,10)
(270,5)
(68,1)
(69,1)
(73,3)
(74,1)
(75,1)
(78,1)
(79,1)
(82,2)
(84,1)
(85,1)
(272,1)
(274,6)
(275,2)
(388,2)
(520,2)
(107,1)
(108,1)
(110,3)
(111,2)
(112,2)
(116,3)
(119,1)
(120,2)
(127,1)
(129,2)
(132,2)
(1033,1)
(1034,1)
(1036,3)
(1039,3)
(1046,1)
(168,2)
(170,4)
(171,1)
(172,1)
(173,1)
(176,3)
(181,1)
(182,2)
(184,2)
(226,18)
(1069,2)
(1070,2)
(1072,2)
(1073,2)
(1074,1)
(241,1)
(243,3)
(247,2)
(248,1)
(252,6)
(253,1)
(254,2)
(255,9)
(257,1)
(259,12)
(263,17)
(1091,1)
(1092,2)
(1107,3)
(1111,2)
(1113,1)
(1005,1)
(1014,7)
(1015,12)
(1016,5)
(1018,2)
(1019,1)
(10119,1)
(10120,1)
(10123,3)
(10124,1)
(10127,5)
(584,3)
(586,9)
(587,1)
(1001,4)
(1002,3)
(1115,7)
(1165,6)
(1166,8)
(1167,11)
(1168,1)
(1169,1)
(1414,9)
(1415,2)
(10002,4)
(10005,1)
(10006,2)
(1020,1)
(1022,1)
(1023,1)
(1024,2)
(1025,1)
(10013,1)
(10014,4)
(10056,4)
(10057,3)
(10062,1)
(1047,1)
(1048,2)
(1049,1)
(1051,1)
(1066,1)
(1076,2)
(1079,3)
(1080,4)
(1084,1)
(1085,1)
(10071,2)
(10072,1)
(10073,2)
(10080,3)
(10082,1)
(10085,2)
(10086,1)
(10087,3)
(10091,2)
(10093,2)
(10095,1)
(10109,2)
(10113,1)
(10114,1)
(10116,1)
(10118,3)
(10128,1)
(10133,3)
(10134,6)
(10135,1)
(10140,2)
(10409,2)
(10410,3)
(10414,2)
(10424,3)
(10638,10)
(10142,6)
(10145,18)
(10146,12)
(10406,3)
(10408,1)
