(61,6)
(62,3)
(63,2)
(64,10)
(65,6)
(66,4)
(67,14)
(68,19)
(69,35)
(104,24)
(106,18)
(107,13)
(110,27)
(111,25)
(112,14)
(115,2)
(116,18)
(118,2)
(168,9)
(169,1)
(170,50)
(171,1)
(172,8)
(173,5)
(176,22)
(179,1)
(181,43)
(257,6)
(259,54)
(263,110)
(264,6)
(265,41)
(266,7)
(267,19)
(268,95)
(269,25)
(1037,17)
(1038,2)
(1039,20)
(1040,4)
(1041,5)
(1042,10)
(1043,13)
(1045,3)
(1082,2)
(1083,2)
(1084,6)
(1085,5)
(1087,21)
(1088,8)
(1089,8)
(1091,9)
(1092,7)
(1168,15)
(1169,11)
(1170,8)
(1171,37)
(1173,54)
(1175,18)
(1176,23)
(1177,14)
(1180,94)
(1415,46)
(10002,20)
(10005,9)
(10006,17)
(10013,38)
(10014,4)
(10017,1)
(10053,5)
(10056,28)
(10091,35)
(10092,5)
(10093,43)
(10094,44)
(10095,22)
(10096,37)
(10097,27)
(10098,36)
(10099,10)
(10114,12)
(10115,24)
(10116,6)
(10117,33)
(10118,35)
(10119,8)
(10120,16)
(10121,17)
(10122,6)
(71,18)
(72,14)
(73,27)
(74,10)
(75,12)
(77,6)
(78,29)
(79,9)
(82,8)
(83,2)
(84,3)
(85,15)
(86,1)
(87,24)
(88,17)
(91,10)
(92,17)
(93,29)
(1,4)
(2,64)
(5,35)
(9,11)
(52,1)
(53,10)
(56,9)
(57,2)
(59,4)
(133,6)
(136,17)
(137,28)
(138,14)
(139,16)
(142,11)
(143,61)
(144,11)
(145,37)
(119,13)
(120,6)
(121,6)
(122,15)
(124,15)
(126,3)
(127,7)
(129,43)
(132,10)
(94,20)
(95,22)
(97,97)
(98,4)
(99,3)
(100,18)
(101,13)
(102,7)
(103,18)
(231,21)
(232,65)
(233,47)
(234,103)
(236,41)
(237,39)
(238,58)
(239,12)
(240,24)
(146,2)
(149,48)
(151,46)
(156,17)
(160,16)
(161,1)
(163,7)
(164,8)
(166,14)
(182,29)
(184,15)
(225,17)
(226,106)
(227,11)
(228,82)
(229,31)
(230,45)
(270,75)
(272,20)
(274,63)
(275,30)
(277,6)
(387,1)
(388,32)
(520,4)
(522,1)
(570,33)
(571,7)
(572,6)
(574,30)
(575,10)
(576,4)
(577,2)
(578,8)
(579,86)
(1046,13)
(1047,3)
(1048,15)
(1049,5)
(1050,1)
(1051,3)
(1053,6)
(1054,2)
(1055,4)
(241,2)
(242,9)
(243,16)
(247,26)
(248,31)
(252,31)
(253,26)
(254,23)
(255,64)
(1016,85)
(1018,20)
(1019,20)
(1020,7)
(1021,11)
(1022,11)
(1023,16)
(1024,12)
(1025,21)
(581,6)
(582,44)
(584,40)
(586,73)
(587,6)
(589,1)
(1001,59)
(1002,73)
(1003,1)
(1056,7)
(1057,10)
(1061,7)
(1062,12)
(1066,6)
(1067,8)
(1069,8)
(1070,16)
(1072,3)
(1093,3)
(1095,1)
(1097,5)
(1103,19)
(1104,18)
(1107,24)
(1108,8)
(1111,57)
(1113,56)
(1114,22)
(1115,123)
(1121,7)
(1122,21)
(1123,12)
(1164,62)
(1165,99)
(1166,104)
(1167,65)
(1004,11)
(1005,6)
(1006,22)
(1007,6)
(1008,1)
(1009,3)
(1010,1)
(1014,111)
(1015,141)
(1026,18)
(1027,18)
(1028,4)
(1029,32)
(1031,13)
(1033,26)
(1034,14)
(1035,5)
(1036,21)
(1073,8)
(1074,12)
(1075,9)
(1076,3)
(1077,6)
(1078,3)
(1079,6)
(1080,4)
(1081,2)
(1181,9)
(1182,29)
(1184,5)
(1186,5)
(1187,72)
(1302,3)
(1303,4)
(1413,37)
(1414,155)
(10070,20)
(10071,34)
(10072,13)
(10073,17)
(10075,7)
(10076,27)
(10077,20)
(10078,9)
(10079,18)
(10057,43)
(10058,8)
(10062,18)
(10064,27)
(10065,14)
(10066,16)
(10068,18)
(10069,18)
(10135,29)
(10136,40)
(10140,32)
(10141,2)
(10142,22)
(10145,118)
(10146,61)
(10403,16)
(10405,12)
(10101,14)
(10104,17)
(10105,16)
(10106,7)
(10107,7)
(10108,14)
(10109,50)
(10111,7)
(10113,22)
(10080,36)
(10081,7)
(10082,17)
(10085,34)
(10086,28)
(10087,24)
(10088,10)
(10089,19)
(10090,24)
(10570,1)
(10571,5)
(10574,2)
(10575,4)
(10580,1)
(10582,1)
(10585,4)
(10638,72)
(10123,20)
(10124,16)
(10127,61)
(10128,29)
(10130,24)
(10131,15)
(10132,10)
(10133,89)
(10134,15)
(10406,22)
(10408,2)
(10409,33)
(10410,107)
(10412,6)
(10414,18)
(10424,43)
(10568,32)
(10569,6)
