(60,7)
(61,1)
(62,6)
(63,9)
(64,10)
(65,5)
(66,12)
(67,36)
(68,27)
(104,13)
(106,16)
(107,42)
(108,4)
(110,45)
(111,41)
(112,47)
(115,41)
(116,46)
(166,43)
(168,18)
(169,6)
(170,162)
(171,28)
(172,12)
(173,14)
(176,29)
(179,67)
(181,131)
(263,106)
(264,5)
(265,23)
(266,18)
(267,10)
(268,53)
(269,22)
(270,107)
(272,16)
(1049,13)
(1050,4)
(1051,6)
(1052,13)
(1053,10)
(1054,4)
(1055,21)
(1056,6)
(1057,9)
(1059,1)
(1061,22)
(1062,25)
(1066,9)
(1067,11)
(1068,8)
(1069,13)
(1070,15)
(1072,16)
(1073,7)
(1074,11)
(1075,12)
(1076,14)
(1077,3)
(1078,9)
(1079,12)
(1080,10)
(1081,42)
(1303,7)
(1413,79)
(1414,158)
(1415,22)
(10002,55)
(10005,1)
(10007,42)
(10014,62)
(10017,19)
(10099,10)
(10101,20)
(10104,39)
(10105,31)
(10106,31)
(10107,17)
(10108,47)
(10109,86)
(10111,29)
(10123,19)
(10124,6)
(10127,47)
(10128,34)
(10130,18)
(10131,26)
(10132,48)
(10133,90)
(10134,65)
(1,59)
(2,72)
(5,65)
(9,10)
(11,24)
(52,6)
(53,34)
(56,58)
(57,21)
(59,8)
(82,39)
(83,10)
(84,20)
(85,23)
(86,6)
(87,52)
(88,31)
(91,4)
(92,25)
(93,42)
(94,37)
(95,22)
(97,110)
(98,9)
(99,6)
(100,23)
(101,24)
(102,26)
(103,12)
(132,30)
(133,22)
(136,64)
(137,68)
(138,47)
(139,39)
(142,12)
(143,149)
(144,28)
(145,122)
(146,4)
(149,223)
(151,83)
(156,8)
(160,3)
(161,5)
(163,4)
(164,17)
(69,49)
(71,15)
(72,20)
(73,23)
(74,14)
(75,21)
(77,5)
(78,55)
(79,7)
(118,10)
(119,15)
(120,25)
(121,4)
(122,42)
(124,65)
(126,12)
(127,20)
(129,67)
(243,16)
(247,39)
(248,16)
(252,79)
(253,61)
(254,74)
(255,94)
(257,28)
(259,95)
(182,63)
(225,20)
(226,65)
(227,10)
(228,22)
(229,28)
(230,60)
(231,2)
(232,84)
(233,17)
(234,13)
(236,51)
(237,12)
(238,14)
(239,23)
(240,67)
(241,18)
(242,28)
(274,83)
(275,35)
(277,1)
(387,4)
(388,18)
(520,4)
(522,6)
(570,56)
(571,22)
(572,12)
(573,12)
(574,71)
(575,28)
(576,26)
(577,7)
(578,15)
(579,60)
(581,32)
(582,59)
(1038,17)
(1039,22)
(1040,9)
(1041,13)
(1042,19)
(1043,8)
(1045,2)
(1046,31)
(1047,5)
(1048,10)
(584,21)
(586,68)
(587,6)
(589,16)
(590,11)
(591,23)
(1001,149)
(1002,94)
(1003,14)
(1092,6)
(1093,1)
(1095,1)
(1096,8)
(1097,21)
(1103,33)
(1104,12)
(1107,80)
(1108,9)
(1111,28)
(1028,28)
(1029,14)
(1031,7)
(1032,1)
(1033,15)
(1034,43)
(1035,13)
(1036,77)
(1037,44)
(1004,5)
(1005,3)
(1006,30)
(1007,13)
(1009,5)
(1014,136)
(1015,223)
(1016,94)
(1018,13)
(1166,152)
(1167,70)
(1168,19)
(1169,36)
(1170,40)
(1171,133)
(1173,34)
(1175,56)
(1176,16)
(1112,6)
(1113,34)
(1114,3)
(1115,115)
(1121,36)
(1122,37)
(1123,29)
(1164,14)
(1165,174)
(1177,12)
(1180,102)
(1181,134)
(1182,83)
(1184,56)
(1186,14)
(1187,34)
(1301,25)
(1302,15)
(10070,20)
(10071,71)
(10072,50)
(10073,10)
(10075,16)
(10076,97)
(10077,54)
(10078,24)
(10079,57)
(1019,15)
(1020,11)
(1021,20)
(1022,71)
(1023,26)
(1024,19)
(1025,28)
(1026,50)
(1027,18)
(1082,23)
(1083,8)
(1084,16)
(1085,15)
(1087,40)
(1088,17)
(1089,14)
(1090,5)
(1091,13)
(10135,47)
(10136,94)
(10140,46)
(10141,5)
(10142,66)
(10145,89)
(10146,75)
(10403,27)
(10405,6)
(10053,32)
(10056,100)
(10057,69)
(10058,16)
(10062,34)
(10064,68)
(10065,25)
(10066,33)
(10068,44)
(10069,24)
(10113,30)
(10114,4)
(10115,42)
(10116,25)
(10117,58)
(10118,29)
(10119,39)
(10120,79)
(10121,54)
(10122,13)
(10406,20)
(10408,35)
(10409,51)
(10410,52)
(10412,4)
(10414,25)
(10424,49)
(10568,78)
(10569,18)
(10080,48)
(10081,9)
(10082,53)
(10084,12)
(10085,51)
(10086,29)
(10087,87)
(10088,30)
(10089,15)
(10090,16)
(10091,94)
(10092,16)
(10093,40)
(10094,89)
(10095,27)
(10096,79)
(10097,69)
(10098,134)
(10570,1)
(10571,1)
(10573,2)
(10575,6)
(10581,2)
(10582,27)
(10583,8)
(10585,1)
(10638,82)
