(1,56)
(2,52)
(5,11)
(9,2)
(11,5)
(52,8)
(53,14)
(56,27)
(57,7)
(94,24)
(95,15)
(97,44)
(98,13)
(99,5)
(100,14)
(101,11)
(102,6)
(103,24)
(145,62)
(146,4)
(149,89)
(151,34)
(156,10)
(160,2)
(163,5)
(164,6)
(166,16)
(248,12)
(252,39)
(253,17)
(254,33)
(255,47)
(257,6)
(259,26)
(263,33)
(264,6)
(586,16)
(587,1)
(589,8)
(590,6)
(591,12)
(1001,22)
(1002,27)
(1003,11)
(1004,4)
(1028,3)
(1029,5)
(1031,1)
(1032,1)
(1033,3)
(1034,13)
(1035,1)
(1036,33)
(1037,1)
(1082,11)
(1083,5)
(1084,14)
(1085,2)
(1087,13)
(1088,5)
(1089,13)
(1090,3)
(1091,4)
(1177,6)
(1180,23)
(1181,64)
(1182,44)
(1184,20)
(1186,5)
(1187,20)
(1301,23)
(1302,7)
(10098,35)
(10099,3)
(10101,9)
(10104,4)
(10105,6)
(10106,7)
(10107,9)
(10108,18)
(10109,32)
(10111,10)
(10113,11)
(10114,2)
(10115,16)
(10116,8)
(10117,21)
(10118,11)
(10119,19)
(10120,32)
(69,10)
(71,3)
(72,10)
(73,19)
(74,6)
(75,8)
(78,27)
(79,5)
(82,20)
(83,8)
(84,2)
(85,14)
(86,1)
(87,27)
(88,2)
(91,7)
(92,20)
(93,22)
(59,2)
(60,5)
(62,2)
(63,5)
(64,4)
(65,1)
(66,7)
(67,9)
(68,13)
(104,3)
(106,12)
(107,22)
(108,2)
(110,40)
(111,23)
(112,36)
(115,12)
(116,14)
(118,3)
(119,7)
(120,8)
(121,7)
(122,7)
(124,27)
(126,2)
(127,11)
(129,29)
(168,7)
(169,4)
(170,67)
(171,12)
(172,16)
(173,4)
(176,11)
(179,54)
(181,53)
(132,13)
(133,2)
(136,19)
(137,35)
(138,18)
(139,31)
(142,6)
(143,77)
(144,12)
(182,16)
(225,5)
(226,35)
(227,7)
(228,16)
(229,5)
(230,33)
(232,35)
(234,1)
(265,7)
(266,11)
(267,8)
(268,18)
(269,8)
(270,49)
(272,19)
(274,40)
(275,25)
(277,1)
(387,2)
(388,10)
(520,2)
(522,2)
(570,23)
(571,12)
(572,3)
(573,8)
(236,20)
(237,11)
(238,6)
(239,9)
(240,24)
(241,4)
(242,11)
(243,6)
(247,12)
(1005,5)
(1006,13)
(1007,5)
(1009,1)
(1010,1)
(1014,52)
(1015,75)
(1016,36)
(1018,6)
(1092,1)
(1093,2)
(1095,1)
(1096,2)
(1097,13)
(1103,13)
(1104,2)
(1107,28)
(1108,4)
(574,20)
(575,21)
(576,9)
(577,2)
(578,4)
(579,12)
(581,8)
(582,39)
(584,10)
(1019,5)
(1020,4)
(1021,13)
(1022,27)
(1023,19)
(1024,10)
(1025,2)
(1026,17)
(1027,6)
(1111,7)
(1112,3)
(1113,9)
(1114,4)
(1115,23)
(1121,14)
(1122,3)
(1123,3)
(1165,100)
(1038,5)
(1039,11)
(1040,2)
(1041,7)
(1042,14)
(1043,4)
(1046,10)
(1047,3)
(1048,1)
(1049,8)
(1050,1)
(1051,1)
(1052,7)
(1053,7)
(1054,3)
(1055,2)
(1056,4)
(1057,1)
(1166,72)
(1167,28)
(1168,9)
(1169,29)
(1170,21)
(1171,54)
(1173,14)
(1175,23)
(1176,4)
(10053,20)
(10056,31)
(10057,14)
(10058,6)
(10062,18)
(10064,27)
(10065,10)
(10066,15)
(10068,17)
(10079,18)
(10080,19)
(10081,4)
(10082,14)
(10084,6)
(10085,18)
(10086,14)
(10087,33)
(10088,20)
(10069,10)
(10070,5)
(10071,23)
(10072,21)
(10073,11)
(10075,9)
(10076,32)
(10077,28)
(10078,15)
(1059,2)
(1061,4)
(1062,9)
(1066,3)
(1067,5)
(1068,5)
(1069,15)
(1070,12)
(1072,11)
(10089,7)
(10090,7)
(10091,59)
(10092,6)
(10093,25)
(10094,27)
(10095,13)
(10096,26)
(10097,42)
(1073,14)
(1074,5)
(1075,6)
(1076,5)
(1077,15)
(1078,8)
(1079,11)
(1080,19)
(1081,13)
(10133,35)
(10134,26)
(10135,33)
(10136,25)
(10140,27)
(10141,4)
(10142,23)
(10145,62)
(10146,58)
(10121,32)
(10122,11)
(10123,5)
(10124,4)
(10127,29)
(10128,18)
(10130,10)
(10131,20)
(10132,22)
(1303,4)
(1413,31)
(1414,130)
(1415,5)
(10002,31)
(10005,1)
(10007,12)
(10014,23)
(10017,1)
(10403,7)
(10405,1)
(10406,9)
(10408,6)
(10409,17)
(10410,9)
(10412,5)
(10414,11)
(10424,29)
(10568,11)
(10569,10)
(10572,1)
(10580,1)
(10582,10)
(10583,2)
(10584,1)
(10638,58)
