(60,9)
(62,4)
(63,6)
(64,9)
(65,1)
(66,11)
(67,17)
(68,21)
(69,33)
(104,7)
(106,18)
(107,24)
(108,1)
(110,38)
(111,42)
(112,49)
(115,19)
(116,17)
(166,22)
(168,4)
(169,3)
(170,90)
(171,19)
(172,25)
(173,9)
(176,33)
(179,40)
(259,45)
(263,65)
(264,3)
(265,10)
(266,11)
(267,12)
(268,25)
(269,12)
(270,84)
(1035,7)
(1036,36)
(1037,1)
(1038,9)
(1039,19)
(1040,1)
(1041,8)
(1042,8)
(1043,7)
(1045,2)
(1046,25)
(1047,4)
(1048,5)
(1049,14)
(1050,3)
(1051,8)
(1052,6)
(1053,8)
(1054,10)
(1055,5)
(1056,5)
(1057,11)
(1061,8)
(1062,21)
(1066,6)
(1067,2)
(1068,3)
(1069,14)
(1070,16)
(1072,17)
(1073,7)
(1074,10)
(1075,4)
(1076,5)
(1077,9)
(1078,12)
(10088,20)
(10089,16)
(10090,3)
(10091,66)
(10092,20)
(10093,42)
(10094,24)
(10095,20)
(10096,37)
(10097,40)
(10098,60)
(10099,5)
(10101,10)
(10104,29)
(10105,10)
(10106,14)
(10107,10)
(10108,23)
(10121,31)
(10122,18)
(10123,11)
(10124,2)
(10127,22)
(10128,22)
(10130,7)
(10131,24)
(10132,15)
(10403,5)
(10405,5)
(10406,21)
(10408,18)
(10409,23)
(10410,21)
(10412,2)
(10414,10)
(10424,28)
(71,13)
(72,10)
(73,14)
(74,12)
(75,18)
(77,1)
(78,36)
(79,11)
(82,14)
(118,3)
(119,7)
(120,8)
(121,3)
(122,19)
(124,33)
(126,3)
(127,13)
(129,66)
(83,5)
(84,8)
(85,7)
(86,2)
(87,33)
(88,19)
(91,11)
(92,18)
(93,22)
(181,74)
(182,23)
(225,11)
(226,45)
(227,2)
(228,35)
(229,19)
(230,40)
(231,1)
(1,46)
(2,60)
(5,16)
(11,20)
(52,8)
(53,18)
(56,35)
(57,21)
(59,11)
(132,9)
(133,10)
(136,38)
(137,51)
(138,33)
(139,30)
(142,6)
(143,122)
(144,17)
(272,15)
(274,53)
(275,24)
(277,3)
(387,1)
(388,7)
(520,4)
(522,2)
(570,20)
(232,50)
(233,6)
(234,9)
(236,40)
(237,9)
(238,4)
(239,15)
(240,30)
(241,13)
(94,30)
(95,18)
(97,60)
(98,3)
(99,1)
(100,19)
(101,11)
(102,16)
(103,11)
(571,23)
(572,18)
(573,17)
(574,20)
(575,42)
(576,12)
(577,2)
(578,11)
(579,47)
(1014,79)
(1015,113)
(1016,72)
(1018,13)
(1019,7)
(1020,6)
(1021,8)
(1022,41)
(1023,41)
(1089,13)
(1091,6)
(1092,5)
(1096,3)
(1097,9)
(1103,4)
(1104,4)
(1107,36)
(1108,8)
(1002,47)
(1003,13)
(1004,5)
(1005,6)
(1006,18)
(1007,4)
(1008,1)
(1009,2)
(1010,2)
(145,105)
(146,5)
(149,98)
(151,40)
(156,8)
(160,3)
(161,6)
(163,6)
(164,12)
(242,19)
(243,10)
(247,15)
(248,16)
(252,58)
(253,40)
(254,43)
(255,89)
(257,20)
(1024,8)
(1025,5)
(1026,35)
(1027,11)
(1028,10)
(1029,5)
(1031,8)
(1033,2)
(1034,21)
(1176,8)
(1177,11)
(1180,60)
(1181,123)
(1182,66)
(1184,32)
(1186,10)
(1187,36)
(1301,50)
(581,10)
(582,34)
(584,26)
(586,22)
(587,3)
(589,4)
(590,4)
(591,11)
(1001,39)
(10017,13)
(10053,28)
(10056,39)
(10057,30)
(10058,8)
(10062,30)
(10064,37)
(10065,16)
(10066,26)
(1302,8)
(1303,4)
(1413,71)
(1414,138)
(1415,15)
(10002,37)
(10007,17)
(10013,5)
(10014,41)
(1079,11)
(1080,10)
(1081,16)
(1082,8)
(1083,4)
(1084,14)
(1085,8)
(1087,22)
(1088,15)
(10068,31)
(10069,17)
(10070,17)
(10071,39)
(10072,29)
(10073,8)
(10075,12)
(10076,46)
(10077,36)
(10133,67)
(10134,61)
(10135,20)
(10136,60)
(10140,44)
(10141,6)
(10142,36)
(10145,29)
(10146,57)
(1111,8)
(1112,5)
(1113,19)
(1114,4)
(1115,68)
(1121,12)
(1122,6)
(1123,19)
(1164,21)
(10109,57)
(10111,20)
(10113,15)
(10115,22)
(10116,22)
(10117,50)
(10118,16)
(10119,28)
(10120,31)
(1165,86)
(1166,90)
(1167,57)
(1168,7)
(1169,32)
(1170,20)
(1171,96)
(1173,19)
(1175,22)
(10078,23)
(10079,37)
(10080,34)
(10081,7)
(10082,19)
(10084,8)
(10085,36)
(10086,15)
(10087,45)
(10568,19)
(10569,19)
(10570,1)
(10581,3)
(10582,12)
(10583,3)
(10585,1)
(10638,99)
