(63,1)
(65,1)
(66,1)
(67,1)
(68,3)
(110,4)
(111,1)
(112,2)
(116,1)
(118,1)
(181,1)
(182,2)
(184,2)
(226,14)
(228,1)
(263,13)
(265,7)
(267,4)
(268,5)
(269,3)
(1078,1)
(1079,1)
(1081,1)
(1084,1)
(1087,1)
(1111,2)
(1113,3)
(1114,2)
(1115,2)
(1165,3)
(1187,5)
(1413,6)
(1414,13)
(1415,2)
(10002,1)
(10005,1)
(10006,1)
(10013,4)
(10014,6)
(88,1)
(92,1)
(93,1)
(95,2)
(137,3)
(138,1)
(139,1)
(142,1)
(234,8)
(237,4)
(240,2)
(243,2)
(247,4)
(69,2)
(72,1)
(73,3)
(78,1)
(87,3)
(388,1)
(520,1)
(575,1)
(577,1)
(579,5)
(119,2)
(124,1)
(129,1)
(133,1)
(136,2)
(229,2)
(230,5)
(232,2)
(233,2)
(1,3)
(2,2)
(5,3)
(56,2)
(57,2)
(1048,3)
(1053,1)
(1062,2)
(1066,1)
(1067,1)
(1091,1)
(1092,3)
(1097,1)
(1103,2)
(1104,1)
(97,5)
(98,1)
(100,3)
(101,1)
(104,1)
(10068,3)
(10069,2)
(10070,2)
(10071,3)
(10072,1)
(270,7)
(272,2)
(274,5)
(275,2)
(1022,2)
(1023,1)
(1024,3)
(1025,2)
(143,2)
(145,5)
(149,2)
(160,2)
(170,2)
(10073,2)
(10077,1)
(10078,1)
(10085,1)
(248,1)
(252,4)
(254,1)
(255,6)
(259,7)
(1026,1)
(1029,1)
(1036,1)
(1039,1)
(1041,1)
(10424,3)
(10568,1)
(10569,2)
(10638,3)
(582,2)
(586,2)
(587,2)
(1001,4)
(1002,8)
(1170,1)
(1171,3)
(1173,6)
(1176,3)
(1177,2)
(1180,4)
(1181,1)
(1182,8)
(1184,1)
(1186,2)
(1014,12)
(1015,8)
(1016,3)
(1018,1)
(1020,1)
(10105,2)
(10109,5)
(10113,2)
(10115,1)
(10116,1)
(1069,3)
(1070,3)
(1072,1)
(1077,2)
(10118,1)
(10119,4)
(10120,2)
(10121,2)
(10123,1)
(1166,9)
(1167,6)
(1168,2)
(1169,1)
(10134,1)
(10140,2)
(10142,2)
(10145,11)
(10146,5)
(10056,3)
(10062,1)
(10064,1)
(10065,1)
(10066,1)
(10087,2)
(10089,1)
(10090,1)
(10093,4)
(10104,1)
(10127,3)
(10128,2)
(10132,2)
(10133,1)
(10403,1)
(10406,4)
(10409,1)
(10410,4)
(10414,1)
