(62,10)
(63,3)
(64,5)
(66,15)
(67,12)
(68,12)
(69,25)
(71,1)
(72,7)
(108,3)
(110,21)
(111,8)
(112,22)
(115,25)
(116,14)
(118,7)
(119,11)
(169,3)
(170,50)
(171,30)
(172,52)
(173,19)
(176,22)
(179,52)
(181,84)
(182,33)
(263,175)
(264,6)
(265,10)
(266,12)
(267,16)
(268,24)
(269,23)
(270,178)
(272,36)
(1007,2)
(1010,2)
(1014,156)
(1015,163)
(1016,134)
(1018,19)
(1019,26)
(1020,2)
(1031,3)
(1033,6)
(1034,16)
(1035,6)
(1036,22)
(1037,19)
(1038,4)
(1039,28)
(1040,16)
(1096,10)
(1097,14)
(1103,21)
(1104,5)
(1107,31)
(1108,7)
(1111,21)
(1112,4)
(1113,58)
(10069,32)
(10070,21)
(10071,53)
(10072,35)
(10073,19)
(10075,21)
(10076,29)
(10077,12)
(10078,27)
(10133,20)
(10134,35)
(10135,4)
(10136,44)
(10140,23)
(10141,3)
(10142,7)
(10145,108)
(10146,38)
(85,5)
(86,3)
(87,2)
(88,3)
(92,19)
(93,42)
(94,33)
(95,30)
(97,92)
(1,31)
(2,95)
(5,16)
(9,28)
(52,13)
(53,21)
(56,12)
(57,8)
(59,4)
(98,14)
(99,9)
(100,15)
(101,32)
(102,8)
(103,31)
(104,35)
(106,30)
(107,39)
(73,18)
(74,1)
(75,25)
(77,3)
(78,23)
(79,6)
(82,6)
(83,3)
(84,9)
(136,17)
(137,32)
(138,39)
(139,17)
(142,18)
(143,55)
(144,31)
(145,32)
(146,3)
(120,7)
(121,2)
(122,14)
(124,45)
(126,24)
(127,67)
(129,25)
(132,22)
(133,5)
(149,190)
(151,71)
(156,14)
(160,1)
(161,8)
(163,33)
(164,24)
(166,23)
(168,14)
(243,5)
(247,18)
(248,41)
(252,63)
(253,59)
(254,115)
(255,38)
(257,16)
(259,218)
(184,21)
(225,21)
(226,36)
(227,12)
(228,34)
(229,19)
(230,105)
(231,3)
(232,74)
(233,5)
(234,15)
(236,54)
(237,14)
(238,16)
(239,29)
(240,73)
(242,35)
(1021,16)
(1022,28)
(1023,25)
(1024,14)
(1025,28)
(1026,27)
(1027,47)
(1028,43)
(1029,18)
(274,73)
(275,49)
(277,2)
(387,6)
(388,21)
(522,3)
(570,56)
(571,19)
(572,15)
(573,12)
(574,62)
(575,25)
(576,21)
(577,2)
(578,9)
(579,29)
(581,8)
(582,28)
(1051,3)
(1052,10)
(1053,8)
(1054,5)
(1055,3)
(1056,9)
(1057,9)
(1061,23)
(1062,17)
(584,11)
(586,22)
(587,4)
(589,8)
(1001,46)
(1002,141)
(1003,8)
(1004,4)
(1006,10)
(1075,11)
(1076,4)
(1077,8)
(1078,7)
(1079,11)
(1080,8)
(1081,45)
(1082,36)
(1083,15)
(1041,6)
(1042,10)
(1043,10)
(1045,7)
(1046,49)
(1047,3)
(1048,10)
(1049,11)
(1050,6)
(1114,4)
(1115,64)
(1121,35)
(1122,32)
(1123,24)
(1165,121)
(1166,201)
(1167,55)
(1168,29)
(1084,11)
(1085,28)
(1087,37)
(1088,23)
(1089,20)
(1090,1)
(1091,18)
(1092,12)
(1095,8)
(1414,206)
(1415,131)
(10002,60)
(10005,34)
(10006,39)
(10007,68)
(10013,1)
(10014,80)
(10017,10)
(1066,9)
(1067,9)
(1068,8)
(1069,6)
(1070,7)
(1072,8)
(1073,3)
(1074,5)
(1169,59)
(1170,33)
(1171,266)
(1173,25)
(1175,47)
(1176,38)
(1177,71)
(1180,161)
(1181,115)
(10111,21)
(10113,45)
(10114,1)
(10115,62)
(10116,8)
(10117,36)
(10118,63)
(10119,46)
(10120,17)
(10053,6)
(10056,58)
(10057,52)
(10058,17)
(10062,27)
(10064,71)
(10065,15)
(10066,28)
(10068,9)
(1182,71)
(1184,110)
(1186,18)
(1187,64)
(1301,59)
(1302,9)
(1303,7)
(1413,147)
(10079,15)
(10080,55)
(10081,9)
(10082,6)
(10085,6)
(10086,40)
(10087,73)
(10088,33)
(10089,24)
(10099,8)
(10101,44)
(10104,50)
(10105,6)
(10106,1)
(10107,2)
(10108,41)
(10109,86)
(10090,1)
(10091,13)
(10092,9)
(10093,76)
(10094,5)
(10095,19)
(10096,11)
(10097,29)
(10098,27)
(10403,49)
(10405,6)
(10406,8)
(10408,10)
(10409,4)
(10410,10)
(10412,1)
(10414,7)
(10424,8)
(10121,8)
(10122,13)
(10123,2)
(10124,2)
(10127,92)
(10128,12)
(10130,5)
(10131,3)
(10132,5)
(10568,48)
(10569,11)
(10571,1)
(10575,4)
(10580,7)
(10581,4)
(10582,17)
(10638,119)
