(1,38)
(2,43)
(5,19)
(9,26)
(52,6)
(53,10)
(56,26)
(57,26)
(59,8)
(60,4)
(95,26)
(97,94)
(98,6)
(99,3)
(100,20)
(101,19)
(102,16)
(103,37)
(104,9)
(146,2)
(149,117)
(151,42)
(156,12)
(160,3)
(161,4)
(163,11)
(164,13)
(166,19)
(243,13)
(247,33)
(248,27)
(252,61)
(253,45)
(254,44)
(255,34)
(257,12)
(259,72)
(1005,18)
(1006,32)
(1007,5)
(1010,2)
(1014,170)
(1015,155)
(1016,125)
(1018,7)
(1019,8)
(1020,11)
(1021,9)
(1022,36)
(1023,12)
(1024,4)
(1025,10)
(1026,27)
(1027,11)
(1028,22)
(1180,87)
(1181,132)
(1182,79)
(1184,37)
(1186,9)
(1187,19)
(1301,41)
(1302,10)
(1303,3)
(1413,132)
(1414,143)
(1415,27)
(10002,47)
(10006,38)
(10007,67)
(10014,52)
(10017,12)
(10053,12)
(10080,39)
(10081,7)
(10082,28)
(10085,40)
(10086,22)
(10087,48)
(10088,13)
(10089,13)
(10090,11)
(10114,2)
(10115,28)
(10116,20)
(10117,23)
(10118,42)
(10119,28)
(10120,36)
(10121,24)
(10122,7)
(72,10)
(73,11)
(74,11)
(75,22)
(77,3)
(78,41)
(79,4)
(82,17)
(83,4)
(62,7)
(63,5)
(64,7)
(65,5)
(66,25)
(67,11)
(68,19)
(69,48)
(71,9)
(119,13)
(120,9)
(121,7)
(122,14)
(124,24)
(126,22)
(127,21)
(129,40)
(132,25)
(182,20)
(225,34)
(226,44)
(227,11)
(228,34)
(229,15)
(230,43)
(231,3)
(232,60)
(106,16)
(107,21)
(108,2)
(110,16)
(111,21)
(112,37)
(115,13)
(116,5)
(118,7)
(84,6)
(85,13)
(86,2)
(87,28)
(88,16)
(91,8)
(92,13)
(93,22)
(94,28)
(168,11)
(169,2)
(170,63)
(171,20)
(172,22)
(173,19)
(176,22)
(179,30)
(181,82)
(274,47)
(275,27)
(277,6)
(387,5)
(388,16)
(520,2)
(522,4)
(570,47)
(571,14)
(1029,11)
(1031,3)
(1033,3)
(1034,26)
(1035,6)
(1036,34)
(1037,33)
(1038,4)
(1039,18)
(263,102)
(264,5)
(265,30)
(266,10)
(267,6)
(268,28)
(269,26)
(270,127)
(272,23)
(133,12)
(136,46)
(137,28)
(138,22)
(139,27)
(142,8)
(143,56)
(144,31)
(145,49)
(582,79)
(584,23)
(586,63)
(587,11)
(589,11)
(1001,55)
(1002,69)
(1003,8)
(1004,3)
(233,5)
(234,9)
(236,35)
(237,11)
(238,9)
(239,26)
(240,73)
(241,4)
(242,14)
(1040,7)
(1041,7)
(1042,15)
(1043,11)
(1045,1)
(1046,24)
(1047,6)
(1048,1)
(1049,4)
(1093,2)
(1096,1)
(1097,16)
(1103,16)
(1104,5)
(1107,38)
(1108,7)
(1111,10)
(1112,4)
(572,10)
(573,16)
(574,41)
(575,29)
(576,25)
(577,5)
(578,6)
(579,38)
(581,18)
(1113,20)
(1114,8)
(1115,70)
(1121,17)
(1122,34)
(1123,22)
(1164,15)
(1165,99)
(1166,113)
(1050,2)
(1051,4)
(1052,5)
(1053,9)
(1054,5)
(1055,7)
(1056,9)
(1057,7)
(1059,1)
(1167,49)
(1168,24)
(1169,23)
(1170,30)
(1171,108)
(1173,32)
(1175,33)
(1176,23)
(1177,16)
(10070,24)
(10071,31)
(10072,27)
(10073,30)
(10075,10)
(10076,65)
(10077,38)
(10078,8)
(10079,47)
(10056,40)
(10057,40)
(10058,5)
(10062,28)
(10064,52)
(10065,17)
(10066,24)
(10068,32)
(10069,16)
(1061,10)
(1062,18)
(1066,6)
(1067,4)
(1068,4)
(1069,5)
(1070,6)
(1072,11)
(1073,5)
(10091,73)
(10092,15)
(10093,37)
(10094,23)
(10095,28)
(10096,45)
(10097,26)
(10098,54)
(10099,7)
(10101,12)
(10104,28)
(10105,12)
(10106,8)
(10107,12)
(10108,40)
(10109,68)
(10111,17)
(10113,27)
(1074,3)
(1075,7)
(1076,8)
(1077,11)
(1078,15)
(1079,6)
(1080,8)
(1081,18)
(1082,26)
(10571,1)
(10575,1)
(10580,1)
(10582,21)
(10583,1)
(10584,2)
(10585,3)
(10638,71)
(1083,6)
(1084,8)
(1085,12)
(1087,15)
(1088,14)
(1089,9)
(1090,3)
(1091,3)
(1092,9)
(10123,10)
(10124,9)
(10127,38)
(10128,19)
(10130,16)
(10131,24)
(10132,11)
(10133,85)
(10134,59)
(10135,46)
(10136,33)
(10140,37)
(10141,7)
(10142,25)
(10145,110)
(10146,52)
(10403,9)
(10406,19)
(10408,19)
(10409,25)
(10410,23)
(10412,4)
(10414,16)
(10424,29)
(10568,26)
(10569,20)
(10570,1)
