(83,6)
(84,8)
(85,12)
(87,34)
(88,10)
(91,9)
(92,15)
(93,29)
(94,28)
(133,5)
(136,21)
(137,29)
(138,13)
(139,19)
(142,5)
(143,83)
(144,20)
(145,60)
(233,9)
(234,8)
(236,36)
(237,4)
(238,9)
(239,18)
(240,14)
(241,5)
(242,12)
(572,15)
(573,3)
(574,19)
(575,15)
(576,11)
(577,3)
(578,7)
(579,32)
(581,10)
(1027,9)
(1028,9)
(1029,2)
(1031,3)
(1032,1)
(1033,2)
(1034,7)
(1035,4)
(1036,40)
(1037,2)
(1038,6)
(1039,8)
(1041,7)
(1042,15)
(1043,5)
(1045,1)
(1046,11)
(1047,6)
(1302,6)
(1303,2)
(1413,56)
(1414,135)
(1415,5)
(10002,40)
(10005,1)
(10007,25)
(10014,30)
(10017,9)
(10053,18)
(10056,37)
(10057,28)
(10058,9)
(10062,24)
(10064,44)
(10065,18)
(10066,24)
(10146,60)
(10403,9)
(10405,6)
(10406,16)
(10408,12)
(10409,18)
(10410,7)
(10412,3)
(10414,10)
(10424,33)
(10568,23)
(10569,16)
(10580,1)
(10582,8)
(10583,1)
(10584,1)
(10638,57)
(1,59)
(2,54)
(5,13)
(9,4)
(11,12)
(52,8)
(53,15)
(56,22)
(57,11)
(59,4)
(60,3)
(62,4)
(63,1)
(64,7)
(66,7)
(67,15)
(68,18)
(69,28)
(95,20)
(97,56)
(98,4)
(99,4)
(100,4)
(101,12)
(102,13)
(103,15)
(104,6)
(71,5)
(72,9)
(73,21)
(74,6)
(75,8)
(77,1)
(78,38)
(79,7)
(82,21)
(119,6)
(120,8)
(121,6)
(122,6)
(124,36)
(126,2)
(127,11)
(129,34)
(132,10)
(146,5)
(149,95)
(151,31)
(156,4)
(160,2)
(161,6)
(163,3)
(164,11)
(166,12)
(106,16)
(107,19)
(108,1)
(110,24)
(111,33)
(112,42)
(115,17)
(116,12)
(118,7)
(168,8)
(169,3)
(170,70)
(171,11)
(172,10)
(173,7)
(176,24)
(179,38)
(181,52)
(182,23)
(225,4)
(226,27)
(227,11)
(228,19)
(229,8)
(230,33)
(231,2)
(232,45)
(243,6)
(247,17)
(248,11)
(252,46)
(253,26)
(254,38)
(255,78)
(257,12)
(259,31)
(263,74)
(264,7)
(265,6)
(266,5)
(267,11)
(268,11)
(269,6)
(270,52)
(272,21)
(582,38)
(584,14)
(586,25)
(587,1)
(589,6)
(590,10)
(591,16)
(1001,37)
(1002,32)
(274,40)
(275,12)
(277,2)
(387,1)
(388,9)
(520,4)
(522,3)
(570,18)
(571,13)
(1003,8)
(1004,8)
(1005,2)
(1006,10)
(1009,1)
(1010,2)
(1014,69)
(1015,78)
(1016,54)
(1072,17)
(1073,10)
(1074,6)
(1075,9)
(1076,1)
(1077,11)
(1078,3)
(1079,14)
(1080,17)
(1018,3)
(1019,6)
(1020,8)
(1021,8)
(1022,27)
(1023,22)
(1024,6)
(1025,5)
(1026,13)
(1048,1)
(1049,7)
(1050,3)
(1051,3)
(1052,1)
(1053,9)
(1054,3)
(1055,3)
(1056,5)
(1057,4)
(1059,2)
(1061,6)
(1062,9)
(1066,13)
(1067,7)
(1068,4)
(1069,16)
(1070,11)
(1081,13)
(1082,23)
(1083,3)
(1084,8)
(1085,5)
(1087,17)
(1088,13)
(1089,12)
(1090,3)
(1091,2)
(1092,1)
(1093,1)
(1096,6)
(1097,13)
(1103,9)
(1104,7)
(1107,29)
(1108,3)
(1111,10)
(1112,2)
(1113,20)
(1114,5)
(1115,39)
(1121,9)
(1122,4)
(1123,5)
(1164,2)
(10068,20)
(10069,16)
(10070,7)
(10071,33)
(10072,19)
(10073,16)
(10075,8)
(10076,28)
(10077,17)
(10088,22)
(10089,7)
(10090,5)
(10091,47)
(10092,11)
(10093,28)
(10094,24)
(10095,14)
(10096,27)
(1165,91)
(1166,76)
(1167,43)
(1168,14)
(1169,29)
(1170,36)
(1171,77)
(1173,7)
(1175,27)
(1176,11)
(1177,7)
(1180,40)
(1181,62)
(1182,45)
(1184,24)
(1186,9)
(1187,24)
(1301,41)
(10078,16)
(10079,19)
(10080,34)
(10081,5)
(10082,14)
(10084,7)
(10085,14)
(10086,16)
(10087,36)
(10109,40)
(10111,8)
(10113,11)
(10114,5)
(10115,28)
(10116,7)
(10117,34)
(10118,16)
(10119,17)
(10097,28)
(10098,32)
(10099,7)
(10101,9)
(10104,25)
(10105,7)
(10106,8)
(10107,6)
(10108,15)
(10120,37)
(10121,26)
(10122,12)
(10123,6)
(10124,9)
(10127,33)
(10128,14)
(10130,12)
(10131,20)
(10132,16)
(10133,52)
(10134,29)
(10135,18)
(10136,27)
(10140,46)
(10141,4)
(10142,28)
(10145,63)
