(1,45)
(2,55)
(5,18)
(9,13)
(52,8)
(53,14)
(56,24)
(57,21)
(59,5)
(93,29)
(94,29)
(95,26)
(97,107)
(98,12)
(99,7)
(100,11)
(101,19)
(102,18)
(143,52)
(144,27)
(145,20)
(146,2)
(149,140)
(151,56)
(156,19)
(160,2)
(161,7)
(238,14)
(239,18)
(240,64)
(241,1)
(242,17)
(243,7)
(247,28)
(248,27)
(252,47)
(576,20)
(577,3)
(578,7)
(579,33)
(581,8)
(582,48)
(584,10)
(586,64)
(587,14)
(1041,11)
(1042,13)
(1043,10)
(1045,2)
(1046,29)
(1047,9)
(1048,10)
(1049,7)
(1050,4)
(1176,32)
(1177,15)
(1180,78)
(1181,171)
(1182,76)
(1184,34)
(1186,8)
(1187,29)
(1301,40)
(10013,2)
(10014,78)
(10017,13)
(10053,10)
(10056,54)
(10057,45)
(10058,36)
(10062,23)
(10064,54)
(10093,41)
(10095,23)
(10096,25)
(10097,20)
(10098,48)
(10099,5)
(10101,25)
(10104,33)
(10133,5)
(10134,38)
(10136,41)
(10140,27)
(10141,1)
(10142,14)
(10145,125)
(10146,57)
(10403,11)
(60,1)
(61,1)
(62,6)
(63,6)
(64,9)
(65,1)
(66,16)
(67,11)
(68,17)
(103,29)
(104,10)
(106,10)
(107,15)
(110,23)
(111,12)
(112,20)
(115,9)
(163,15)
(164,10)
(166,9)
(168,12)
(169,2)
(170,64)
(171,34)
(172,31)
(173,32)
(253,50)
(254,73)
(255,38)
(257,9)
(259,86)
(263,145)
(264,10)
(265,26)
(266,16)
(82,21)
(83,9)
(84,4)
(85,11)
(86,1)
(87,17)
(88,8)
(91,5)
(92,15)
(1008,2)
(1009,3)
(1010,4)
(1014,105)
(1015,128)
(1016,109)
(1018,15)
(1019,16)
(1020,6)
(69,20)
(71,9)
(72,6)
(73,24)
(74,4)
(75,16)
(77,3)
(78,43)
(79,2)
(116,6)
(118,5)
(119,10)
(120,4)
(121,5)
(122,19)
(124,48)
(126,10)
(127,13)
(128,2)
(129,27)
(132,30)
(133,14)
(136,46)
(137,23)
(138,26)
(139,29)
(142,15)
(1021,7)
(1022,21)
(1023,15)
(1024,12)
(1025,38)
(1026,32)
(1027,25)
(1028,35)
(1029,11)
(229,22)
(230,44)
(231,6)
(232,62)
(233,7)
(234,13)
(236,43)
(237,8)
(176,30)
(179,27)
(181,75)
(182,29)
(184,9)
(225,28)
(226,49)
(227,8)
(228,33)
(388,29)
(520,2)
(522,4)
(570,61)
(571,25)
(572,8)
(573,18)
(574,47)
(575,28)
(1074,12)
(1075,10)
(1076,4)
(1077,8)
(1078,11)
(1079,7)
(1080,10)
(1081,21)
(1082,20)
(267,11)
(268,28)
(269,37)
(270,112)
(272,25)
(274,52)
(275,35)
(277,3)
(387,9)
(1051,3)
(1052,2)
(1053,7)
(1054,2)
(1055,6)
(1056,6)
(1057,6)
(1059,2)
(1166,164)
(1167,81)
(1168,19)
(1169,26)
(1170,30)
(1171,134)
(1173,44)
(1175,38)
(1083,10)
(1084,9)
(1085,6)
(1087,19)
(1088,19)
(1089,10)
(1090,2)
(1091,8)
(1092,15)
(589,25)
(1001,82)
(1002,84)
(1003,14)
(1004,3)
(1005,28)
(1006,25)
(1007,6)
(1031,4)
(1033,4)
(1034,27)
(1035,2)
(1036,27)
(1037,33)
(1038,4)
(1039,13)
(1040,13)
(1093,2)
(1095,3)
(1096,1)
(1097,15)
(1103,24)
(1104,5)
(1107,35)
(1108,11)
(1111,21)
(1112,3)
(1113,25)
(1114,8)
(1115,67)
(1121,13)
(1122,18)
(1123,21)
(1164,8)
(1165,136)
(1061,17)
(1062,16)
(1066,5)
(1067,10)
(1068,5)
(1069,6)
(1070,18)
(1072,19)
(1073,6)
(10106,6)
(10108,25)
(10109,73)
(10111,10)
(10113,22)
(10115,41)
(10117,27)
(10118,42)
(10119,26)
(1302,9)
(1303,8)
(1413,112)
(1414,168)
(1415,26)
(10002,46)
(10005,2)
(10006,32)
(10007,69)
(10120,12)
(10121,15)
(10122,8)
(10123,5)
(10127,44)
(10128,13)
(10130,6)
(10131,25)
(10132,9)
(10065,14)
(10066,21)
(10069,17)
(10070,18)
(10071,33)
(10072,45)
(10073,28)
(10075,12)
(10078,14)
(10405,13)
(10406,10)
(10408,21)
(10409,12)
(10410,15)
(10412,1)
(10424,21)
(10568,25)
(10569,7)
(10079,23)
(10080,43)
(10081,6)
(10082,18)
(10086,31)
(10087,41)
(10088,24)
(10089,18)
(10092,13)
(10570,2)
(10572,1)
(10580,1)
(10581,1)
(10582,23)
(10583,2)
(10584,1)
(10638,91)
