(59,10)
(60,4)
(62,4)
(63,3)
(64,3)
(65,7)
(66,4)
(67,22)
(68,22)
(104,22)
(106,12)
(107,18)
(108,2)
(110,19)
(111,22)
(112,20)
(115,4)
(116,15)
(168,5)
(169,4)
(170,35)
(171,1)
(172,6)
(173,8)
(176,18)
(179,2)
(181,11)
(263,78)
(264,2)
(265,34)
(266,15)
(267,27)
(268,74)
(269,13)
(270,23)
(582,30)
(584,40)
(586,23)
(589,12)
(590,5)
(591,16)
(1001,48)
(1002,50)
(1003,1)
(1061,8)
(1062,6)
(1066,8)
(1067,7)
(1068,2)
(1069,13)
(1070,25)
(1072,6)
(1073,8)
(1169,12)
(1170,5)
(1171,27)
(1173,16)
(1175,22)
(1176,4)
(1177,8)
(1180,33)
(1181,5)
(1182,17)
(1184,5)
(1186,10)
(1187,49)
(1301,2)
(1302,3)
(1303,7)
(1413,21)
(1414,130)
(10101,8)
(10104,17)
(10105,9)
(10106,9)
(10107,5)
(10108,19)
(10109,44)
(10111,9)
(10113,8)
(83,1)
(84,9)
(85,8)
(86,1)
(87,14)
(88,20)
(91,14)
(92,23)
(93,40)
(133,11)
(136,33)
(137,18)
(138,19)
(139,12)
(142,7)
(143,68)
(144,6)
(145,41)
(233,19)
(234,89)
(236,32)
(237,21)
(238,28)
(239,51)
(240,15)
(241,10)
(242,5)
(1,4)
(2,55)
(5,20)
(9,5)
(11,2)
(52,3)
(53,11)
(56,12)
(57,4)
(69,24)
(71,5)
(72,4)
(73,26)
(74,9)
(75,5)
(78,23)
(79,6)
(82,36)
(118,1)
(119,12)
(121,15)
(122,12)
(124,22)
(126,1)
(127,2)
(129,38)
(132,2)
(94,17)
(95,20)
(97,48)
(98,5)
(99,1)
(100,26)
(101,4)
(102,10)
(103,13)
(572,7)
(573,3)
(574,31)
(575,12)
(576,3)
(577,1)
(578,4)
(579,99)
(581,6)
(1004,5)
(1005,4)
(1006,5)
(1009,6)
(1010,2)
(1014,48)
(1015,88)
(1016,71)
(1018,14)
(146,2)
(149,37)
(151,39)
(156,2)
(160,21)
(161,3)
(163,4)
(164,3)
(166,9)
(243,11)
(247,13)
(248,12)
(252,17)
(253,6)
(254,46)
(255,77)
(257,11)
(259,31)
(182,10)
(225,11)
(226,59)
(227,10)
(228,52)
(229,25)
(230,29)
(231,13)
(232,36)
(1038,4)
(1039,12)
(1040,3)
(1041,2)
(1042,4)
(1043,5)
(1046,10)
(1047,5)
(1048,8)
(272,12)
(274,47)
(275,41)
(277,3)
(388,6)
(520,4)
(522,1)
(570,3)
(571,10)
(1097,15)
(1103,6)
(1104,26)
(1107,20)
(1108,2)
(1111,51)
(1112,1)
(1113,47)
(1114,20)
(1049,4)
(1050,3)
(1051,3)
(1052,5)
(1053,4)
(1055,1)
(1056,2)
(1057,7)
(1059,1)
(1019,14)
(1020,9)
(1021,7)
(1022,15)
(1023,15)
(1024,9)
(1025,31)
(1026,10)
(1027,5)
(10071,35)
(10072,13)
(10073,8)
(10075,9)
(10076,30)
(10077,22)
(10078,8)
(10079,18)
(10080,21)
(10114,7)
(10115,30)
(10116,3)
(10117,21)
(10118,23)
(10119,7)
(10120,14)
(10121,19)
(10122,15)
(1115,126)
(1121,6)
(1123,4)
(1164,56)
(1165,85)
(1166,55)
(1167,31)
(1168,14)
(1415,10)
(10002,8)
(10005,13)
(10007,1)
(10013,27)
(10014,7)
(10017,2)
(10053,5)
(10056,23)
(10123,10)
(10124,13)
(10127,28)
(10128,21)
(10130,18)
(10131,15)
(10132,18)
(10133,27)
(10134,14)
(10057,15)
(10058,6)
(10062,23)
(10064,27)
(10065,7)
(10066,20)
(10068,33)
(10069,26)
(10070,23)
(1028,2)
(1029,15)
(1031,6)
(1032,1)
(1033,6)
(1034,6)
(1035,4)
(1036,28)
(1037,1)
(1074,15)
(1075,6)
(1076,1)
(1077,11)
(1078,6)
(1079,8)
(1080,9)
(1081,5)
(1082,7)
(10135,27)
(10136,27)
(10140,46)
(10141,5)
(10142,15)
(10145,68)
(10146,49)
(10403,3)
(10405,13)
(1083,1)
(1084,5)
(1085,2)
(1087,20)
(1088,7)
(1089,6)
(1090,1)
(1091,3)
(1092,7)
(10081,15)
(10082,11)
(10084,30)
(10085,32)
(10086,13)
(10087,16)
(10088,12)
(10089,13)
(10090,4)
(10091,25)
(10092,9)
(10093,49)
(10094,37)
(10095,6)
(10096,13)
(10097,30)
(10098,36)
(10099,12)
(10406,12)
(10408,14)
(10409,21)
(10410,44)
(10412,2)
(10414,5)
(10424,37)
(10568,21)
(10569,10)
(10571,1)
(10573,2)
(10574,1)
(10575,1)
(10580,3)
(10582,3)
(10583,1)
(10638,47)
