(85,2)
(87,6)
(88,1)
(91,1)
(93,2)
(129,2)
(133,2)
(136,1)
(137,2)
(142,5)
(229,1)
(230,4)
(231,1)
(232,3)
(233,5)
(267,1)
(268,3)
(270,11)
(272,2)
(274,3)
(1059,1)
(1067,1)
(1070,3)
(1077,1)
(1080,1)
(1084,1)
(1085,1)
(1103,2)
(1104,1)
(1107,3)
(1168,2)
(1171,4)
(1173,3)
(1175,4)
(1176,3)
(10056,1)
(10057,2)
(10066,2)
(10068,1)
(10073,1)
(10119,1)
(10120,7)
(10121,2)
(10124,1)
(10127,3)
(10128,1)
(10130,1)
(10131,1)
(10133,1)
(10134,2)
(59,1)
(62,1)
(63,1)
(64,1)
(65,1)
(67,1)
(73,2)
(74,2)
(82,3)
(83,1)
(104,2)
(106,2)
(107,1)
(110,1)
(111,3)
(112,2)
(116,1)
(120,2)
(121,1)
(122,1)
(160,4)
(164,1)
(166,1)
(170,3)
(171,1)
(181,2)
(182,3)
(226,19)
(227,1)
(228,4)
(1,12)
(2,3)
(5,2)
(52,1)
(56,3)
(95,1)
(98,1)
(99,3)
(102,1)
(103,1)
(254,2)
(255,7)
(259,4)
(263,9)
(265,8)
(243,1)
(247,7)
(248,6)
(252,2)
(1001,3)
(1002,1)
(1006,1)
(1014,3)
(1015,2)
(143,2)
(145,2)
(149,1)
(151,1)
(156,1)
(576,1)
(579,5)
(582,1)
(584,1)
(586,3)
(234,7)
(236,2)
(237,1)
(238,2)
(239,5)
(1111,5)
(1115,2)
(1165,4)
(1166,13)
(1167,7)
(1016,9)
(1018,1)
(1019,1)
(1020,1)
(1021,1)
(275,3)
(388,2)
(571,1)
(574,1)
(575,1)
(1186,1)
(1187,6)
(1413,7)
(1414,7)
(1415,2)
(1041,1)
(1042,1)
(1046,1)
(1053,1)
(1057,1)
(10002,2)
(10006,1)
(10013,2)
(10014,3)
(10017,2)
(1022,1)
(1026,1)
(1033,2)
(1036,2)
(1038,1)
(10080,2)
(10082,4)
(10085,2)
(10086,1)
(10089,2)
(1180,8)
(1181,1)
(1182,5)
(1184,1)
(10146,10)
(10403,1)
(10406,2)
(10410,3)
(10424,2)
(10090,1)
(10091,3)
(10093,2)
(10095,1)
(10096,1)
(10075,1)
(10076,1)
(10077,3)
(10078,2)
(10079,1)
(10568,2)
(10569,2)
(10574,1)
(10638,3)
(10113,1)
(10114,1)
(10115,1)
(10116,1)
(10117,2)
(10097,2)
(10098,1)
(10099,1)
(10106,2)
(10108,1)
(10135,1)
(10136,2)
(10140,1)
(10142,1)
(10145,14)
