(71,16)
(72,9)
(73,14)
(74,6)
(75,19)
(77,4)
(79,21)
(82,31)
(83,7)
(119,11)
(120,9)
(121,1)
(122,12)
(124,59)
(126,19)
(127,17)
(129,49)
(132,24)
(133,15)
(225,16)
(226,47)
(227,14)
(228,54)
(229,13)
(230,54)
(231,3)
(232,61)
(233,7)
(277,6)
(387,1)
(388,16)
(520,2)
(522,1)
(570,69)
(571,18)
(572,10)
(573,16)
(1051,4)
(1052,8)
(1053,11)
(1054,5)
(1055,4)
(1056,5)
(1057,4)
(1059,2)
(1061,24)
(1169,38)
(1170,40)
(1171,131)
(1173,52)
(1175,31)
(1176,16)
(1177,18)
(1180,157)
(1181,148)
(1182,72)
(1184,19)
(1186,11)
(1187,30)
(1301,32)
(1302,7)
(1303,7)
(1413,98)
(1414,190)
(1415,27)
(10002,53)
(10005,2)
(10006,47)
(10007,75)
(10013,1)
(10014,76)
(10017,7)
(10053,13)
(10090,8)
(10091,52)
(10092,7)
(10093,29)
(10094,39)
(10095,30)
(10096,52)
(10097,35)
(10098,62)
(10099,7)
(10573,1)
(10574,2)
(10575,1)
(10578,8)
(10579,2)
(10581,1)
(10582,20)
(10583,2)
(10586,2)
(1,65)
(2,86)
(5,69)
(9,17)
(11,20)
(52,2)
(53,15)
(56,28)
(57,20)
(59,4)
(60,5)
(61,1)
(62,7)
(63,3)
(64,8)
(66,14)
(67,22)
(68,14)
(69,46)
(95,23)
(97,73)
(98,9)
(99,4)
(100,18)
(101,22)
(102,23)
(103,18)
(104,9)
(149,162)
(151,45)
(156,18)
(160,1)
(161,2)
(163,13)
(164,7)
(166,21)
(168,8)
(84,12)
(85,8)
(86,2)
(87,31)
(88,18)
(91,8)
(92,19)
(93,24)
(94,31)
(106,13)
(107,30)
(108,2)
(110,36)
(111,35)
(112,45)
(115,17)
(116,19)
(118,4)
(247,19)
(248,10)
(252,60)
(253,52)
(254,74)
(255,48)
(257,17)
(259,77)
(263,95)
(169,5)
(170,91)
(171,18)
(172,17)
(173,17)
(176,34)
(179,37)
(181,94)
(182,32)
(136,33)
(137,26)
(138,31)
(139,34)
(142,12)
(143,95)
(144,34)
(145,73)
(146,3)
(1041,12)
(1042,10)
(1043,13)
(1045,2)
(1046,35)
(1047,3)
(1048,6)
(1049,13)
(1050,7)
(234,14)
(236,48)
(237,11)
(238,10)
(239,23)
(240,47)
(241,10)
(242,22)
(243,5)
(574,49)
(575,29)
(576,21)
(577,4)
(578,15)
(579,37)
(581,15)
(582,59)
(584,11)
(264,4)
(265,30)
(266,8)
(267,7)
(268,28)
(269,20)
(270,135)
(272,23)
(274,61)
(275,30)
(1075,13)
(1076,7)
(1077,10)
(1078,16)
(1079,8)
(1080,4)
(1081,29)
(1082,25)
(1083,3)
(1021,8)
(1022,34)
(1023,20)
(1024,10)
(1025,26)
(1026,28)
(1027,15)
(1028,28)
(1029,10)
(1084,11)
(1085,11)
(1087,20)
(1088,16)
(1089,18)
(1090,1)
(1091,12)
(1092,8)
(1095,1)
(1031,8)
(1032,5)
(1033,2)
(1034,21)
(1035,10)
(1036,43)
(1037,38)
(1038,10)
(1039,22)
(1040,11)
(586,55)
(587,6)
(589,5)
(591,43)
(1001,63)
(1002,71)
(1003,13)
(1004,7)
(1005,6)
(1006,16)
(1007,9)
(1009,3)
(1014,128)
(1015,159)
(1016,101)
(1018,3)
(1019,11)
(1020,13)
(1096,3)
(1097,23)
(1103,15)
(1104,3)
(1107,65)
(1108,11)
(1111,15)
(1112,5)
(1113,31)
(10056,46)
(10057,41)
(10058,6)
(10062,26)
(10064,55)
(10065,20)
(10066,26)
(10068,25)
(10069,14)
(10101,12)
(10104,30)
(10105,18)
(10106,10)
(10107,10)
(10108,30)
(10109,51)
(10111,12)
(10113,18)
(1062,27)
(1066,6)
(1067,11)
(1068,2)
(1069,15)
(1070,11)
(1072,11)
(1073,4)
(1074,11)
(10070,13)
(10071,41)
(10072,30)
(10073,21)
(10075,15)
(10076,68)
(10077,52)
(10078,19)
(10079,22)
(1114,5)
(1115,54)
(1121,15)
(1122,32)
(1123,22)
(1164,8)
(1165,138)
(1166,119)
(1167,57)
(1168,17)
(10123,8)
(10124,5)
(10127,33)
(10128,18)
(10130,9)
(10131,27)
(10132,19)
(10133,82)
(10134,59)
(10406,17)
(10408,19)
(10409,24)
(10410,16)
(10412,3)
(10414,25)
(10424,39)
(10568,55)
(10569,9)
(10080,36)
(10081,7)
(10082,30)
(10084,8)
(10085,46)
(10086,24)
(10087,49)
(10088,17)
(10089,14)
(10114,6)
(10115,44)
(10116,23)
(10117,30)
(10118,33)
(10119,28)
(10120,25)
(10121,16)
(10122,12)
(10135,37)
(10136,47)
(10140,32)
(10141,1)
(10142,34)
(10145,92)
(10146,49)
(10403,15)
(10405,2)
