(82,20)
(83,5)
(84,6)
(85,10)
(86,2)
(87,16)
(88,6)
(91,5)
(92,4)
(127,4)
(129,28)
(132,5)
(133,3)
(136,14)
(137,35)
(138,9)
(139,20)
(142,6)
(228,13)
(229,8)
(230,19)
(232,29)
(233,4)
(234,3)
(236,32)
(237,15)
(238,3)
(387,1)
(388,6)
(520,5)
(570,3)
(571,9)
(574,12)
(575,10)
(576,5)
(577,2)
(1062,9)
(1081,20)
(1082,12)
(1083,7)
(1084,6)
(1085,3)
(1087,14)
(1088,3)
(1108,3)
(1111,7)
(1112,5)
(1113,6)
(1114,8)
(1115,47)
(1121,13)
(1122,1)
(1173,9)
(1175,13)
(1176,5)
(1177,10)
(1180,19)
(1181,27)
(1182,21)
(1184,14)
(10073,20)
(10075,8)
(10076,37)
(10077,24)
(10078,13)
(10079,12)
(10080,26)
(10081,6)
(10122,6)
(10123,10)
(10124,8)
(10126,18)
(10127,21)
(10128,19)
(10130,12)
(10131,17)
(10132,13)
(10146,17)
(10403,3)
(10405,5)
(10406,22)
(10409,11)
(10410,18)
(10414,12)
(10424,17)
(10568,10)
(69,18)
(71,16)
(72,19)
(73,19)
(74,8)
(75,21)
(78,24)
(79,3)
(59,4)
(60,3)
(62,7)
(63,3)
(64,9)
(65,3)
(66,3)
(67,11)
(68,13)
(115,12)
(116,20)
(118,5)
(119,6)
(120,3)
(121,2)
(122,2)
(124,14)
(102,7)
(103,18)
(104,6)
(106,12)
(107,24)
(108,3)
(110,12)
(111,16)
(112,16)
(173,8)
(176,10)
(179,24)
(181,47)
(182,13)
(225,1)
(226,12)
(227,1)
(1,114)
(2,114)
(5,7)
(9,6)
(11,9)
(52,3)
(53,7)
(56,30)
(57,16)
(161,2)
(163,1)
(164,14)
(166,23)
(168,8)
(169,5)
(170,30)
(171,27)
(172,15)
(93,17)
(94,20)
(95,34)
(97,49)
(98,16)
(99,3)
(100,16)
(101,7)
(267,1)
(268,12)
(269,2)
(270,24)
(272,4)
(274,18)
(275,26)
(277,2)
(253,16)
(254,44)
(255,68)
(257,7)
(259,21)
(263,23)
(264,4)
(265,12)
(266,4)
(591,5)
(1001,44)
(1002,21)
(1003,4)
(1004,2)
(1005,3)
(1006,10)
(1007,2)
(1008,1)
(1089,3)
(1090,1)
(1091,3)
(1092,1)
(1096,1)
(1097,11)
(1103,6)
(1104,1)
(1107,17)
(143,52)
(144,8)
(145,35)
(146,3)
(149,80)
(151,31)
(156,4)
(160,6)
(1021,4)
(1022,9)
(1023,9)
(1024,14)
(1025,10)
(1026,28)
(1027,4)
(1028,6)
(1029,2)
(239,24)
(240,23)
(241,8)
(242,2)
(243,16)
(247,13)
(248,7)
(252,35)
(578,6)
(579,19)
(581,4)
(582,18)
(584,18)
(586,6)
(589,5)
(590,2)
(1187,6)
(1301,21)
(1302,6)
(1303,3)
(1413,20)
(1414,73)
(1415,9)
(10002,35)
(10005,20)
(1031,3)
(1032,1)
(1033,8)
(1034,12)
(1035,1)
(1036,23)
(1037,1)
(1038,5)
(1039,9)
(10007,7)
(10013,7)
(10014,16)
(10017,1)
(10053,15)
(10056,9)
(10057,16)
(10058,8)
(1009,2)
(1010,1)
(1014,61)
(1015,85)
(1016,58)
(1018,3)
(1019,5)
(1020,6)
(1050,1)
(1051,2)
(1053,4)
(1054,1)
(1055,2)
(1056,4)
(1057,3)
(1059,4)
(1061,2)
(10062,18)
(10064,10)
(10065,8)
(10066,19)
(10068,28)
(10069,18)
(10070,16)
(10071,15)
(10072,37)
(1040,4)
(1041,3)
(1042,2)
(1043,2)
(1045,3)
(1046,5)
(1047,1)
(1049,3)
(10082,15)
(10084,4)
(10085,21)
(10086,15)
(10087,20)
(10088,21)
(10089,8)
(10090,7)
(10091,45)
(1123,3)
(1164,17)
(1165,63)
(1166,34)
(1167,1)
(1168,13)
(1169,13)
(1170,13)
(1171,25)
(10101,1)
(10104,13)
(10105,9)
(10106,5)
(10107,11)
(10108,23)
(10109,36)
(10111,5)
(10113,7)
(10092,6)
(10093,20)
(10094,34)
(10095,11)
(10096,14)
(10097,22)
(10098,24)
(10099,7)
(10133,16)
(10134,16)
(10135,20)
(10136,21)
(10140,21)
(10141,1)
(10142,24)
(10145,24)
(10114,1)
(10115,14)
(10116,11)
(10117,16)
(10118,17)
(10119,12)
(10120,20)
(10121,27)
(10569,13)
(10572,1)
(10580,1)
(10581,1)
(10582,3)
(10583,4)
(10584,1)
(10638,23)
