(95,7)
(97,13)
(98,3)
(99,1)
(100,1)
(102,1)
(142,2)
(143,3)
(144,3)
(145,3)
(146,2)
(149,4)
(234,9)
(236,7)
(237,2)
(238,1)
(239,5)
(240,1)
(241,1)
(570,1)
(571,2)
(574,4)
(577,1)
(578,1)
(579,15)
(582,3)
(1029,3)
(1031,1)
(1036,3)
(1041,1)
(1043,1)
(1046,2)
(1048,1)
(1050,1)
(1052,1)
(1054,2)
(1059,1)
(1061,1)
(1067,2)
(1171,5)
(1173,4)
(1175,6)
(1176,4)
(1177,4)
(1180,2)
(10090,3)
(10091,9)
(10092,3)
(10093,6)
(10094,4)
(10095,1)
(10127,7)
(10128,4)
(10130,4)
(10131,2)
(10132,2)
(10133,5)
(10135,2)
(10136,2)
(10140,5)
(10142,3)
(10145,15)
(10146,3)
(10403,1)
(10405,3)
(10406,8)
(10408,1)
(10409,1)
(10410,10)
(10414,1)
(79,2)
(82,3)
(83,2)
(87,2)
(92,1)
(93,2)
(94,3)
(69,7)
(71,1)
(72,2)
(74,2)
(75,4)
(78,3)
(127,1)
(129,4)
(132,1)
(133,1)
(136,7)
(138,3)
(139,1)
(116,1)
(118,1)
(119,1)
(120,2)
(122,1)
(124,1)
(173,1)
(176,4)
(179,1)
(182,1)
(184,2)
(225,2)
(226,14)
(228,8)
(229,4)
(230,7)
(232,6)
(233,3)
(1,22)
(2,12)
(5,6)
(53,3)
(56,4)
(59,2)
(67,5)
(269,4)
(270,10)
(272,4)
(274,12)
(275,4)
(388,1)
(104,2)
(106,1)
(107,2)
(110,5)
(111,2)
(112,4)
(115,1)
(259,10)
(263,10)
(264,2)
(265,4)
(266,1)
(267,1)
(268,6)
(156,1)
(160,2)
(163,4)
(164,4)
(166,1)
(170,3)
(172,1)
(1414,15)
(1415,1)
(10002,1)
(10005,2)
(10006,2)
(10013,5)
(1003,1)
(1004,1)
(1014,10)
(1015,11)
(1016,8)
(1018,6)
(1019,2)
(1083,1)
(1087,1)
(1089,2)
(1092,1)
(1093,1)
(1097,2)
(1103,3)
(10014,2)
(10017,1)
(10056,1)
(10057,2)
(10058,1)
(10062,1)
(10064,3)
(242,2)
(247,1)
(252,2)
(253,3)
(254,6)
(255,3)
(1123,1)
(1165,15)
(1166,5)
(1167,10)
(1168,8)
(1169,1)
(1170,2)
(10066,5)
(10068,6)
(10069,1)
(10070,2)
(10071,1)
(10072,2)
(584,3)
(586,4)
(587,2)
(589,1)
(1001,4)
(1002,2)
(1182,5)
(1186,2)
(1187,10)
(1301,1)
(1302,1)
(1303,1)
(1413,5)
(1022,1)
(1023,2)
(1024,3)
(1025,1)
(1026,2)
(1027,1)
(10073,1)
(10075,3)
(10076,1)
(10077,1)
(10078,1)
(10079,1)
(1069,4)
(1073,1)
(1074,2)
(1076,1)
(1079,4)
(1080,2)
(10424,3)
(10568,1)
(10569,3)
(10572,1)
(10582,1)
(10638,7)
(1107,2)
(1108,1)
(1111,7)
(1113,4)
(1114,3)
(1115,12)
(10080,2)
(10081,4)
(10082,1)
(10085,3)
(10087,3)
(10088,1)
(10089,2)
(10096,1)
(10097,1)
(10098,3)
(10099,1)
(10104,7)
(10105,2)
(10106,3)
(10108,3)
(10109,4)
(10113,3)
(10114,2)
(10115,4)
(10117,3)
(10118,3)
(10119,2)
(10120,3)
(10121,1)
(10122,4)
(10123,1)
(10124,1)
