(72,8)
(73,24)
(74,11)
(75,12)
(77,4)
(78,44)
(79,10)
(82,9)
(83,9)
(119,36)
(120,13)
(121,9)
(122,23)
(124,10)
(126,4)
(127,7)
(129,67)
(132,14)
(184,22)
(226,150)
(227,2)
(228,70)
(229,23)
(230,54)
(231,28)
(232,41)
(233,38)
(275,37)
(277,6)
(388,2)
(520,6)
(522,1)
(570,31)
(571,7)
(572,9)
(573,1)
(1041,17)
(1042,30)
(1043,9)
(1045,3)
(1046,42)
(1047,5)
(1048,23)
(1049,28)
(1050,4)
(1075,7)
(1076,8)
(1077,4)
(1078,4)
(1079,10)
(1080,3)
(1081,2)
(1082,4)
(1083,3)
(1084,34)
(1085,15)
(1087,25)
(1088,12)
(1089,14)
(1091,7)
(1092,34)
(1093,4)
(1169,24)
(1170,10)
(1171,44)
(1173,13)
(1175,18)
(1176,13)
(1177,4)
(1180,96)
(1181,3)
(10080,55)
(10081,33)
(10082,11)
(10085,4)
(10086,29)
(10087,65)
(10088,18)
(10089,22)
(10122,8)
(10123,11)
(10124,12)
(10127,114)
(10128,20)
(10130,14)
(10131,16)
(10132,16)
(10133,82)
(10405,11)
(10406,20)
(10408,15)
(10409,75)
(10410,92)
(10412,2)
(10414,20)
(10424,34)
(10568,44)
(1,140)
(2,114)
(5,76)
(9,11)
(52,1)
(53,24)
(56,20)
(57,3)
(59,3)
(95,36)
(97,159)
(98,32)
(99,15)
(100,31)
(101,30)
(102,10)
(103,33)
(104,5)
(84,9)
(85,18)
(86,3)
(87,38)
(88,37)
(91,17)
(92,17)
(93,30)
(94,28)
(62,6)
(63,10)
(64,4)
(65,10)
(66,3)
(67,20)
(68,30)
(69,38)
(71,3)
(133,25)
(136,29)
(137,57)
(138,19)
(139,57)
(142,10)
(143,203)
(144,14)
(145,104)
(146,6)
(149,84)
(151,38)
(156,13)
(160,6)
(163,3)
(164,5)
(166,9)
(106,55)
(107,22)
(108,4)
(110,92)
(111,76)
(112,29)
(115,8)
(116,27)
(118,2)
(247,40)
(248,10)
(252,45)
(253,20)
(254,19)
(255,153)
(257,6)
(259,56)
(263,84)
(234,106)
(236,29)
(237,41)
(238,44)
(239,10)
(240,8)
(241,6)
(242,9)
(243,16)
(168,4)
(169,5)
(170,98)
(171,2)
(172,3)
(173,6)
(176,23)
(181,15)
(182,43)
(586,33)
(587,2)
(589,1)
(1001,78)
(1002,84)
(1004,6)
(1005,5)
(1006,4)
(574,39)
(575,16)
(576,6)
(577,4)
(578,14)
(579,166)
(581,10)
(582,48)
(584,51)
(1031,11)
(1033,26)
(1034,12)
(1035,4)
(1036,98)
(1037,50)
(1038,4)
(1039,18)
(1040,7)
(264,4)
(265,64)
(266,5)
(267,48)
(268,137)
(269,18)
(270,93)
(272,27)
(274,72)
(1095,2)
(1097,10)
(1103,20)
(1104,67)
(1107,89)
(1108,9)
(1111,71)
(1112,2)
(1113,95)
(1182,26)
(1184,4)
(1186,8)
(1187,101)
(1301,2)
(1302,7)
(1303,7)
(1413,67)
(1414,230)
(1007,2)
(1008,2)
(1009,4)
(1014,118)
(1015,195)
(1016,98)
(1018,6)
(1019,15)
(1020,8)
(1051,10)
(1052,8)
(1053,11)
(1054,1)
(1055,4)
(1056,2)
(1057,11)
(1059,3)
(1061,12)
(1021,19)
(1022,49)
(1023,67)
(1024,11)
(1025,19)
(1026,11)
(1027,5)
(1028,1)
(1029,44)
(1062,14)
(1066,16)
(1067,12)
(1068,2)
(1069,12)
(1070,26)
(1072,9)
(1073,20)
(1074,15)
(1415,22)
(10002,17)
(10005,16)
(10006,44)
(10007,2)
(10013,41)
(10014,4)
(10017,11)
(10053,13)
(10113,48)
(10114,9)
(10115,40)
(10116,6)
(10117,63)
(10118,23)
(10119,23)
(10120,29)
(10121,30)
(10056,47)
(10057,47)
(10058,8)
(10062,29)
(10064,48)
(10065,23)
(10066,27)
(10068,11)
(10069,32)
(1114,33)
(1115,177)
(1121,4)
(1122,69)
(1123,8)
(1165,160)
(1166,82)
(1167,80)
(1168,18)
(10134,76)
(10135,24)
(10136,43)
(10140,24)
(10141,7)
(10142,47)
(10145,162)
(10146,133)
(10403,23)
(10070,7)
(10071,38)
(10072,17)
(10073,9)
(10075,16)
(10076,10)
(10077,20)
(10078,29)
(10079,28)
(10569,15)
(10571,1)
(10572,2)
(10575,20)
(10581,3)
(10582,1)
(10584,1)
(10638,75)
(10090,20)
(10091,19)
(10092,9)
(10093,65)
(10094,38)
(10095,19)
(10096,19)
(10097,38)
(10098,32)
(10099,29)
(10101,19)
(10104,19)
(10105,6)
(10106,12)
(10107,2)
(10108,24)
(10109,103)
(10111,10)
