(1,15)
(2,46)
(5,7)
(9,2)
(11,2)
(52,1)
(53,3)
(56,5)
(57,7)
(93,13)
(94,15)
(95,22)
(97,32)
(98,7)
(99,8)
(100,12)
(101,6)
(143,48)
(144,11)
(145,30)
(146,3)
(149,41)
(151,21)
(156,3)
(160,30)
(240,17)
(241,15)
(242,4)
(243,8)
(247,6)
(248,6)
(252,15)
(253,11)
(1038,1)
(1039,10)
(1040,3)
(1041,2)
(1042,1)
(1043,3)
(1045,2)
(1046,8)
(1072,6)
(1073,10)
(1074,16)
(1075,5)
(1076,5)
(1077,8)
(1078,5)
(1079,5)
(1080,8)
(1081,3)
(1083,2)
(1084,5)
(1085,2)
(1087,22)
(1088,5)
(1089,6)
(1091,5)
(10056,14)
(10057,6)
(10058,12)
(10062,10)
(10064,12)
(10065,5)
(10066,10)
(10068,22)
(10069,22)
(10111,4)
(10113,10)
(10114,2)
(10115,27)
(10116,3)
(10117,6)
(10118,21)
(10119,7)
(10120,19)
(10121,12)
(10122,6)
(10123,11)
(10124,11)
(10127,25)
(10128,10)
(10130,16)
(10131,7)
(10403,3)
(10405,7)
(10406,18)
(10408,6)
(10409,9)
(10410,36)
(10412,2)
(10414,7)
(10424,31)
(10568,13)
(10569,3)
(10574,1)
(10575,3)
(10576,2)
(10580,3)
(10582,2)
(10638,15)
(68,11)
(69,17)
(71,3)
(72,4)
(73,16)
(74,3)
(75,7)
(78,10)
(79,5)
(82,15)
(83,3)
(84,8)
(85,6)
(86,1)
(87,11)
(88,5)
(91,7)
(92,8)
(115,11)
(116,9)
(118,3)
(119,6)
(120,8)
(121,10)
(122,3)
(124,9)
(126,2)
(127,3)
(129,43)
(132,1)
(133,7)
(136,37)
(137,26)
(138,16)
(139,13)
(142,6)
(176,20)
(179,2)
(181,5)
(182,13)
(225,6)
(226,65)
(227,10)
(228,36)
(229,20)
(59,3)
(60,1)
(61,1)
(62,4)
(63,1)
(64,5)
(65,5)
(66,4)
(67,11)
(102,9)
(103,22)
(104,17)
(106,12)
(107,9)
(108,5)
(110,23)
(111,24)
(112,16)
(230,30)
(231,11)
(232,24)
(233,19)
(234,58)
(236,26)
(237,20)
(238,20)
(239,44)
(269,8)
(270,22)
(272,10)
(274,38)
(275,21)
(388,9)
(520,4)
(522,1)
(570,1)
(1018,18)
(1019,15)
(1020,4)
(1021,5)
(1022,10)
(1023,12)
(1024,9)
(1025,19)
(1026,6)
(163,1)
(164,4)
(166,9)
(168,6)
(169,2)
(170,24)
(171,2)
(172,10)
(173,2)
(571,5)
(572,8)
(573,2)
(574,12)
(575,7)
(576,1)
(577,7)
(578,1)
(579,45)
(254,21)
(255,66)
(257,7)
(259,20)
(263,43)
(265,16)
(266,8)
(267,24)
(268,48)
(1001,35)
(1002,38)
(1004,5)
(1005,2)
(1006,4)
(1008,1)
(1014,44)
(1015,79)
(1016,40)
(1047,1)
(1048,7)
(1049,4)
(1050,1)
(1051,3)
(1053,3)
(1054,2)
(1055,2)
(1056,3)
(1027,4)
(1028,7)
(1029,15)
(1031,5)
(1032,1)
(1033,6)
(1034,3)
(1035,3)
(1036,8)
(581,4)
(582,30)
(584,24)
(586,25)
(587,1)
(589,6)
(590,5)
(591,11)
(1114,19)
(1115,93)
(1121,1)
(1122,1)
(1123,5)
(1164,59)
(1165,76)
(1166,41)
(1167,20)
(1057,6)
(1059,2)
(1061,5)
(1062,6)
(1066,7)
(1067,6)
(1068,3)
(1069,21)
(1070,12)
(1181,10)
(1182,12)
(1184,7)
(1186,4)
(1187,33)
(1301,1)
(1302,1)
(1303,4)
(1168,7)
(1169,10)
(1170,5)
(1171,21)
(1173,14)
(1175,13)
(1176,6)
(1177,7)
(1180,37)
(10070,9)
(10071,20)
(10072,10)
(10073,9)
(10075,4)
(10076,16)
(10077,15)
(10078,8)
(10079,24)
(1092,6)
(1093,2)
(1097,6)
(1103,7)
(1104,16)
(1107,17)
(1108,5)
(1111,26)
(1113,23)
(10089,5)
(10090,5)
(10091,20)
(10092,3)
(10093,63)
(10094,30)
(10095,9)
(10096,21)
(10097,17)
(10098,29)
(10099,6)
(10101,5)
(10104,16)
(10105,6)
(10106,6)
(10107,3)
(10108,15)
(10109,39)
(10132,14)
(10133,32)
(10134,15)
(10135,16)
(10136,31)
(10140,44)
(10142,14)
(10145,53)
(10146,30)
(1413,24)
(1414,89)
(1415,6)
(10002,9)
(10005,10)
(10013,38)
(10014,8)
(10017,4)
(10053,4)
(10080,11)
(10081,8)
(10082,10)
(10084,17)
(10085,13)
(10086,12)
(10087,10)
(10088,4)
