(1,3)
(2,68)
(5,25)
(9,2)
(11,7)
(52,2)
(53,4)
(56,13)
(57,7)
(59,9)
(93,14)
(94,21)
(95,16)
(97,62)
(98,13)
(99,4)
(100,26)
(101,17)
(102,4)
(145,34)
(146,5)
(149,45)
(151,32)
(156,13)
(160,22)
(163,3)
(164,11)
(166,11)
(247,16)
(248,23)
(252,27)
(253,9)
(254,29)
(255,86)
(257,12)
(259,57)
(263,75)
(1007,3)
(1008,1)
(1009,6)
(1010,2)
(1014,88)
(1015,115)
(1016,95)
(1018,12)
(1019,11)
(1020,6)
(1021,8)
(1022,14)
(1023,15)
(1024,11)
(1025,23)
(1026,9)
(1027,9)
(1028,4)
(1050,2)
(1051,4)
(1052,3)
(1053,6)
(1054,5)
(1055,4)
(1056,3)
(1057,4)
(1059,1)
(1061,6)
(1062,10)
(1066,6)
(1067,4)
(1068,1)
(1069,11)
(1070,12)
(1072,6)
(1073,6)
(10098,21)
(10099,14)
(10101,8)
(10104,17)
(10105,10)
(10106,12)
(10107,5)
(10108,11)
(10109,49)
(10111,11)
(10113,28)
(10114,10)
(10115,38)
(10116,8)
(10117,35)
(10118,17)
(10119,9)
(10120,21)
(10403,15)
(10405,25)
(10406,33)
(10408,11)
(10409,24)
(10410,60)
(10412,3)
(10414,9)
(10424,27)
(10568,32)
(10569,10)
(10571,1)
(10573,3)
(10574,3)
(10575,1)
(10582,3)
(10585,1)
(10638,78)
(69,36)
(71,28)
(72,15)
(73,20)
(74,8)
(75,12)
(77,5)
(78,23)
(79,6)
(60,1)
(61,2)
(62,3)
(63,9)
(64,13)
(65,9)
(66,2)
(67,9)
(68,20)
(116,20)
(118,2)
(119,8)
(120,4)
(121,8)
(122,13)
(124,34)
(126,4)
(129,31)
(103,5)
(104,17)
(106,14)
(107,31)
(108,1)
(110,19)
(111,22)
(112,10)
(115,6)
(168,7)
(169,1)
(170,35)
(172,14)
(173,8)
(176,23)
(179,2)
(181,18)
(182,13)
(225,10)
(226,77)
(227,5)
(228,71)
(229,28)
(230,45)
(231,13)
(232,62)
(233,29)
(264,4)
(265,33)
(266,15)
(267,19)
(268,104)
(269,25)
(270,47)
(272,12)
(274,51)
(275,25)
(387,1)
(388,5)
(520,6)
(570,29)
(571,10)
(572,10)
(573,5)
(574,40)
(82,24)
(83,2)
(84,10)
(85,10)
(86,1)
(87,15)
(88,12)
(91,8)
(92,11)
(589,5)
(590,4)
(591,12)
(1001,51)
(1002,80)
(1003,2)
(1004,10)
(1005,7)
(1006,25)
(1113,52)
(1114,20)
(1115,94)
(1121,7)
(1122,18)
(1123,7)
(1164,68)
(1165,110)
(1166,71)
(1180,65)
(1181,5)
(1182,21)
(1184,1)
(1186,13)
(1187,50)
(1301,1)
(1302,8)
(1303,10)
(132,7)
(133,13)
(136,32)
(137,21)
(138,23)
(139,25)
(142,10)
(143,49)
(144,13)
(1029,27)
(1031,8)
(1032,1)
(1033,17)
(1034,8)
(1035,20)
(1036,22)
(1038,7)
(1039,16)
(1413,22)
(1414,101)
(1415,14)
(10002,11)
(10005,10)
(10007,1)
(10013,49)
(10014,13)
(10017,5)
(1040,7)
(1041,6)
(1042,5)
(1043,5)
(1045,2)
(1046,11)
(1047,2)
(1048,10)
(1049,7)
(234,61)
(236,25)
(237,33)
(238,45)
(239,40)
(240,18)
(241,12)
(242,10)
(243,8)
(10053,4)
(10056,25)
(10057,16)
(10058,5)
(10062,25)
(10064,35)
(10065,14)
(10066,19)
(10068,22)
(575,13)
(576,3)
(578,11)
(579,102)
(581,7)
(582,34)
(584,16)
(586,22)
(587,1)
(1074,15)
(1075,3)
(1076,4)
(1077,6)
(1078,4)
(1079,5)
(1080,5)
(1081,28)
(1082,13)
(10079,37)
(10080,25)
(10081,17)
(10082,19)
(10084,28)
(10085,19)
(10086,18)
(10087,11)
(10088,8)
(1083,4)
(1084,8)
(1085,9)
(1087,19)
(1088,5)
(1089,7)
(1090,1)
(1091,7)
(1092,9)
(1093,2)
(1095,1)
(1096,1)
(1097,14)
(1103,14)
(1104,13)
(1107,26)
(1108,3)
(1111,57)
(10089,13)
(10090,16)
(10091,27)
(10092,10)
(10093,55)
(10094,38)
(10095,9)
(10096,36)
(10097,41)
(1167,28)
(1168,13)
(1169,19)
(1170,6)
(1171,24)
(1173,30)
(1175,27)
(1176,16)
(1177,16)
(10121,12)
(10122,5)
(10123,19)
(10124,4)
(10127,31)
(10128,19)
(10130,16)
(10131,13)
(10132,14)
(10133,60)
(10134,24)
(10135,29)
(10136,41)
(10140,43)
(10141,7)
(10142,23)
(10145,62)
(10146,35)
(10069,20)
(10070,30)
(10071,25)
(10072,14)
(10073,16)
(10075,20)
(10076,39)
(10077,27)
(10078,3)
