(69,55)
(71,21)
(72,13)
(73,31)
(74,9)
(75,8)
(77,6)
(78,26)
(79,13)
(119,4)
(120,4)
(121,9)
(122,15)
(124,29)
(126,5)
(127,3)
(129,37)
(132,11)
(225,32)
(226,116)
(227,16)
(228,70)
(229,45)
(230,33)
(231,21)
(232,63)
(233,51)
(277,2)
(387,1)
(388,18)
(520,5)
(570,42)
(571,12)
(572,6)
(573,3)
(574,68)
(1022,13)
(1023,13)
(1024,11)
(1025,46)
(1026,13)
(1027,8)
(1028,7)
(1029,19)
(1031,10)
(1033,19)
(1034,15)
(1035,2)
(1036,24)
(1037,35)
(1038,3)
(1039,20)
(1040,10)
(1041,7)
(1067,8)
(1068,2)
(1069,23)
(1070,17)
(1072,3)
(1073,11)
(1074,17)
(1075,10)
(1076,5)
(10062,13)
(10064,26)
(10065,10)
(10066,16)
(10068,35)
(10069,39)
(10070,33)
(10071,50)
(10072,16)
(10085,36)
(10086,28)
(10087,22)
(10088,7)
(10089,22)
(10090,11)
(10091,23)
(10092,5)
(10093,56)
(10094,37)
(10095,18)
(10096,49)
(10097,43)
(10098,27)
(10099,14)
(10101,17)
(10104,19)
(10105,11)
(10128,33)
(10130,20)
(10131,10)
(10132,19)
(10133,82)
(10134,27)
(10135,38)
(10136,36)
(10140,44)
(1,3)
(2,80)
(5,36)
(9,11)
(11,1)
(52,5)
(53,14)
(56,11)
(57,4)
(59,6)
(82,14)
(83,4)
(85,9)
(86,1)
(87,26)
(88,22)
(91,13)
(92,13)
(93,20)
(94,17)
(95,23)
(97,111)
(98,10)
(100,19)
(101,15)
(102,7)
(103,14)
(104,21)
(146,4)
(149,58)
(151,51)
(156,17)
(160,21)
(163,2)
(164,6)
(166,12)
(168,12)
(133,9)
(136,20)
(137,24)
(138,22)
(139,11)
(142,16)
(143,79)
(144,19)
(145,44)
(60,1)
(61,4)
(62,6)
(63,7)
(64,5)
(65,8)
(66,3)
(67,18)
(68,16)
(234,102)
(236,35)
(237,40)
(238,56)
(239,40)
(240,18)
(241,29)
(242,13)
(243,19)
(247,22)
(248,33)
(252,43)
(253,23)
(254,33)
(255,45)
(257,5)
(259,72)
(263,81)
(106,16)
(107,19)
(108,3)
(110,23)
(111,18)
(112,15)
(115,8)
(116,22)
(118,4)
(575,15)
(576,5)
(577,7)
(578,3)
(579,115)
(581,11)
(582,51)
(584,16)
(586,94)
(1042,8)
(1043,8)
(1045,1)
(1046,19)
(1047,5)
(1048,13)
(1049,4)
(1050,1)
(1051,1)
(169,5)
(170,40)
(171,5)
(172,15)
(173,9)
(176,28)
(179,2)
(181,40)
(182,18)
(1077,9)
(1078,7)
(1079,5)
(1080,7)
(1081,6)
(1082,2)
(1083,4)
(1084,10)
(1085,4)
(1052,3)
(1053,8)
(1054,1)
(1055,3)
(1056,2)
(1057,8)
(1061,17)
(1062,15)
(1066,3)
(264,5)
(265,56)
(266,11)
(267,24)
(268,100)
(269,29)
(270,99)
(272,30)
(274,82)
(275,27)
(1087,39)
(1088,10)
(1089,9)
(1091,8)
(1092,24)
(1093,6)
(1095,1)
(1097,9)
(1103,13)
(1187,81)
(1301,1)
(1302,3)
(1303,10)
(1413,44)
(1414,190)
(1415,45)
(10002,26)
(10005,12)
(589,7)
(591,32)
(1001,68)
(1002,108)
(1003,2)
(1004,6)
(1005,4)
(1006,31)
(1007,1)
(1173,52)
(1175,44)
(1176,25)
(1177,25)
(1180,124)
(1181,12)
(1182,30)
(1184,5)
(1186,17)
(1009,7)
(1010,1)
(1014,98)
(1015,149)
(1016,104)
(1018,22)
(1019,23)
(1020,7)
(1021,15)
(10006,9)
(10007,1)
(10013,81)
(10014,10)
(10017,7)
(10053,2)
(10056,45)
(10057,53)
(10058,8)
(10117,38)
(10118,28)
(10119,6)
(10120,23)
(10121,25)
(10122,6)
(10123,27)
(10124,20)
(10127,53)
(10073,14)
(10075,18)
(10076,32)
(10077,19)
(10078,4)
(10079,29)
(10080,34)
(10081,9)
(10082,37)
(1104,18)
(1107,41)
(1108,19)
(1111,73)
(1112,1)
(1113,62)
(1114,25)
(1115,130)
(1121,13)
(10141,3)
(10142,27)
(10145,115)
(10146,70)
(10403,15)
(10405,19)
(10406,35)
(10408,15)
(10409,39)
(1122,23)
(1123,13)
(1164,68)
(1165,117)
(1166,101)
(1167,71)
(1168,27)
(1169,16)
(1170,8)
(1171,36)
(10106,12)
(10107,5)
(10108,19)
(10109,49)
(10111,13)
(10113,26)
(10114,22)
(10115,43)
(10116,11)
(10410,65)
(10412,3)
(10414,14)
(10424,23)
(10568,33)
(10569,7)
(10570,1)
(10571,14)
(10572,2)
(10574,1)
(10575,1)
(10578,5)
(10579,2)
(10582,1)
(10585,7)
(10586,6)
(10587,1)
(10638,69)
