(68,22)
(69,42)
(71,6)
(72,9)
(73,29)
(74,5)
(75,5)
(78,33)
(79,8)
(116,15)
(119,14)
(120,1)
(121,14)
(122,12)
(124,18)
(126,1)
(127,5)
(129,41)
(182,8)
(225,14)
(226,92)
(227,17)
(228,36)
(229,24)
(230,38)
(231,23)
(232,47)
(274,60)
(275,28)
(277,2)
(388,9)
(520,7)
(522,2)
(570,3)
(571,11)
(572,7)
(1177,15)
(1180,37)
(1181,5)
(1182,12)
(1184,11)
(1186,13)
(1187,44)
(1301,2)
(1302,3)
(1303,5)
(1413,37)
(1414,152)
(1415,6)
(10002,13)
(10005,15)
(10013,42)
(10014,11)
(10017,11)
(10053,2)
(10056,29)
(10057,20)
(10058,5)
(10062,23)
(10064,29)
(10065,17)
(10066,12)
(10068,28)
(10069,30)
(10070,16)
(10071,45)
(10072,12)
(10073,4)
(10075,16)
(10076,29)
(10077,18)
(10078,9)
(10569,8)
(10572,1)
(10574,2)
(10575,2)
(10580,1)
(10582,5)
(10585,2)
(10638,45)
(1,5)
(2,58)
(5,18)
(9,4)
(11,4)
(52,2)
(53,6)
(56,16)
(57,7)
(82,25)
(83,3)
(84,6)
(85,9)
(86,1)
(87,13)
(88,26)
(91,9)
(92,13)
(132,7)
(133,9)
(136,30)
(137,22)
(138,18)
(139,11)
(142,10)
(143,64)
(144,21)
(59,16)
(60,3)
(61,4)
(62,3)
(63,8)
(64,3)
(65,9)
(66,2)
(67,18)
(93,20)
(94,11)
(95,29)
(97,49)
(98,4)
(99,1)
(100,14)
(101,8)
(102,12)
(103,20)
(104,28)
(106,14)
(107,14)
(108,1)
(110,25)
(111,22)
(112,19)
(115,8)
(166,16)
(168,7)
(169,4)
(170,51)
(171,2)
(172,11)
(173,8)
(176,18)
(181,13)
(145,39)
(146,5)
(149,67)
(151,38)
(156,13)
(160,26)
(161,1)
(163,3)
(164,10)
(233,25)
(234,84)
(236,30)
(237,26)
(238,30)
(239,40)
(240,20)
(241,11)
(242,9)
(243,6)
(247,20)
(248,14)
(252,26)
(253,13)
(254,45)
(255,85)
(257,6)
(259,43)
(263,75)
(264,5)
(265,30)
(266,11)
(267,25)
(268,79)
(269,9)
(270,23)
(272,17)
(573,2)
(574,37)
(575,16)
(576,3)
(577,6)
(578,4)
(579,131)
(581,13)
(582,28)
(1020,6)
(1021,9)
(1022,22)
(1023,17)
(1024,10)
(1025,34)
(1026,14)
(1027,4)
(1028,6)
(584,34)
(586,25)
(589,2)
(590,6)
(591,10)
(1001,53)
(1002,63)
(1004,4)
(1005,5)
(1006,8)
(1008,2)
(1009,6)
(1010,1)
(1014,63)
(1015,102)
(1016,67)
(1018,13)
(1019,18)
(1039,13)
(1040,10)
(1041,4)
(1042,9)
(1043,4)
(1045,1)
(1046,11)
(1047,6)
(1048,10)
(1049,11)
(1050,2)
(1051,4)
(1052,7)
(1053,7)
(1054,2)
(1055,3)
(1056,9)
(1057,8)
(1073,15)
(1074,23)
(1075,13)
(1076,1)
(1077,10)
(1078,6)
(1079,17)
(1080,7)
(1081,4)
(1029,28)
(1031,7)
(1032,1)
(1033,9)
(1034,6)
(1035,4)
(1036,26)
(1037,1)
(1038,2)
(1166,76)
(1167,41)
(1168,15)
(1169,13)
(1170,10)
(1171,25)
(1173,24)
(1175,20)
(1176,17)
(1082,1)
(1083,1)
(1084,14)
(1085,7)
(1087,19)
(1088,8)
(1089,5)
(1091,7)
(1092,21)
(10089,7)
(10090,18)
(10091,21)
(10092,12)
(10093,45)
(10094,58)
(10095,12)
(10096,29)
(10097,44)
(1059,2)
(1061,4)
(1062,13)
(1066,10)
(1067,5)
(1068,4)
(1069,17)
(1070,15)
(1072,4)
(1112,2)
(1113,45)
(1114,35)
(1115,127)
(1121,6)
(1122,2)
(1123,6)
(1164,70)
(1165,78)
(10121,12)
(10122,19)
(10123,16)
(10124,11)
(10127,32)
(10128,27)
(10130,19)
(10131,12)
(10132,20)
(1093,5)
(1095,2)
(1096,1)
(1097,24)
(1103,5)
(1104,18)
(1107,29)
(1108,7)
(1111,58)
(10133,40)
(10134,15)
(10135,12)
(10136,28)
(10140,64)
(10141,14)
(10142,26)
(10145,89)
(10146,48)
(10079,24)
(10080,26)
(10081,14)
(10082,23)
(10084,27)
(10085,31)
(10086,20)
(10087,19)
(10088,10)
(10098,32)
(10099,14)
(10101,11)
(10104,36)
(10105,10)
(10106,7)
(10107,7)
(10108,9)
(10109,58)
(10111,11)
(10113,14)
(10114,7)
(10115,44)
(10116,5)
(10117,18)
(10118,16)
(10119,8)
(10120,13)
(10403,18)
(10405,12)
(10406,28)
(10408,5)
(10409,18)
(10410,37)
(10414,10)
(10424,44)
(10568,27)
