(69,30)
(71,5)
(72,7)
(73,21)
(74,4)
(75,7)
(78,32)
(79,7)
(82,18)
(118,1)
(119,12)
(120,6)
(121,8)
(122,14)
(124,31)
(126,7)
(127,12)
(179,30)
(181,48)
(182,19)
(225,10)
(226,37)
(227,5)
(228,25)
(229,9)
(230,14)
(272,18)
(274,48)
(275,28)
(277,1)
(387,2)
(388,4)
(522,6)
(570,10)
(571,15)
(1003,10)
(1004,4)
(1005,1)
(1006,11)
(1007,3)
(1009,3)
(1014,80)
(1015,99)
(1016,53)
(1072,5)
(1073,17)
(1074,13)
(1075,11)
(1076,10)
(1077,12)
(1078,8)
(1079,13)
(1080,10)
(1081,19)
(1082,16)
(1083,6)
(1084,11)
(1085,4)
(1087,15)
(1088,14)
(1089,14)
(1090,1)
(10068,16)
(10069,16)
(10070,7)
(10071,33)
(10072,20)
(10073,11)
(10075,1)
(10076,37)
(10077,24)
(10108,18)
(10109,51)
(10111,13)
(10113,15)
(10114,6)
(10115,23)
(10116,26)
(10117,31)
(10118,15)
(10119,21)
(10120,40)
(10121,25)
(10122,17)
(10123,6)
(10124,3)
(10127,19)
(10128,17)
(10130,10)
(1,53)
(2,52)
(5,18)
(9,1)
(11,16)
(52,3)
(53,19)
(56,24)
(57,10)
(94,29)
(95,11)
(97,59)
(98,8)
(99,4)
(100,8)
(101,15)
(102,14)
(103,28)
(59,5)
(60,1)
(62,5)
(63,11)
(64,2)
(65,2)
(66,2)
(67,16)
(68,25)
(83,11)
(84,5)
(85,7)
(86,3)
(87,38)
(88,9)
(91,15)
(92,13)
(93,19)
(144,25)
(145,56)
(146,5)
(149,102)
(151,32)
(156,6)
(160,5)
(161,8)
(163,5)
(104,10)
(106,10)
(107,28)
(108,2)
(110,22)
(111,22)
(112,52)
(115,18)
(116,12)
(164,6)
(166,17)
(168,9)
(169,2)
(170,86)
(171,18)
(172,12)
(173,10)
(176,28)
(129,30)
(132,8)
(133,7)
(136,34)
(137,35)
(138,15)
(139,35)
(142,4)
(143,95)
(232,33)
(233,8)
(234,12)
(236,56)
(237,5)
(238,3)
(239,9)
(240,33)
(241,3)
(242,19)
(243,8)
(247,19)
(248,12)
(252,60)
(253,33)
(254,42)
(255,74)
(257,5)
(259,42)
(263,52)
(265,14)
(266,7)
(267,7)
(268,33)
(269,18)
(270,67)
(582,42)
(584,14)
(586,22)
(587,1)
(589,7)
(590,10)
(591,13)
(1001,31)
(1002,47)
(1018,6)
(1019,9)
(1020,6)
(1021,11)
(1022,30)
(1023,19)
(1024,10)
(1025,10)
(1026,23)
(572,11)
(573,14)
(574,19)
(575,32)
(576,15)
(577,4)
(578,7)
(579,30)
(581,9)
(1057,5)
(1059,2)
(1061,4)
(1062,8)
(1066,10)
(1067,4)
(1068,1)
(1069,12)
(1070,11)
(1036,39)
(1038,12)
(1039,12)
(1040,5)
(1041,7)
(1042,10)
(1043,7)
(1046,12)
(1047,4)
(1027,3)
(1028,9)
(1029,5)
(1031,3)
(1032,1)
(1033,7)
(1034,6)
(1035,2)
(1091,3)
(1092,3)
(1097,13)
(1103,10)
(1104,6)
(1107,38)
(1108,1)
(1111,10)
(1112,2)
(10017,5)
(10053,20)
(10056,41)
(10057,36)
(10058,12)
(10062,20)
(10064,38)
(10065,22)
(10066,13)
(1113,22)
(1114,4)
(1115,31)
(1121,20)
(1122,4)
(1123,17)
(1164,3)
(1165,90)
(1048,2)
(1049,5)
(1050,5)
(1051,7)
(1052,5)
(1053,9)
(1054,6)
(1055,3)
(1056,8)
(10078,11)
(10079,21)
(10080,30)
(10081,8)
(10082,24)
(10084,5)
(10085,11)
(10086,15)
(10087,37)
(1166,87)
(1167,58)
(1168,14)
(1169,15)
(1170,29)
(1171,72)
(1173,23)
(1175,27)
(1176,10)
(1177,6)
(1180,43)
(1181,59)
(1182,45)
(1184,24)
(1186,11)
(1187,31)
(1301,34)
(1302,4)
(10096,34)
(10097,33)
(10098,43)
(10099,9)
(10101,6)
(10104,20)
(10105,10)
(10106,15)
(10107,9)
(1303,6)
(1413,55)
(1414,131)
(1415,8)
(10002,38)
(10005,1)
(10007,24)
(10013,3)
(10014,32)
(10131,15)
(10132,21)
(10133,37)
(10134,50)
(10135,20)
(10136,40)
(10140,44)
(10141,9)
(10142,38)
(10088,20)
(10089,17)
(10090,6)
(10091,45)
(10092,13)
(10093,23)
(10094,33)
(10095,14)
(10424,34)
(10568,23)
(10569,15)
(10580,5)
(10582,19)
(10583,3)
(10584,2)
(10638,72)
(10145,71)
(10146,85)
(10403,6)
(10405,5)
(10406,16)
(10408,18)
(10409,25)
(10410,18)
(10414,12)
