(59,1)
(60,4)
(63,1)
(64,3)
(66,8)
(67,5)
(68,10)
(69,8)
(71,4)
(104,1)
(106,8)
(107,9)
(108,2)
(110,14)
(111,2)
(112,14)
(115,10)
(166,5)
(168,3)
(169,2)
(170,26)
(171,8)
(172,8)
(173,6)
(176,4)
(257,1)
(259,12)
(263,15)
(265,8)
(266,6)
(267,4)
(268,7)
(269,8)
(270,26)
(1003,6)
(1004,3)
(1005,1)
(1006,4)
(1007,1)
(1009,1)
(1014,24)
(1015,44)
(1035,3)
(1036,17)
(1038,3)
(1039,2)
(1040,2)
(1041,1)
(1042,2)
(1043,1)
(1046,3)
(1059,1)
(1061,1)
(1062,6)
(1066,6)
(1067,2)
(1068,6)
(1069,14)
(1070,4)
(10056,8)
(10057,5)
(10058,5)
(10062,5)
(10064,8)
(10065,7)
(10066,9)
(10068,8)
(10069,8)
(10080,15)
(10081,1)
(10082,8)
(10084,3)
(10085,6)
(10086,7)
(10087,14)
(10088,6)
(10089,6)
(10090,3)
(10091,27)
(10092,3)
(10093,17)
(10094,10)
(10095,10)
(10096,11)
(10097,17)
(10132,8)
(10133,18)
(10134,18)
(10135,14)
(10136,8)
(10140,16)
(10141,3)
(10142,15)
(1,49)
(2,58)
(5,6)
(9,6)
(11,3)
(52,4)
(53,4)
(56,9)
(57,8)
(94,10)
(95,13)
(97,22)
(98,7)
(99,3)
(100,8)
(101,5)
(102,7)
(103,9)
(145,25)
(146,2)
(149,50)
(151,14)
(156,4)
(160,1)
(161,7)
(163,3)
(164,5)
(83,3)
(84,1)
(85,9)
(86,1)
(87,19)
(88,7)
(91,5)
(92,3)
(93,9)
(242,4)
(243,4)
(247,4)
(248,3)
(252,28)
(253,16)
(254,17)
(255,26)
(133,5)
(136,8)
(137,16)
(138,4)
(139,6)
(142,5)
(143,50)
(144,18)
(72,4)
(73,7)
(74,3)
(75,6)
(77,1)
(78,17)
(79,1)
(82,8)
(231,1)
(232,12)
(233,2)
(234,5)
(236,21)
(237,3)
(239,7)
(240,8)
(241,4)
(1026,7)
(1027,6)
(1028,4)
(1029,1)
(1031,1)
(1032,1)
(1033,3)
(1034,3)
(116,9)
(118,3)
(119,4)
(121,3)
(122,7)
(124,11)
(127,4)
(129,11)
(132,9)
(571,8)
(572,5)
(573,4)
(574,14)
(575,10)
(576,3)
(578,5)
(579,14)
(581,3)
(1169,10)
(1170,18)
(1171,30)
(1173,10)
(1175,6)
(1176,8)
(1177,8)
(1180,14)
(1047,1)
(1048,1)
(1049,1)
(1050,3)
(1051,2)
(1052,1)
(1053,3)
(1055,2)
(1057,1)
(1181,39)
(1182,24)
(1184,16)
(1186,2)
(1187,11)
(1301,25)
(1302,3)
(1303,2)
(1413,21)
(1072,7)
(1073,10)
(1074,5)
(1076,2)
(1077,5)
(1078,5)
(1079,10)
(1080,9)
(1081,9)
(1082,4)
(1083,4)
(1084,10)
(1085,5)
(1087,6)
(1088,7)
(1089,8)
(1091,2)
(1414,62)
(1415,8)
(10002,12)
(10007,6)
(10013,1)
(10014,20)
(10017,1)
(10053,8)
(10070,3)
(10071,6)
(10072,13)
(10073,4)
(10075,4)
(10076,12)
(10077,10)
(10078,13)
(10079,11)
(10424,22)
(10568,8)
(10569,6)
(10580,1)
(10581,1)
(10582,4)
(10584,1)
(10638,30)
(10098,16)
(10099,2)
(10101,1)
(10104,7)
(10105,4)
(10106,5)
(10107,4)
(10108,12)
(10109,14)
(179,17)
(181,31)
(182,12)
(225,1)
(226,11)
(227,3)
(228,13)
(229,6)
(230,16)
(272,6)
(274,18)
(275,10)
(387,2)
(388,5)
(520,1)
(522,3)
(570,10)
(582,12)
(584,9)
(586,9)
(587,1)
(589,4)
(590,1)
(591,13)
(1001,20)
(1002,18)
(10111,2)
(10113,3)
(10115,6)
(10116,14)
(10117,7)
(10118,7)
(10119,13)
(10120,23)
(1016,22)
(1018,2)
(1019,3)
(1020,2)
(1021,2)
(1022,9)
(1023,12)
(1024,8)
(1025,4)
(1093,1)
(1096,1)
(1097,8)
(1103,7)
(1104,2)
(1107,23)
(1108,3)
(1111,5)
(1112,1)
(1113,6)
(1115,19)
(1121,5)
(1122,1)
(1123,5)
(1165,49)
(1166,39)
(1167,17)
(1168,10)
(10121,7)
(10122,2)
(10123,6)
(10124,3)
(10126,4)
(10127,9)
(10128,2)
(10130,3)
(10131,7)
(10145,31)
(10146,22)
(10403,4)
(10405,2)
(10406,3)
(10408,10)
(10409,13)
(10410,5)
(10414,6)
