(1,10)
(2,89)
(5,62)
(9,8)
(52,3)
(53,7)
(56,9)
(57,3)
(59,3)
(60,1)
(94,19)
(95,32)
(97,82)
(98,16)
(99,9)
(100,20)
(101,24)
(102,4)
(103,19)
(145,51)
(146,2)
(149,59)
(151,46)
(156,29)
(160,8)
(163,3)
(164,6)
(166,19)
(242,9)
(243,18)
(247,29)
(248,31)
(252,57)
(253,19)
(254,16)
(255,81)
(257,8)
(1177,28)
(1180,121)
(1181,14)
(1182,48)
(1184,9)
(1186,14)
(1187,96)
(1302,5)
(1303,14)
(1413,51)
(1414,178)
(1415,50)
(10002,22)
(10005,6)
(10006,15)
(10007,1)
(10013,87)
(10014,10)
(10017,8)
(10053,8)
(10056,73)
(10057,60)
(10058,13)
(10062,24)
(10064,35)
(10065,18)
(10066,14)
(10068,5)
(10069,27)
(10070,19)
(10071,54)
(10072,7)
(10073,11)
(10075,7)
(10076,16)
(10077,12)
(71,11)
(72,7)
(73,17)
(74,12)
(75,10)
(77,4)
(78,54)
(79,12)
(82,9)
(119,17)
(120,6)
(121,6)
(122,16)
(124,15)
(126,4)
(127,4)
(128,1)
(129,59)
(61,2)
(62,3)
(63,3)
(64,1)
(65,11)
(66,2)
(67,8)
(68,12)
(69,33)
(182,24)
(184,15)
(225,17)
(226,86)
(227,15)
(228,91)
(229,36)
(230,65)
(231,13)
(83,5)
(84,10)
(85,17)
(86,2)
(87,28)
(88,21)
(91,17)
(92,20)
(93,29)
(104,16)
(106,29)
(107,32)
(108,3)
(110,42)
(111,37)
(112,27)
(116,25)
(118,3)
(272,26)
(274,68)
(275,45)
(277,6)
(387,3)
(388,24)
(520,7)
(522,1)
(570,41)
(132,9)
(133,12)
(136,36)
(137,25)
(138,18)
(139,33)
(142,7)
(143,92)
(144,19)
(581,8)
(582,48)
(584,33)
(586,102)
(587,7)
(589,1)
(1001,80)
(1002,95)
(1003,3)
(168,9)
(169,5)
(170,64)
(171,13)
(172,13)
(173,15)
(176,27)
(179,1)
(181,36)
(259,88)
(263,133)
(264,4)
(265,46)
(266,12)
(267,25)
(268,124)
(269,35)
(270,97)
(232,76)
(233,63)
(234,118)
(236,25)
(237,53)
(238,38)
(239,22)
(240,20)
(241,4)
(1004,6)
(1005,4)
(1006,7)
(1007,3)
(1008,3)
(1009,4)
(1010,1)
(1014,155)
(1015,140)
(1056,7)
(1057,12)
(1059,3)
(1061,17)
(1062,13)
(1066,6)
(1067,8)
(1069,11)
(1070,29)
(571,15)
(572,6)
(573,2)
(574,65)
(575,8)
(576,10)
(577,6)
(578,10)
(579,132)
(1037,30)
(1038,6)
(1039,19)
(1040,7)
(1041,15)
(1042,16)
(1043,15)
(1045,3)
(1046,15)
(1016,117)
(1018,10)
(1019,28)
(1020,16)
(1021,19)
(1022,27)
(1023,32)
(1024,12)
(1025,21)
(1026,7)
(1027,7)
(1028,4)
(1029,45)
(1031,14)
(1033,21)
(1034,21)
(1035,4)
(1036,46)
(1072,6)
(1073,8)
(1074,19)
(1075,6)
(1076,8)
(1077,6)
(1078,6)
(1079,7)
(1080,5)
(1092,19)
(1093,7)
(1095,2)
(1096,1)
(1097,26)
(1103,26)
(1104,36)
(1107,41)
(1108,13)
(1047,5)
(1048,21)
(1049,13)
(1050,1)
(1051,5)
(1052,5)
(1053,6)
(1054,2)
(1055,1)
(10078,18)
(10079,9)
(10080,48)
(10081,9)
(10082,11)
(10085,10)
(10086,31)
(10087,43)
(10088,21)
(1111,82)
(1113,65)
(1114,24)
(1115,121)
(1121,7)
(1122,40)
(1123,14)
(1164,60)
(1165,115)
(10111,11)
(10113,33)
(10114,3)
(10115,52)
(10116,3)
(10117,52)
(10118,35)
(10119,13)
(10120,15)
(1081,8)
(1082,4)
(1083,5)
(1084,14)
(1085,13)
(1087,33)
(1088,12)
(1089,15)
(1091,13)
(10121,9)
(10122,10)
(10123,13)
(10124,8)
(10127,83)
(10128,23)
(10130,10)
(10131,10)
(10132,8)
(1166,138)
(1167,74)
(1168,27)
(1169,21)
(1170,34)
(1171,42)
(1173,69)
(1175,36)
(1176,31)
(10089,32)
(10090,5)
(10091,7)
(10092,2)
(10093,41)
(10094,18)
(10095,6)
(10096,22)
(10097,20)
(10133,29)
(10134,35)
(10135,11)
(10136,45)
(10140,15)
(10141,3)
(10142,20)
(10145,117)
(10146,79)
(10098,17)
(10099,17)
(10101,5)
(10104,30)
(10105,8)
(10106,3)
(10107,2)
(10108,20)
(10109,60)
(10403,17)
(10405,15)
(10406,15)
(10408,4)
(10409,18)
(10410,73)
(10412,2)
(10414,6)
(10424,30)
(10568,49)
(10569,7)
(10570,1)
(10573,2)
(10575,2)
(10581,1)
(10582,1)
(10583,1)
(10638,69)
