(88,1)
(91,2)
(93,3)
(95,2)
(97,9)
(98,1)
(99,2)
(142,2)
(143,11)
(144,4)
(145,5)
(146,1)
(149,8)
(156,1)
(237,3)
(238,2)
(239,7)
(240,3)
(242,5)
(247,3)
(573,1)
(574,6)
(575,1)
(576,1)
(578,1)
(579,14)
(582,5)
(1080,1)
(1082,1)
(1088,3)
(1092,3)
(1093,2)
(1097,1)
(1103,2)
(10053,3)
(10056,7)
(10057,7)
(10058,4)
(10062,2)
(10064,1)
(10065,2)
(10077,1)
(10078,1)
(10079,2)
(10080,1)
(10081,5)
(10082,2)
(10092,1)
(10093,9)
(10094,3)
(10095,2)
(10096,1)
(10097,4)
(10098,3)
(73,2)
(75,3)
(78,2)
(79,4)
(82,3)
(87,4)
(124,2)
(129,11)
(133,1)
(136,3)
(137,2)
(138,2)
(139,1)
(229,3)
(230,7)
(231,2)
(232,7)
(233,3)
(234,15)
(236,6)
(272,3)
(274,9)
(275,8)
(520,3)
(571,1)
(572,3)
(1055,1)
(1056,1)
(1062,2)
(1067,1)
(1068,1)
(1069,5)
(1070,4)
(1,31)
(2,17)
(5,7)
(53,1)
(56,1)
(57,1)
(59,2)
(1166,6)
(1167,8)
(1168,5)
(1170,1)
(1171,4)
(1173,5)
(100,4)
(102,4)
(103,3)
(104,1)
(106,5)
(107,1)
(110,2)
(63,1)
(64,1)
(65,3)
(66,1)
(67,6)
(68,4)
(69,5)
(111,2)
(112,1)
(116,5)
(119,1)
(121,1)
(122,1)
(1175,3)
(1176,2)
(1177,1)
(1180,13)
(1181,1)
(1182,2)
(1184,1)
(172,1)
(176,2)
(181,1)
(182,3)
(225,1)
(226,14)
(228,8)
(160,3)
(166,3)
(168,3)
(169,2)
(170,3)
(171,1)
(248,2)
(252,4)
(253,1)
(254,7)
(255,11)
(257,8)
(259,5)
(263,20)
(264,1)
(265,2)
(267,3)
(268,7)
(269,1)
(270,7)
(1415,2)
(10002,4)
(10005,3)
(10006,3)
(10013,3)
(10014,1)
(584,1)
(586,11)
(587,1)
(589,1)
(1001,7)
(1002,11)
(1004,2)
(10135,2)
(10136,4)
(10140,3)
(10141,1)
(10142,4)
(10145,19)
(1028,2)
(1029,7)
(1031,2)
(1033,6)
(1035,1)
(1036,2)
(1039,2)
(1006,1)
(1014,7)
(1015,23)
(1016,9)
(1018,6)
(1019,9)
(10424,4)
(10568,5)
(10569,2)
(10571,1)
(10574,2)
(10638,12)
(1020,1)
(1021,1)
(1022,2)
(1023,3)
(1024,5)
(1025,1)
(1026,5)
(1186,1)
(1187,20)
(1301,1)
(1302,1)
(1303,1)
(1413,5)
(1414,28)
(1041,2)
(1046,1)
(1047,1)
(1048,3)
(1051,2)
(1052,1)
(10068,10)
(10069,2)
(10070,2)
(10071,2)
(10073,2)
(10075,2)
(10076,4)
(1072,1)
(1073,2)
(1074,3)
(1076,1)
(1077,2)
(1079,1)
(1104,1)
(1107,3)
(1111,2)
(1113,4)
(1114,5)
(1115,22)
(1165,10)
(10085,6)
(10086,1)
(10087,2)
(10088,3)
(10089,2)
(10090,4)
(10091,5)
(10115,4)
(10117,3)
(10118,1)
(10120,4)
(10121,2)
(10122,2)
(10123,3)
(10104,3)
(10105,4)
(10106,2)
(10108,4)
(10109,4)
(10113,3)
(10124,4)
(10127,2)
(10128,4)
(10130,3)
(10131,5)
(10132,1)
(10133,9)
(10146,7)
(10403,3)
(10405,4)
(10406,6)
(10408,2)
(10409,4)
(10410,7)
