(1,58)
(2,58)
(5,19)
(9,10)
(52,11)
(53,20)
(56,21)
(57,12)
(59,5)
(60,5)
(97,88)
(98,8)
(99,4)
(100,8)
(101,12)
(102,10)
(103,30)
(104,11)
(106,12)
(149,116)
(151,42)
(156,21)
(160,1)
(161,11)
(163,12)
(164,17)
(166,16)
(168,12)
(247,30)
(248,27)
(252,60)
(253,53)
(254,51)
(255,38)
(257,7)
(259,80)
(263,98)
(1075,2)
(1076,7)
(1077,6)
(1078,8)
(1079,7)
(1080,9)
(1081,18)
(1082,17)
(1083,5)
(1414,137)
(1415,30)
(10002,43)
(10005,1)
(10006,32)
(10007,63)
(10014,50)
(10017,6)
(10053,11)
(10056,52)
(10057,43)
(10058,11)
(10062,25)
(10064,43)
(10065,14)
(10066,15)
(10068,28)
(10069,14)
(10070,13)
(10071,30)
(10072,30)
(10073,13)
(10075,17)
(10076,62)
(10077,42)
(10078,18)
(10079,21)
(10080,39)
(71,11)
(72,11)
(73,20)
(74,7)
(75,16)
(78,31)
(79,3)
(82,30)
(83,4)
(120,5)
(121,7)
(122,18)
(124,50)
(126,17)
(127,18)
(129,44)
(132,16)
(133,8)
(184,11)
(225,33)
(226,52)
(227,11)
(228,38)
(229,16)
(230,50)
(231,2)
(232,69)
(233,4)
(84,12)
(85,9)
(87,20)
(88,10)
(91,4)
(92,14)
(93,20)
(94,37)
(95,28)
(61,1)
(62,8)
(63,4)
(64,11)
(65,1)
(66,17)
(67,10)
(68,18)
(69,31)
(277,3)
(387,8)
(388,24)
(520,6)
(522,5)
(570,46)
(571,17)
(572,4)
(573,9)
(136,47)
(137,22)
(138,24)
(139,20)
(142,7)
(143,64)
(144,35)
(145,41)
(146,2)
(107,19)
(108,2)
(110,16)
(111,30)
(112,20)
(115,20)
(116,4)
(118,3)
(119,7)
(586,74)
(587,18)
(589,20)
(1001,48)
(1002,66)
(1003,12)
(1004,8)
(1005,19)
(1006,23)
(1007,2)
(1008,1)
(1009,1)
(1010,2)
(1014,127)
(1015,134)
(1016,102)
(1018,11)
(1019,14)
(234,18)
(236,28)
(237,9)
(238,16)
(239,41)
(240,60)
(241,2)
(242,18)
(243,4)
(169,5)
(170,58)
(171,26)
(172,32)
(173,14)
(176,20)
(179,37)
(181,77)
(182,35)
(574,62)
(575,23)
(576,29)
(577,1)
(578,9)
(579,24)
(581,9)
(582,74)
(584,17)
(1020,6)
(1021,5)
(1022,33)
(1023,19)
(1024,16)
(1025,27)
(1026,24)
(1027,18)
(1028,26)
(1040,6)
(1041,14)
(1042,12)
(1043,9)
(1045,3)
(1046,20)
(1047,6)
(1048,3)
(1049,4)
(1050,5)
(264,6)
(265,25)
(266,16)
(267,1)
(268,30)
(269,36)
(270,123)
(272,23)
(275,31)
(1029,7)
(1031,6)
(1033,10)
(1034,28)
(1035,8)
(1036,26)
(1037,31)
(1038,1)
(1039,16)
(1062,12)
(1066,4)
(1067,7)
(1068,6)
(1069,10)
(1070,14)
(1072,8)
(1073,4)
(1074,5)
(1051,4)
(1052,5)
(1053,6)
(1054,4)
(1055,3)
(1056,4)
(1057,7)
(1059,2)
(1061,19)
(10081,4)
(10082,35)
(10085,68)
(10086,25)
(10087,34)
(10088,21)
(10089,12)
(10090,9)
(10091,59)
(1084,9)
(1085,9)
(1087,23)
(1088,16)
(1089,12)
(1090,1)
(1091,3)
(1092,6)
(1093,2)
(1168,28)
(1169,32)
(1170,34)
(1171,134)
(1173,52)
(1175,40)
(1176,17)
(1177,6)
(1180,89)
(10092,7)
(10093,32)
(10094,21)
(10095,28)
(10096,43)
(10097,27)
(10098,70)
(10099,10)
(10101,27)
(1095,3)
(1097,16)
(1103,22)
(1104,3)
(1107,41)
(1108,7)
(1111,24)
(1112,7)
(1113,39)
(1181,162)
(1182,75)
(1184,23)
(1186,10)
(1187,40)
(1301,39)
(1302,11)
(1303,3)
(1413,128)
(10104,34)
(10105,20)
(10106,13)
(10107,7)
(10108,34)
(10109,56)
(10111,14)
(10113,25)
(10114,1)
(1114,4)
(1115,58)
(1121,18)
(1122,19)
(1123,26)
(1164,13)
(1165,134)
(1166,123)
(1167,61)
(10136,49)
(10140,49)
(10141,4)
(10142,27)
(10145,129)
(10146,63)
(10403,18)
(10405,2)
(10406,20)
(10124,7)
(10127,28)
(10128,28)
(10130,15)
(10131,22)
(10132,10)
(10133,84)
(10134,41)
(10135,28)
(10408,20)
(10409,27)
(10410,7)
(10412,3)
(10414,24)
(10424,48)
(10568,39)
(10569,10)
(10570,1)
(10115,29)
(10116,20)
(10117,32)
(10118,31)
(10119,25)
(10120,25)
(10121,16)
(10122,7)
(10123,6)
(10572,1)
(10574,1)
(10581,2)
(10582,28)
(10583,4)
(10584,2)
(10585,15)
(10603,1)
(10638,102)
