(82,15)
(83,2)
(84,18)
(85,10)
(86,2)
(87,14)
(88,13)
(91,2)
(126,12)
(127,24)
(129,32)
(132,24)
(133,8)
(136,34)
(137,30)
(138,30)
(139,22)
(226,31)
(227,4)
(228,40)
(229,24)
(230,70)
(231,2)
(232,95)
(233,5)
(274,2)
(275,28)
(277,4)
(387,6)
(388,29)
(520,3)
(522,2)
(570,32)
(571,16)
(1018,12)
(1019,15)
(1020,5)
(1021,11)
(1022,33)
(1023,15)
(1024,8)
(1025,24)
(1026,25)
(1027,35)
(1028,34)
(1029,21)
(1031,4)
(1033,5)
(1034,19)
(1036,15)
(1107,43)
(1108,5)
(1111,21)
(1112,2)
(1113,37)
(1114,5)
(1115,66)
(1121,21)
(1170,33)
(1171,144)
(1173,53)
(1175,43)
(1176,25)
(1177,16)
(1180,95)
(1181,149)
(1182,75)
(10101,18)
(10104,41)
(10106,8)
(10108,33)
(10109,53)
(10111,9)
(10113,40)
(10115,47)
(10117,21)
(10118,48)
(10119,21)
(10120,15)
(10121,11)
(10122,11)
(10123,2)
(10127,40)
(1,56)
(2,61)
(5,21)
(9,11)
(52,9)
(53,9)
(56,19)
(57,13)
(59,5)
(69,33)
(71,6)
(72,15)
(73,11)
(74,5)
(75,14)
(77,3)
(78,42)
(79,2)
(115,14)
(116,4)
(118,9)
(119,9)
(120,4)
(121,4)
(122,17)
(124,47)
(92,19)
(93,27)
(94,36)
(95,15)
(97,86)
(98,10)
(99,8)
(100,7)
(142,3)
(143,47)
(144,29)
(145,33)
(146,5)
(149,128)
(151,48)
(156,14)
(171,27)
(172,25)
(173,16)
(176,19)
(179,26)
(181,67)
(182,31)
(184,11)
(225,41)
(60,6)
(62,4)
(63,3)
(64,4)
(65,1)
(66,16)
(67,17)
(68,9)
(101,17)
(102,11)
(103,30)
(104,10)
(106,10)
(107,22)
(110,24)
(111,23)
(112,23)
(234,15)
(236,39)
(237,11)
(238,17)
(239,38)
(240,66)
(242,22)
(243,7)
(264,4)
(265,17)
(266,17)
(267,39)
(268,24)
(269,48)
(270,139)
(272,18)
(1072,11)
(1073,6)
(1074,6)
(1075,9)
(1076,7)
(1077,10)
(1078,8)
(1079,14)
(160,1)
(161,5)
(163,25)
(164,12)
(166,20)
(168,17)
(169,5)
(170,52)
(1037,28)
(1038,5)
(1039,18)
(1040,6)
(1041,10)
(1042,16)
(1043,14)
(1046,30)
(1047,6)
(1089,15)
(1090,2)
(1091,12)
(1092,20)
(1095,3)
(1096,6)
(1097,10)
(1103,15)
(1104,3)
(1048,3)
(1049,4)
(1050,3)
(1051,1)
(1052,7)
(1053,5)
(1055,4)
(1056,1)
(247,33)
(248,13)
(252,71)
(253,51)
(254,66)
(255,39)
(257,13)
(259,117)
(263,94)
(1184,37)
(1186,11)
(1187,48)
(1301,41)
(1302,16)
(1303,4)
(1413,126)
(1414,134)
(572,20)
(573,15)
(574,49)
(575,31)
(576,24)
(577,3)
(578,5)
(579,27)
(1057,7)
(1059,3)
(1061,15)
(1062,9)
(1066,8)
(1067,9)
(1068,2)
(1069,14)
(1070,13)
(581,10)
(582,63)
(584,12)
(586,80)
(587,22)
(589,14)
(1001,71)
(1002,102)
(1122,25)
(1123,15)
(1164,11)
(1165,135)
(1166,164)
(1167,72)
(1168,24)
(1169,25)
(1415,31)
(10002,50)
(10005,1)
(10006,21)
(10007,53)
(10014,95)
(10017,9)
(10053,10)
(10056,43)
(1003,11)
(1004,5)
(1005,38)
(1006,25)
(1007,3)
(1010,1)
(1014,122)
(1015,144)
(1016,75)
(10132,8)
(10133,9)
(10134,58)
(10136,45)
(10140,36)
(10141,1)
(10142,21)
(10145,129)
(10146,61)
(10403,21)
(10405,11)
(10406,11)
(10410,19)
(10412,5)
(10568,51)
(10569,8)
(10571,1)
(1080,11)
(1081,20)
(1082,16)
(1083,5)
(1084,5)
(1085,6)
(1087,29)
(1088,16)
(10572,1)
(10575,1)
(10580,2)
(10581,5)
(10582,28)
(10583,3)
(10584,2)
(10638,101)
(10057,43)
(10058,20)
(10062,21)
(10064,37)
(10065,13)
(10066,23)
(10069,13)
(10070,17)
(10071,33)
(10072,32)
(10073,23)
(10075,13)
(10078,16)
(10079,26)
(10080,38)
(10081,6)
(10082,18)
(10086,32)
(10087,32)
(10088,27)
(10089,13)
(10092,13)
(10093,82)
(10097,27)
(10099,5)
