(72,14)
(73,20)
(74,8)
(75,13)
(77,3)
(78,27)
(79,1)
(82,16)
(83,8)
(120,12)
(121,5)
(122,7)
(124,27)
(126,10)
(127,17)
(129,25)
(132,29)
(133,7)
(226,25)
(227,13)
(228,32)
(229,12)
(230,49)
(231,1)
(232,46)
(233,6)
(234,9)
(387,7)
(388,18)
(520,4)
(522,1)
(570,42)
(571,16)
(572,12)
(573,13)
(574,37)
(587,12)
(589,8)
(591,6)
(1001,43)
(1002,72)
(1003,15)
(1004,4)
(1005,13)
(1006,7)
(1007,3)
(1009,3)
(1010,1)
(1014,90)
(1015,117)
(1016,83)
(1018,9)
(1019,8)
(1020,6)
(1021,11)
(1022,21)
(1023,15)
(1024,9)
(1025,13)
(1026,33)
(1027,8)
(1028,18)
(1029,3)
(1115,27)
(1121,17)
(1122,22)
(1123,21)
(1164,13)
(1165,119)
(1166,111)
(1167,50)
(1168,16)
(10081,5)
(10082,27)
(10085,28)
(10086,22)
(10087,41)
(10088,11)
(10089,10)
(10090,3)
(10091,32)
(10092,5)
(10093,30)
(10094,22)
(10095,20)
(10096,32)
(10097,31)
(10098,57)
(10099,3)
(10101,14)
(10104,6)
(10105,13)
(10106,6)
(10107,1)
(10108,21)
(10109,49)
(10111,8)
(10113,18)
(10114,2)
(1,48)
(2,45)
(5,17)
(9,10)
(52,5)
(53,15)
(56,14)
(57,18)
(59,3)
(60,2)
(84,6)
(85,12)
(86,7)
(87,19)
(88,7)
(91,4)
(92,10)
(93,19)
(94,21)
(62,6)
(63,4)
(64,7)
(65,1)
(66,11)
(67,12)
(68,15)
(69,25)
(71,19)
(95,9)
(97,69)
(98,11)
(99,1)
(100,8)
(101,8)
(102,7)
(103,22)
(104,14)
(136,28)
(137,26)
(138,14)
(139,14)
(142,9)
(143,48)
(144,23)
(145,33)
(146,6)
(106,10)
(107,24)
(108,1)
(110,17)
(111,22)
(112,25)
(115,7)
(116,5)
(119,7)
(149,78)
(151,22)
(156,6)
(161,5)
(163,3)
(164,12)
(166,20)
(168,9)
(169,4)
(236,24)
(237,5)
(238,15)
(239,20)
(240,55)
(242,15)
(243,7)
(247,19)
(248,16)
(575,18)
(576,9)
(577,6)
(578,11)
(579,18)
(581,11)
(582,42)
(584,13)
(586,42)
(170,52)
(171,25)
(172,22)
(173,9)
(176,16)
(179,30)
(181,85)
(182,16)
(225,18)
(252,41)
(253,30)
(254,57)
(255,28)
(257,6)
(259,85)
(263,93)
(264,3)
(265,15)
(266,13)
(267,3)
(268,20)
(269,21)
(270,107)
(272,27)
(274,35)
(275,25)
(277,2)
(1066,4)
(1067,3)
(1068,3)
(1069,6)
(1070,9)
(1072,5)
(1073,3)
(1074,8)
(1075,7)
(1076,7)
(1077,12)
(1078,9)
(1079,10)
(1080,4)
(1081,21)
(1082,12)
(1083,1)
(1084,14)
(1031,7)
(1033,4)
(1034,17)
(1035,8)
(1036,24)
(1037,25)
(1038,1)
(1039,18)
(1040,5)
(1169,29)
(1170,25)
(1171,119)
(1173,36)
(1175,28)
(1176,14)
(1177,15)
(1180,86)
(1181,103)
(1085,3)
(1087,17)
(1088,7)
(1089,9)
(1091,1)
(1092,9)
(1093,4)
(1095,3)
(1096,2)
(1041,4)
(1042,10)
(1043,6)
(1045,1)
(1046,12)
(1047,4)
(1048,6)
(1049,5)
(1050,4)
(1097,9)
(1103,6)
(1104,2)
(1107,27)
(1108,14)
(1111,17)
(1112,4)
(1113,20)
(1114,1)
(1415,19)
(10002,52)
(10006,31)
(10007,59)
(10013,1)
(10014,48)
(10017,7)
(10053,9)
(10056,45)
(1182,65)
(1184,19)
(1186,10)
(1187,22)
(1301,35)
(1302,5)
(1303,1)
(1413,92)
(1414,131)
(1051,1)
(1052,4)
(1054,3)
(1055,3)
(1056,4)
(1057,6)
(1059,1)
(1061,13)
(1062,4)
(10057,39)
(10058,11)
(10062,21)
(10064,38)
(10065,10)
(10066,14)
(10068,17)
(10069,12)
(10070,6)
(10115,23)
(10116,12)
(10117,23)
(10118,19)
(10119,17)
(10120,26)
(10121,22)
(10122,9)
(10123,5)
(10571,2)
(10578,4)
(10579,1)
(10580,2)
(10582,22)
(10583,2)
(10586,1)
(10638,74)
(10071,30)
(10072,24)
(10073,12)
(10075,7)
(10076,41)
(10077,42)
(10078,12)
(10079,30)
(10080,25)
(10136,39)
(10140,49)
(10141,1)
(10142,28)
(10145,96)
(10146,45)
(10403,8)
(10405,3)
(10406,22)
(10124,7)
(10127,26)
(10128,7)
(10130,8)
(10131,14)
(10132,11)
(10133,54)
(10134,44)
(10135,31)
(10408,15)
(10409,15)
(10410,7)
(10412,4)
(10414,16)
(10424,30)
(10568,21)
(10569,11)
(10570,2)
