(84,7)
(85,7)
(87,28)
(88,14)
(91,7)
(92,6)
(93,25)
(94,22)
(95,15)
(136,33)
(137,38)
(138,15)
(139,25)
(142,3)
(143,88)
(144,24)
(145,57)
(146,5)
(234,6)
(236,27)
(237,11)
(238,6)
(239,17)
(240,17)
(241,13)
(242,25)
(243,9)
(573,7)
(574,21)
(575,27)
(576,12)
(577,3)
(578,5)
(579,32)
(581,6)
(582,39)
(1059,1)
(1061,8)
(1062,9)
(1066,10)
(1067,4)
(1068,7)
(1069,21)
(1070,9)
(1072,10)
(1177,4)
(1180,36)
(1181,75)
(1182,46)
(1184,30)
(1186,2)
(1187,33)
(1301,27)
(1302,10)
(1303,5)
(1413,45)
(1414,112)
(1415,10)
(10002,35)
(10005,1)
(10007,14)
(10013,1)
(10014,23)
(10068,20)
(10069,15)
(10070,4)
(10071,36)
(10072,23)
(10073,8)
(10075,10)
(10076,28)
(10077,26)
(1,59)
(2,54)
(5,19)
(9,1)
(11,14)
(52,8)
(53,16)
(56,16)
(57,14)
(59,7)
(97,53)
(98,6)
(99,3)
(100,7)
(101,12)
(102,10)
(103,20)
(104,19)
(106,12)
(149,88)
(151,41)
(156,5)
(160,6)
(161,7)
(163,8)
(164,8)
(166,13)
(168,14)
(71,5)
(72,7)
(73,15)
(74,4)
(75,16)
(78,39)
(79,2)
(82,30)
(83,6)
(247,15)
(248,23)
(252,56)
(253,31)
(254,41)
(255,79)
(257,5)
(259,37)
(263,55)
(120,6)
(121,3)
(122,12)
(124,45)
(126,11)
(127,20)
(129,38)
(132,11)
(133,6)
(60,6)
(62,4)
(63,5)
(64,5)
(65,3)
(66,5)
(67,12)
(68,24)
(69,19)
(225,6)
(226,40)
(227,6)
(228,27)
(229,5)
(230,29)
(231,2)
(232,51)
(233,5)
(584,17)
(586,21)
(587,1)
(589,5)
(590,7)
(591,13)
(1001,31)
(1002,41)
(1003,11)
(107,29)
(108,3)
(110,25)
(111,25)
(112,35)
(115,18)
(116,14)
(118,5)
(119,9)
(1004,4)
(1006,9)
(1007,1)
(1008,2)
(1009,2)
(1014,77)
(1015,106)
(1016,42)
(1018,6)
(275,29)
(277,1)
(387,1)
(388,9)
(520,2)
(522,7)
(570,27)
(571,15)
(572,8)
(169,1)
(170,75)
(171,19)
(172,13)
(173,14)
(176,13)
(179,37)
(181,36)
(182,28)
(1019,5)
(1020,5)
(1021,12)
(1022,23)
(1023,22)
(1024,9)
(1025,1)
(1026,24)
(1027,4)
(1049,3)
(1050,2)
(1051,4)
(1052,1)
(1053,5)
(1054,4)
(1055,8)
(1056,11)
(1057,5)
(264,10)
(265,10)
(266,5)
(267,7)
(268,31)
(269,10)
(270,47)
(272,19)
(274,44)
(1028,9)
(1029,3)
(1031,3)
(1032,1)
(1033,1)
(1034,8)
(1035,4)
(1036,27)
(1037,1)
(10017,11)
(10053,13)
(10056,42)
(10057,26)
(10058,6)
(10062,26)
(10064,24)
(10065,13)
(10066,24)
(1073,7)
(1074,9)
(1075,5)
(1076,7)
(1077,8)
(1078,9)
(1079,11)
(1080,8)
(1081,15)
(10078,9)
(10079,27)
(10080,17)
(10081,4)
(10082,22)
(10084,5)
(10085,24)
(10086,13)
(10087,42)
(1038,8)
(1039,14)
(1040,5)
(1041,6)
(1042,8)
(1043,3)
(1045,1)
(1046,12)
(1047,3)
(1082,16)
(1083,6)
(1084,11)
(1085,6)
(1087,23)
(1088,6)
(1089,7)
(1090,1)
(1091,2)
(10097,31)
(10098,39)
(10099,6)
(10101,6)
(10104,18)
(10105,10)
(10106,10)
(10107,8)
(10108,19)
(1092,4)
(1093,1)
(1095,1)
(1096,3)
(1097,12)
(1103,6)
(1104,5)
(1107,22)
(1111,17)
(10424,36)
(10568,20)
(10569,17)
(10580,1)
(10581,1)
(10582,11)
(10583,3)
(10638,82)
(1166,77)
(1167,41)
(1168,11)
(1169,31)
(1170,28)
(1171,64)
(1173,11)
(1175,16)
(1176,10)
(1112,4)
(1113,21)
(1114,4)
(1115,38)
(1121,17)
(1122,4)
(1123,12)
(1164,5)
(1165,96)
(10109,39)
(10111,7)
(10113,21)
(10114,4)
(10115,21)
(10116,20)
(10117,20)
(10118,14)
(10119,18)
(10088,22)
(10089,14)
(10090,4)
(10091,53)
(10092,9)
(10093,32)
(10094,17)
(10095,14)
(10096,21)
(10120,39)
(10121,34)
(10122,12)
(10123,11)
(10124,7)
(10127,24)
(10128,12)
(10130,10)
(10131,14)
(10132,14)
(10133,43)
(10134,42)
(10135,15)
(10136,29)
(10140,38)
(10141,7)
(10142,19)
(10145,64)
(10146,68)
(10403,5)
(10405,1)
(10406,14)
(10408,7)
(10409,31)
(10410,8)
(10412,3)
(10414,18)
