(62,2)
(63,4)
(64,10)
(65,3)
(66,16)
(67,12)
(68,12)
(69,33)
(71,4)
(106,9)
(107,28)
(108,2)
(110,17)
(111,16)
(112,13)
(115,10)
(116,7)
(118,5)
(168,14)
(169,5)
(170,52)
(171,24)
(172,24)
(173,14)
(176,21)
(179,36)
(181,78)
(259,118)
(263,140)
(264,4)
(265,23)
(266,10)
(267,33)
(268,24)
(269,42)
(270,131)
(272,35)
(582,44)
(584,17)
(586,47)
(587,21)
(589,15)
(1001,58)
(1002,107)
(1003,10)
(1004,3)
(1057,8)
(1061,18)
(1062,15)
(1066,8)
(1067,7)
(1068,4)
(1069,13)
(1070,10)
(1072,15)
(1166,172)
(1167,54)
(1168,23)
(1169,33)
(1170,39)
(1171,131)
(1173,46)
(1175,44)
(1176,39)
(1303,4)
(1413,135)
(1414,152)
(1415,48)
(10002,42)
(10006,22)
(10007,57)
(10013,1)
(10014,83)
(10078,14)
(10079,29)
(10080,36)
(10081,5)
(10082,13)
(10085,14)
(10086,39)
(10087,37)
(10088,27)
(1,66)
(2,55)
(5,11)
(9,15)
(52,13)
(53,18)
(56,22)
(57,19)
(59,6)
(60,3)
(95,19)
(97,90)
(98,16)
(99,9)
(100,12)
(101,21)
(102,14)
(103,37)
(104,14)
(72,8)
(73,9)
(74,10)
(75,7)
(77,1)
(78,38)
(79,4)
(82,24)
(83,7)
(146,1)
(149,145)
(151,50)
(156,21)
(160,2)
(161,9)
(163,24)
(164,10)
(166,20)
(119,16)
(120,11)
(121,3)
(122,7)
(124,32)
(126,14)
(127,30)
(129,36)
(132,29)
(84,9)
(85,15)
(86,1)
(87,14)
(88,9)
(91,5)
(92,27)
(93,22)
(94,25)
(182,28)
(184,13)
(225,29)
(226,51)
(227,15)
(228,36)
(229,31)
(230,64)
(231,7)
(133,10)
(136,39)
(137,36)
(138,21)
(139,28)
(142,7)
(143,50)
(144,28)
(145,43)
(242,28)
(243,7)
(247,36)
(248,21)
(252,56)
(253,63)
(254,72)
(255,34)
(257,4)
(232,61)
(233,3)
(234,7)
(236,25)
(237,5)
(238,14)
(239,18)
(240,75)
(241,4)
(274,64)
(275,45)
(277,3)
(387,13)
(388,26)
(520,4)
(522,7)
(570,56)
(571,23)
(1073,9)
(1074,9)
(1075,11)
(1076,10)
(1077,4)
(1078,4)
(1079,9)
(1080,11)
(1081,23)
(1027,23)
(1028,63)
(1029,13)
(1031,6)
(1033,8)
(1034,33)
(1035,5)
(1036,21)
(1037,29)
(572,4)
(573,12)
(574,49)
(575,22)
(576,12)
(577,8)
(578,14)
(579,27)
(581,16)
(1092,13)
(1093,1)
(1095,1)
(1096,3)
(1097,23)
(1103,19)
(1104,5)
(1107,43)
(1108,7)
(1005,22)
(1006,27)
(1007,2)
(1008,1)
(1009,3)
(1010,1)
(1014,120)
(1015,124)
(1016,91)
(10017,6)
(10053,12)
(10056,48)
(10057,41)
(10058,14)
(10062,29)
(10064,40)
(10065,12)
(10066,45)
(1018,14)
(1019,17)
(1020,10)
(1021,6)
(1022,16)
(1023,15)
(1024,6)
(1025,21)
(1026,27)
(1082,29)
(1083,4)
(1084,11)
(1085,15)
(1087,35)
(1088,26)
(1089,15)
(1090,4)
(1091,9)
(1111,25)
(1112,3)
(1113,31)
(1114,1)
(1115,70)
(1121,16)
(1122,30)
(1123,21)
(1164,8)
(1165,152)
(10068,3)
(10069,21)
(10070,5)
(10071,21)
(10072,24)
(10073,25)
(10075,25)
(10076,22)
(10077,22)
(1038,7)
(1039,9)
(1040,9)
(1041,6)
(1042,16)
(1043,7)
(1045,5)
(1046,23)
(1047,5)
(1177,18)
(1180,110)
(1181,136)
(1182,91)
(1184,39)
(1186,17)
(1187,40)
(1301,38)
(1302,9)
(1048,6)
(1049,6)
(1050,4)
(1051,7)
(1052,3)
(1053,7)
(1054,5)
(1055,6)
(1056,3)
(10134,53)
(10135,9)
(10136,39)
(10140,30)
(10142,11)
(10145,118)
(10146,53)
(10403,21)
(10405,4)
(10406,17)
(10408,16)
(10409,17)
(10410,12)
(10412,10)
(10414,13)
(10424,24)
(10568,45)
(10569,8)
(10089,17)
(10090,3)
(10091,14)
(10092,14)
(10093,55)
(10094,11)
(10095,27)
(10096,42)
(10097,39)
(10098,39)
(10099,3)
(10101,37)
(10104,39)
(10105,3)
(10106,6)
(10107,1)
(10108,26)
(10109,69)
(10570,3)
(10571,4)
(10576,2)
(10580,2)
(10581,2)
(10582,20)
(10583,5)
(10585,2)
(10638,96)
(10111,9)
(10113,16)
(10114,6)
(10115,49)
(10116,7)
(10117,32)
(10118,43)
(10119,21)
(10120,13)
(10121,13)
(10122,10)
(10123,4)
(10127,40)
(10128,10)
(10130,7)
(10131,9)
(10132,14)
(10133,27)
