(1,9)
(2,5)
(5,4)
(9,2)
(56,1)
(88,1)
(95,1)
(97,4)
(99,2)
(100,3)
(144,1)
(145,2)
(149,3)
(160,3)
(163,2)
(238,1)
(239,3)
(240,1)
(243,1)
(247,2)
(582,1)
(584,3)
(586,2)
(589,1)
(1001,2)
(1002,4)
(1014,10)
(1015,10)
(1016,6)
(1019,1)
(1034,1)
(1036,4)
(1041,1)
(1043,1)
(1046,1)
(1053,1)
(1055,1)
(1056,1)
(1067,2)
(10087,1)
(10088,3)
(10089,1)
(10090,2)
(10093,8)
(10128,1)
(10131,1)
(10132,2)
(10133,1)
(10134,2)
(10403,2)
(10409,2)
(10410,3)
(10414,2)
(10424,2)
(10568,2)
(10569,1)
(10574,1)
(10638,3)
(78,2)
(79,1)
(82,1)
(84,1)
(87,3)
(136,1)
(137,1)
(138,1)
(142,1)
(143,2)
(57,3)
(60,1)
(66,1)
(68,2)
(69,3)
(232,5)
(233,2)
(234,14)
(236,5)
(237,2)
(101,1)
(103,1)
(104,1)
(106,2)
(112,1)
(71,1)
(72,1)
(73,1)
(74,3)
(75,2)
(269,5)
(270,13)
(272,1)
(274,8)
(275,2)
(1176,1)
(1177,1)
(1180,4)
(1182,4)
(1186,2)
(164,1)
(168,1)
(170,3)
(173,1)
(116,2)
(119,1)
(124,1)
(127,1)
(129,2)
(248,1)
(252,5)
(253,1)
(254,4)
(255,5)
(10058,2)
(10064,1)
(10065,2)
(10066,2)
(10068,1)
(1115,6)
(1165,7)
(1166,4)
(1167,3)
(1168,4)
(10070,2)
(10071,1)
(10072,1)
(10073,1)
(181,2)
(226,11)
(228,3)
(230,1)
(231,2)
(1169,1)
(1170,1)
(1171,2)
(1173,6)
(1175,1)
(259,4)
(263,14)
(265,6)
(266,1)
(268,5)
(10076,1)
(10078,1)
(10079,1)
(10080,1)
(10085,1)
(388,1)
(571,1)
(575,1)
(579,7)
(581,1)
(1187,5)
(1413,6)
(1414,5)
(1415,2)
(10002,1)
(1020,2)
(1022,1)
(1023,2)
(1024,1)
(1033,1)
(10006,1)
(10013,8)
(10014,1)
(10056,2)
(10057,1)
(1070,2)
(1074,6)
(1079,2)
(1080,1)
(1084,2)
(1087,2)
(1103,1)
(1107,1)
(1111,1)
(1114,2)
(10094,3)
(10098,1)
(10099,1)
(10105,1)
(10107,1)
(10108,5)
(10109,2)
(10114,1)
(10116,1)
(10117,2)
(10118,1)
(10120,5)
(10123,1)
(10124,1)
(10127,1)
(10135,1)
(10140,3)
(10142,2)
(10145,14)
(10146,5)
