(60,2)
(62,6)
(63,5)
(64,14)
(65,4)
(66,14)
(67,16)
(68,15)
(69,41)
(104,23)
(106,20)
(107,32)
(108,2)
(110,42)
(111,33)
(112,45)
(115,27)
(116,25)
(169,4)
(170,89)
(171,26)
(172,29)
(173,16)
(176,15)
(179,44)
(181,110)
(182,38)
(264,3)
(265,26)
(266,12)
(267,8)
(268,36)
(269,32)
(270,117)
(272,19)
(274,42)
(1180,161)
(1181,118)
(1182,82)
(1184,22)
(1186,11)
(1187,42)
(1301,45)
(1302,7)
(1303,5)
(1413,107)
(1414,167)
(1415,20)
(10002,57)
(10005,1)
(10007,80)
(10013,1)
(10014,73)
(10017,11)
(10053,26)
(10056,59)
(10057,58)
(10058,13)
(10062,30)
(10064,50)
(10065,26)
(10066,17)
(10068,39)
(10069,23)
(10070,12)
(10071,55)
(10072,27)
(10073,16)
(10075,14)
(10076,83)
(10077,56)
(10078,15)
(10079,43)
(1,69)
(2,71)
(5,60)
(9,24)
(11,21)
(52,4)
(53,24)
(56,35)
(57,17)
(59,9)
(94,24)
(95,22)
(97,89)
(98,18)
(99,3)
(100,13)
(101,22)
(102,26)
(103,13)
(71,9)
(72,11)
(73,11)
(74,10)
(75,13)
(77,3)
(78,56)
(79,11)
(82,19)
(146,1)
(149,163)
(151,37)
(156,19)
(161,6)
(163,7)
(164,7)
(166,21)
(168,6)
(83,8)
(84,7)
(85,16)
(86,3)
(87,41)
(88,21)
(91,5)
(92,15)
(93,27)
(118,7)
(119,17)
(120,13)
(121,8)
(122,24)
(124,39)
(126,13)
(127,15)
(129,53)
(247,31)
(248,21)
(252,60)
(253,56)
(254,62)
(255,75)
(257,18)
(259,64)
(263,140)
(132,16)
(133,19)
(136,48)
(137,35)
(138,23)
(139,37)
(142,4)
(143,101)
(144,29)
(145,72)
(225,9)
(226,65)
(227,10)
(228,40)
(229,14)
(230,47)
(231,3)
(232,80)
(233,3)
(1038,13)
(1039,18)
(1040,8)
(1041,15)
(1042,23)
(1043,10)
(1045,5)
(1046,24)
(1047,7)
(275,24)
(277,5)
(387,5)
(388,15)
(520,4)
(522,6)
(570,72)
(571,25)
(572,13)
(234,16)
(236,38)
(237,15)
(238,16)
(239,24)
(240,47)
(241,8)
(242,21)
(243,9)
(1057,7)
(1059,1)
(1061,25)
(1062,19)
(1066,9)
(1067,5)
(1068,1)
(1069,12)
(1070,12)
(573,14)
(574,38)
(575,25)
(576,20)
(577,6)
(578,16)
(579,40)
(581,17)
(582,61)
(584,29)
(586,50)
(587,6)
(589,9)
(591,27)
(1001,64)
(1002,61)
(1003,14)
(1004,6)
(1005,2)
(1019,7)
(1020,3)
(1021,12)
(1022,39)
(1023,24)
(1024,15)
(1025,14)
(1026,32)
(1027,14)
(1093,1)
(1096,3)
(1097,25)
(1103,20)
(1104,4)
(1107,43)
(1108,14)
(1111,22)
(1112,9)
(1028,24)
(1029,3)
(1031,7)
(1032,2)
(1033,7)
(1034,29)
(1035,8)
(1036,56)
(1037,38)
(1113,37)
(1114,9)
(1115,88)
(1121,18)
(1122,30)
(1123,19)
(1164,13)
(1165,150)
(1166,121)
(1006,20)
(1007,5)
(1008,2)
(1009,2)
(1010,3)
(1014,127)
(1015,177)
(1016,108)
(1018,7)
(1048,9)
(1049,12)
(1050,4)
(1051,4)
(1052,10)
(1053,9)
(1054,3)
(1055,7)
(1056,7)
(1083,9)
(1084,20)
(1085,5)
(1087,20)
(1088,18)
(1089,12)
(1090,3)
(1091,18)
(1092,12)
(10122,11)
(10123,11)
(10124,4)
(10127,49)
(10128,15)
(10130,18)
(10131,30)
(10132,27)
(10133,84)
(1072,7)
(1074,10)
(1075,11)
(1076,6)
(1077,18)
(1078,7)
(1079,3)
(1080,9)
(1081,33)
(1082,35)
(10134,63)
(10135,29)
(10136,60)
(10140,60)
(10141,9)
(10142,52)
(10145,102)
(10146,50)
(10403,16)
(1167,101)
(1168,22)
(1169,45)
(1170,31)
(1171,119)
(1173,39)
(1175,40)
(1176,22)
(1177,11)
(10080,39)
(10081,5)
(10082,31)
(10084,11)
(10085,40)
(10086,38)
(10087,54)
(10088,13)
(10089,14)
(10090,11)
(10091,57)
(10092,17)
(10093,51)
(10094,39)
(10095,22)
(10096,102)
(10097,50)
(10098,101)
(10099,8)
(10101,13)
(10104,25)
(10105,16)
(10106,14)
(10107,8)
(10108,36)
(10109,65)
(10111,22)
(10113,32)
(10114,6)
(10115,41)
(10116,32)
(10117,43)
(10118,33)
(10119,25)
(10120,59)
(10121,32)
(10569,10)
(10570,1)
(10575,1)
(10578,4)
(10579,2)
(10580,2)
(10582,15)
(10583,1)
(10586,1)
(10405,5)
(10406,20)
(10408,21)
(10409,33)
(10410,18)
(10412,6)
(10414,34)
(10424,45)
(10568,43)
