(60,1)
(62,2)
(64,1)
(66,1)
(67,1)
(68,3)
(69,4)
(107,9)
(110,1)
(111,2)
(112,2)
(115,5)
(116,1)
(118,3)
(163,2)
(164,3)
(166,1)
(168,1)
(170,5)
(171,5)
(172,6)
(173,4)
(252,9)
(253,12)
(254,7)
(255,11)
(259,18)
(263,23)
(264,7)
(1048,4)
(1053,1)
(1054,1)
(1056,1)
(1057,1)
(1059,1)
(1061,1)
(1062,1)
(1066,2)
(1067,4)
(1068,4)
(1069,6)
(1072,3)
(1073,1)
(1074,1)
(1077,7)
(1078,2)
(1079,6)
(1080,4)
(1081,3)
(1082,2)
(1096,1)
(1097,4)
(1104,1)
(1107,4)
(1111,1)
(1112,1)
(1113,1)
(10117,9)
(10118,3)
(10119,3)
(10120,4)
(10121,1)
(10122,1)
(10123,3)
(10140,9)
(10141,1)
(10142,3)
(10145,37)
(10146,12)
(10408,4)
(10409,10)
(1,3)
(2,36)
(5,4)
(52,11)
(53,3)
(56,5)
(57,5)
(59,1)
(97,19)
(98,1)
(99,4)
(101,1)
(103,2)
(104,2)
(106,3)
(143,6)
(144,2)
(145,3)
(146,4)
(149,15)
(151,4)
(156,2)
(71,1)
(72,4)
(73,7)
(74,1)
(77,4)
(78,12)
(82,4)
(85,1)
(87,2)
(88,2)
(91,1)
(93,5)
(94,9)
(95,11)
(238,1)
(239,4)
(240,17)
(242,4)
(243,6)
(247,3)
(248,5)
(132,5)
(133,2)
(136,10)
(137,6)
(138,5)
(139,2)
(142,1)
(120,4)
(121,1)
(122,2)
(124,4)
(126,2)
(127,5)
(129,2)
(1022,2)
(1023,7)
(1024,2)
(1025,7)
(1026,1)
(1028,4)
(1029,2)
(229,3)
(230,9)
(231,1)
(232,3)
(234,1)
(236,3)
(237,1)
(176,1)
(179,6)
(181,7)
(182,7)
(226,10)
(227,2)
(228,4)
(1083,1)
(1084,7)
(1087,4)
(1088,4)
(1089,1)
(1092,3)
(1093,1)
(274,19)
(275,3)
(277,1)
(388,1)
(570,4)
(572,1)
(573,1)
(1180,8)
(1181,17)
(1182,5)
(1184,5)
(1186,2)
(1187,2)
(1301,4)
(586,10)
(587,1)
(1001,10)
(1002,12)
(1003,1)
(1004,1)
(1007,2)
(1302,1)
(1413,37)
(1414,27)
(1415,8)
(10002,7)
(10005,21)
(10006,4)
(265,7)
(266,4)
(267,3)
(268,5)
(269,9)
(270,43)
(272,9)
(574,3)
(575,6)
(576,4)
(578,2)
(579,4)
(582,4)
(584,1)
(10094,5)
(10095,5)
(10096,4)
(10097,9)
(10098,6)
(10099,1)
(10104,3)
(1010,1)
(1014,29)
(1015,35)
(1016,20)
(1018,1)
(1019,1)
(1021,1)
(1036,3)
(1037,5)
(1039,2)
(1040,3)
(1041,1)
(1042,1)
(1043,2)
(1046,4)
(1169,3)
(1170,7)
(1171,19)
(1173,5)
(1175,6)
(1176,3)
(1177,5)
(1115,2)
(1122,2)
(1123,5)
(1165,16)
(1166,27)
(1167,2)
(1168,4)
(10410,2)
(10412,1)
(10414,2)
(10424,3)
(10568,3)
(10582,3)
(10638,26)
(10007,18)
(10013,1)
(10014,36)
(10053,1)
(10056,2)
(10057,10)
(10058,2)
(10064,7)
(10076,7)
(10077,4)
(10078,2)
(10079,7)
(10080,8)
(10081,2)
(10082,16)
(10065,1)
(10066,1)
(10068,3)
(10070,1)
(10071,5)
(10072,5)
(10073,11)
(10127,3)
(10130,3)
(10131,5)
(10133,10)
(10134,9)
(10135,6)
(10136,4)
(10085,1)
(10086,2)
(10087,9)
(10088,4)
(10089,2)
(10091,11)
(10093,5)
(10106,4)
(10107,1)
(10108,2)
(10109,6)
(10113,2)
(10115,5)
(10116,2)
