(72,9)
(73,20)
(74,9)
(75,9)
(77,2)
(78,75)
(79,10)
(82,18)
(83,10)
(119,56)
(120,26)
(121,13)
(122,30)
(124,26)
(126,3)
(127,2)
(129,81)
(132,14)
(182,25)
(184,35)
(225,14)
(226,107)
(227,16)
(228,115)
(229,39)
(230,106)
(231,28)
(272,37)
(274,73)
(275,38)
(277,10)
(387,2)
(388,28)
(520,2)
(522,2)
(570,64)
(581,12)
(582,43)
(584,69)
(586,37)
(587,3)
(589,1)
(1001,126)
(1002,157)
(1004,7)
(1019,19)
(1020,17)
(1021,43)
(1022,47)
(1023,52)
(1024,13)
(1025,33)
(1026,19)
(1027,5)
(1095,6)
(1097,12)
(1103,30)
(1104,71)
(1107,88)
(1108,20)
(1111,96)
(1112,2)
(1113,108)
(1182,50)
(1184,6)
(1186,18)
(1187,99)
(1301,1)
(1302,5)
(1303,17)
(1413,66)
(1414,265)
(10080,104)
(10081,51)
(10082,3)
(10085,2)
(10086,42)
(10087,60)
(10088,26)
(10089,36)
(10090,3)
(10123,9)
(10124,6)
(10127,111)
(10128,15)
(10130,13)
(10131,8)
(10132,12)
(10133,26)
(10134,65)
(10571,3)
(10572,1)
(10573,1)
(10574,1)
(10575,24)
(10580,28)
(10581,3)
(10582,1)
(10638,33)
(1,133)
(2,92)
(5,65)
(9,14)
(52,4)
(53,40)
(56,18)
(57,4)
(59,6)
(61,6)
(62,4)
(63,8)
(64,7)
(65,11)
(66,4)
(67,14)
(68,17)
(69,38)
(71,7)
(95,23)
(97,74)
(98,28)
(99,10)
(100,25)
(101,33)
(102,19)
(103,27)
(104,13)
(106,55)
(107,23)
(108,2)
(110,56)
(111,37)
(112,13)
(115,4)
(116,34)
(118,6)
(168,21)
(169,6)
(170,126)
(171,13)
(172,10)
(173,7)
(176,31)
(179,5)
(181,53)
(146,1)
(149,154)
(151,83)
(156,19)
(160,12)
(161,2)
(163,4)
(164,5)
(166,23)
(84,14)
(85,20)
(86,1)
(87,27)
(88,24)
(91,20)
(92,17)
(93,40)
(94,19)
(133,26)
(136,51)
(137,55)
(138,18)
(139,73)
(142,18)
(143,135)
(144,21)
(145,99)
(259,62)
(263,99)
(264,7)
(265,62)
(266,13)
(267,28)
(268,146)
(269,23)
(270,127)
(242,10)
(243,30)
(247,50)
(248,32)
(252,117)
(253,26)
(254,24)
(255,81)
(257,16)
(232,107)
(233,69)
(234,103)
(236,56)
(237,92)
(238,54)
(239,23)
(240,30)
(241,6)
(1074,12)
(1075,7)
(1076,6)
(1077,7)
(1078,4)
(1079,2)
(1080,6)
(1081,13)
(1082,6)
(571,11)
(572,8)
(573,5)
(574,68)
(575,12)
(576,9)
(577,11)
(578,4)
(579,200)
(1005,13)
(1006,12)
(1007,10)
(1008,1)
(1009,1)
(1014,166)
(1015,230)
(1016,152)
(1018,16)
(1083,4)
(1084,14)
(1085,15)
(1087,49)
(1088,21)
(1089,9)
(1091,30)
(1092,34)
(1093,12)
(1028,4)
(1029,44)
(1031,23)
(1033,21)
(1034,23)
(1035,4)
(1036,73)
(1037,57)
(1038,7)
(1039,30)
(1040,11)
(1041,32)
(1042,36)
(1043,22)
(1045,5)
(1046,42)
(1047,7)
(1048,16)
(1049,21)
(1061,25)
(1062,21)
(1066,10)
(1067,6)
(1068,1)
(1069,13)
(1070,31)
(1072,7)
(1073,10)
(1050,2)
(1051,6)
(1052,6)
(1053,14)
(1054,4)
(1055,14)
(1056,16)
(1057,27)
(1059,1)
(1169,40)
(1170,38)
(1171,50)
(1173,47)
(1175,42)
(1176,34)
(1177,27)
(1180,184)
(1181,10)
(1114,39)
(1115,153)
(1121,4)
(1122,51)
(1123,7)
(1165,156)
(1166,157)
(1167,83)
(1168,39)
(1415,20)
(10002,24)
(10005,13)
(10006,20)
(10007,5)
(10013,56)
(10014,6)
(10017,17)
(10053,9)
(10091,11)
(10092,11)
(10093,111)
(10094,7)
(10095,8)
(10096,15)
(10097,16)
(10098,18)
(10099,37)
(10056,110)
(10057,98)
(10058,16)
(10062,44)
(10064,56)
(10065,21)
(10066,43)
(10068,10)
(10069,46)
(10101,21)
(10104,31)
(10105,5)
(10106,9)
(10107,3)
(10108,24)
(10109,108)
(10111,11)
(10113,33)
(10070,22)
(10071,85)
(10072,21)
(10073,14)
(10075,24)
(10076,7)
(10077,9)
(10078,21)
(10079,13)
(10406,8)
(10408,5)
(10409,22)
(10410,92)
(10412,6)
(10414,11)
(10424,23)
(10568,70)
(10569,12)
(10114,1)
(10115,53)
(10116,2)
(10117,120)
(10118,38)
(10119,32)
(10120,21)
(10121,10)
(10122,21)
(10135,5)
(10136,80)
(10140,8)
(10141,2)
(10142,27)
(10145,102)
(10146,85)
(10403,63)
(10405,6)
