(86,1)
(87,2)
(88,6)
(91,2)
(92,2)
(93,21)
(94,28)
(95,28)
(136,12)
(137,10)
(138,7)
(139,11)
(142,1)
(143,26)
(144,13)
(145,15)
(146,2)
(232,28)
(233,1)
(234,5)
(236,12)
(237,4)
(238,10)
(239,6)
(240,51)
(571,4)
(572,5)
(573,1)
(574,20)
(575,17)
(576,8)
(577,1)
(578,6)
(1015,91)
(1016,52)
(1018,6)
(1019,4)
(1020,2)
(1022,7)
(1023,8)
(1024,5)
(1054,2)
(1057,2)
(1059,1)
(1061,2)
(1062,7)
(1066,5)
(1067,2)
(1068,1)
(1069,5)
(1079,7)
(1080,9)
(1081,9)
(1082,9)
(1084,5)
(1085,5)
(1087,5)
(1088,7)
(1089,8)
(10014,44)
(10017,3)
(10053,6)
(10056,22)
(10057,21)
(10058,2)
(10062,10)
(10064,20)
(10086,9)
(10087,17)
(10088,9)
(10089,5)
(10090,1)
(10091,17)
(10092,4)
(10093,23)
(10412,1)
(10414,5)
(10424,19)
(10568,13)
(10569,7)
(10574,1)
(10582,3)
(10638,104)
(1,15)
(2,82)
(5,13)
(9,8)
(52,11)
(53,6)
(56,7)
(57,11)
(59,6)
(62,1)
(63,1)
(64,1)
(66,13)
(67,12)
(68,8)
(69,12)
(71,6)
(72,4)
(73,7)
(74,4)
(75,6)
(77,2)
(78,17)
(82,8)
(84,4)
(85,6)
(97,57)
(98,4)
(99,2)
(100,6)
(101,10)
(102,1)
(103,14)
(104,7)
(106,6)
(107,17)
(110,6)
(111,4)
(112,13)
(115,7)
(116,4)
(118,7)
(119,6)
(120,3)
(122,2)
(124,23)
(126,3)
(127,13)
(129,9)
(132,9)
(133,1)
(149,55)
(151,16)
(156,8)
(160,1)
(163,18)
(164,5)
(166,3)
(168,1)
(169,1)
(170,26)
(171,16)
(172,25)
(173,5)
(176,12)
(179,28)
(181,28)
(182,16)
(184,6)
(225,3)
(226,22)
(227,5)
(228,8)
(229,10)
(230,23)
(231,2)
(242,14)
(243,9)
(247,8)
(248,23)
(252,32)
(253,44)
(254,38)
(255,33)
(257,2)
(259,82)
(263,77)
(264,4)
(265,6)
(266,8)
(267,14)
(268,16)
(269,16)
(579,9)
(581,4)
(582,17)
(584,6)
(586,12)
(587,7)
(589,2)
(1001,26)
(270,62)
(272,8)
(274,66)
(275,16)
(277,3)
(387,2)
(388,4)
(522,1)
(570,21)
(1046,5)
(1047,1)
(1048,2)
(1049,2)
(1050,2)
(1051,2)
(1052,2)
(1053,3)
(1036,7)
(1037,16)
(1039,2)
(1040,5)
(1041,4)
(1042,2)
(1043,1)
(1045,2)
(1002,72)
(1003,9)
(1004,1)
(1005,1)
(1006,9)
(1007,1)
(1008,1)
(1009,1)
(1014,72)
(1091,3)
(1092,3)
(1095,1)
(1096,3)
(1097,5)
(1103,3)
(1104,1)
(1107,22)
(1025,12)
(1026,17)
(1027,9)
(1028,10)
(1029,5)
(1031,2)
(1033,3)
(1034,3)
(1035,5)
(1165,102)
(1166,55)
(1167,1)
(1168,18)
(1169,17)
(1170,29)
(1171,126)
(1173,12)
(1175,18)
(1301,21)
(1303,2)
(1413,94)
(1414,80)
(1415,42)
(10002,19)
(10005,26)
(10006,9)
(10007,41)
(1108,3)
(1111,9)
(1112,1)
(1113,17)
(1115,23)
(1121,12)
(1122,16)
(1123,6)
(1070,2)
(1072,5)
(1073,2)
(1074,10)
(1075,1)
(1076,6)
(1077,12)
(1078,5)
(1176,12)
(1177,13)
(1180,54)
(1181,52)
(1182,28)
(1184,25)
(1186,10)
(1187,12)
(10075,12)
(10076,39)
(10077,14)
(10078,9)
(10079,13)
(10080,14)
(10081,4)
(10082,34)
(10085,7)
(10065,4)
(10066,8)
(10068,8)
(10069,13)
(10070,7)
(10071,18)
(10072,17)
(10073,36)
(10118,17)
(10119,11)
(10120,9)
(10121,11)
(10122,2)
(10123,4)
(10127,12)
(10128,3)
(10107,3)
(10108,17)
(10109,12)
(10111,5)
(10113,2)
(10115,12)
(10116,5)
(10117,21)
(10094,9)
(10095,16)
(10096,10)
(10097,26)
(10098,24)
(10101,16)
(10104,10)
(10105,14)
(10106,6)
(10142,9)
(10145,94)
(10146,27)
(10403,6)
(10406,5)
(10408,19)
(10409,15)
(10410,3)
(10130,5)
(10131,8)
(10132,2)
(10133,25)
(10134,19)
(10135,16)
(10136,6)
(10140,11)
(10141,5)
