(60,1)
(62,7)
(63,3)
(64,9)
(65,4)
(66,12)
(67,13)
(68,17)
(69,18)
(104,11)
(106,15)
(107,16)
(108,2)
(110,21)
(111,27)
(112,17)
(115,16)
(116,11)
(168,9)
(169,2)
(170,46)
(171,26)
(172,20)
(173,9)
(176,17)
(179,36)
(181,60)
(265,21)
(266,10)
(267,4)
(268,28)
(269,35)
(270,112)
(272,20)
(274,57)
(275,30)
(587,15)
(589,6)
(1001,47)
(1002,58)
(1003,10)
(1004,5)
(1005,8)
(1006,17)
(1007,3)
(1009,7)
(1014,109)
(1015,118)
(1016,77)
(1018,11)
(1019,7)
(1020,8)
(1021,7)
(1022,23)
(1042,9)
(1043,10)
(1045,1)
(1046,21)
(1047,4)
(1048,6)
(1049,6)
(1050,2)
(1051,1)
(1104,5)
(1107,39)
(1108,6)
(1111,9)
(1112,3)
(1113,19)
(1114,7)
(1115,31)
(1121,20)
(10095,22)
(10096,45)
(10097,28)
(10098,52)
(10099,2)
(10101,15)
(10104,17)
(10105,14)
(10106,10)
(10130,14)
(10131,15)
(10132,17)
(10133,72)
(10134,41)
(10135,18)
(10136,41)
(10140,41)
(10141,1)
(10142,34)
(10145,90)
(10146,49)
(10403,5)
(10405,2)
(10406,25)
(10408,16)
(10409,24)
(10410,11)
(10412,3)
(10414,14)
(10424,31)
(10568,25)
(10569,9)
(10570,1)
(10571,1)
(10576,1)
(10578,3)
(1,52)
(2,55)
(5,18)
(9,11)
(52,8)
(53,13)
(56,19)
(57,21)
(59,2)
(94,22)
(95,19)
(97,56)
(98,3)
(99,3)
(100,9)
(101,12)
(102,5)
(103,14)
(145,41)
(146,6)
(149,83)
(151,26)
(156,14)
(161,11)
(163,7)
(164,12)
(166,19)
(248,10)
(252,40)
(253,44)
(254,47)
(255,41)
(257,7)
(259,70)
(263,65)
(264,9)
(71,9)
(72,15)
(73,22)
(74,9)
(75,15)
(77,1)
(78,36)
(79,5)
(82,21)
(83,6)
(84,11)
(85,12)
(86,1)
(87,19)
(88,12)
(91,5)
(92,12)
(93,15)
(118,6)
(119,6)
(120,4)
(121,6)
(122,17)
(124,24)
(126,8)
(127,18)
(129,39)
(1087,13)
(1088,19)
(1089,10)
(1090,2)
(1091,4)
(1092,7)
(1095,1)
(1097,17)
(1103,16)
(132,18)
(133,1)
(136,26)
(137,25)
(138,17)
(139,20)
(142,4)
(143,52)
(144,29)
(182,19)
(225,18)
(226,27)
(227,7)
(228,33)
(229,6)
(230,38)
(232,55)
(233,4)
(1122,17)
(1123,16)
(1164,8)
(1165,109)
(1166,98)
(1167,52)
(1168,10)
(1169,32)
(1170,34)
(1186,11)
(1187,19)
(1301,19)
(1302,4)
(1413,93)
(1414,134)
(1415,17)
(10002,49)
(10005,1)
(234,13)
(236,30)
(237,1)
(238,13)
(239,24)
(240,42)
(242,20)
(243,6)
(247,21)
(575,13)
(576,14)
(577,2)
(578,4)
(579,22)
(581,15)
(582,68)
(584,10)
(586,40)
(10006,16)
(10007,55)
(10014,59)
(10017,8)
(10053,13)
(10056,33)
(10057,20)
(10058,3)
(10062,19)
(277,2)
(387,3)
(388,15)
(522,4)
(570,44)
(571,16)
(572,6)
(573,9)
(574,39)
(1052,3)
(1053,6)
(1054,3)
(1055,4)
(1056,8)
(1057,8)
(1061,9)
(1062,14)
(1066,5)
(1077,9)
(1078,6)
(1079,5)
(1080,6)
(1081,18)
(1082,20)
(1083,7)
(1084,10)
(1085,6)
(1023,17)
(1024,20)
(1025,19)
(1026,32)
(1027,18)
(1028,23)
(1029,10)
(1031,9)
(1033,2)
(1171,78)
(1173,31)
(1175,32)
(1176,12)
(1177,8)
(1180,55)
(1181,131)
(1182,63)
(1184,23)
(1034,20)
(1035,10)
(1036,38)
(1037,26)
(1038,2)
(1039,6)
(1040,6)
(1041,12)
(10075,15)
(10076,49)
(10077,40)
(10078,9)
(10079,34)
(10080,26)
(10081,5)
(10082,21)
(10085,54)
(1067,3)
(1068,2)
(1069,5)
(1070,9)
(1072,10)
(1073,3)
(1074,8)
(1075,7)
(1076,2)
(10118,27)
(10119,25)
(10120,34)
(10121,35)
(10122,8)
(10123,11)
(10124,2)
(10127,19)
(10128,11)
(10064,32)
(10065,12)
(10066,15)
(10068,25)
(10069,16)
(10070,6)
(10071,23)
(10072,21)
(10073,10)
(10086,17)
(10087,36)
(10088,10)
(10089,14)
(10090,2)
(10091,55)
(10092,8)
(10093,28)
(10094,23)
(10107,5)
(10108,27)
(10109,37)
(10111,6)
(10113,17)
(10114,5)
(10115,25)
(10116,16)
(10117,18)
(10579,1)
(10580,3)
(10581,1)
(10582,10)
(10583,2)
(10586,4)
(10587,2)
(10638,81)
