(74,1)
(78,1)
(79,1)
(82,3)
(85,1)
(87,2)
(112,1)
(116,1)
(122,1)
(129,2)
(132,1)
(133,2)
(227,1)
(228,9)
(230,7)
(232,3)
(233,3)
(234,15)
(268,10)
(269,1)
(270,6)
(272,3)
(274,9)
(275,1)
(1053,1)
(1055,1)
(1056,1)
(1059,1)
(1061,1)
(1067,1)
(1076,1)
(1077,1)
(1080,2)
(1081,1)
(1082,1)
(1180,4)
(1181,1)
(1182,3)
(1184,1)
(1186,2)
(1187,6)
(10058,1)
(10062,1)
(10065,2)
(10066,1)
(10068,8)
(10069,1)
(10090,3)
(10091,5)
(10094,2)
(10096,1)
(10097,2)
(10098,2)
(10142,4)
(10145,11)
(10146,1)
(10403,1)
(10405,1)
(10406,2)
(10410,2)
(10414,1)
(10568,1)
(10574,2)
(10638,12)
(1,11)
(2,11)
(5,3)
(56,2)
(57,3)
(59,2)
(97,10)
(98,1)
(99,1)
(100,1)
(101,2)
(88,1)
(91,3)
(92,1)
(93,2)
(94,1)
(95,1)
(144,2)
(145,7)
(149,5)
(156,1)
(166,1)
(136,3)
(137,1)
(138,1)
(139,1)
(142,2)
(143,1)
(247,4)
(248,10)
(252,1)
(253,1)
(254,2)
(255,3)
(67,1)
(68,1)
(69,4)
(71,2)
(72,2)
(73,2)
(102,3)
(103,2)
(106,2)
(107,2)
(110,1)
(111,1)
(1068,1)
(1069,2)
(1070,1)
(1072,1)
(1073,1)
(1074,1)
(236,7)
(237,3)
(238,7)
(239,3)
(240,5)
(242,2)
(170,1)
(176,3)
(181,1)
(182,3)
(225,1)
(226,7)
(1107,2)
(1108,1)
(1111,4)
(1112,1)
(1113,1)
(1114,5)
(520,1)
(571,1)
(572,1)
(575,1)
(578,1)
(579,10)
(257,3)
(259,10)
(263,9)
(265,3)
(267,2)
(1115,6)
(1165,6)
(1166,4)
(1167,7)
(1168,9)
(1170,3)
(1014,6)
(1015,15)
(1016,5)
(1018,4)
(1019,2)
(1020,1)
(1021,1)
(1022,1)
(1023,3)
(1024,4)
(1025,3)
(10006,1)
(10013,9)
(10014,2)
(10017,2)
(10056,2)
(10057,4)
(582,2)
(584,2)
(586,2)
(589,2)
(1001,2)
(1002,6)
(1029,3)
(1035,1)
(1036,1)
(1039,2)
(1048,1)
(1050,1)
(1171,4)
(1173,3)
(1175,3)
(1176,1)
(1177,1)
(1088,1)
(1092,2)
(1096,1)
(1097,1)
(1103,2)
(1104,2)
(1302,1)
(1413,3)
(1414,13)
(1415,1)
(10002,2)
(10005,4)
(10071,1)
(10073,2)
(10076,4)
(10077,1)
(10078,1)
(10120,2)
(10123,1)
(10127,3)
(10128,3)
(10130,2)
(10131,2)
(10133,3)
(10134,1)
(10135,1)
(10136,5)
(10140,6)
(10141,1)
(10079,1)
(10080,2)
(10081,1)
(10082,2)
(10085,1)
(10087,2)
(10099,2)
(10104,2)
(10105,1)
(10108,2)
(10109,1)
(10113,1)
(10115,3)
(10116,1)
(10117,1)
(10118,3)
(10119,1)
