(68,20)
(69,13)
(71,2)
(72,4)
(73,11)
(74,3)
(75,7)
(78,26)
(79,1)
(116,6)
(118,10)
(119,5)
(120,5)
(121,4)
(122,14)
(124,22)
(127,13)
(129,26)
(181,41)
(182,17)
(225,2)
(226,23)
(227,5)
(228,17)
(229,10)
(230,19)
(231,1)
(270,37)
(272,12)
(274,48)
(275,16)
(277,1)
(387,2)
(388,1)
(522,3)
(570,10)
(1002,31)
(1003,10)
(1004,3)
(1005,2)
(1006,5)
(1007,3)
(1009,3)
(1014,40)
(1036,31)
(1038,3)
(1039,9)
(1040,2)
(1041,3)
(1042,7)
(1043,4)
(1045,1)
(1046,10)
(1114,1)
(1115,28)
(1121,4)
(1122,1)
(1123,10)
(1165,78)
(1166,34)
(1167,35)
(1168,6)
(1169,13)
(1170,28)
(1171,55)
(1173,7)
(1175,14)
(1176,5)
(1177,6)
(1180,22)
(10120,13)
(10121,21)
(10122,7)
(10123,8)
(10124,7)
(10127,13)
(10128,11)
(10130,6)
(10131,20)
(10146,51)
(10403,2)
(10405,3)
(10406,5)
(10408,6)
(10409,24)
(10410,10)
(10412,4)
(10414,6)
(1,69)
(2,56)
(5,3)
(9,4)
(11,6)
(52,5)
(53,8)
(56,11)
(57,9)
(94,6)
(95,11)
(97,33)
(98,4)
(99,10)
(100,9)
(101,17)
(102,14)
(145,41)
(146,4)
(149,66)
(151,23)
(156,8)
(160,1)
(161,1)
(164,6)
(59,5)
(60,2)
(61,1)
(62,1)
(63,2)
(64,3)
(65,2)
(66,6)
(67,8)
(103,11)
(104,7)
(106,8)
(107,13)
(108,1)
(110,21)
(111,11)
(112,16)
(115,20)
(82,16)
(83,5)
(84,5)
(85,8)
(87,22)
(88,9)
(91,5)
(92,9)
(93,14)
(132,8)
(133,3)
(136,15)
(137,28)
(138,10)
(139,18)
(142,1)
(143,73)
(144,11)
(242,3)
(243,8)
(247,10)
(248,10)
(252,24)
(253,23)
(254,30)
(255,39)
(257,2)
(166,14)
(168,4)
(169,4)
(170,54)
(171,13)
(172,7)
(173,4)
(176,6)
(179,26)
(232,27)
(233,7)
(234,6)
(236,25)
(237,2)
(238,3)
(239,11)
(240,14)
(241,5)
(1181,41)
(1182,24)
(1184,24)
(1186,9)
(1187,22)
(1301,35)
(1302,4)
(1303,1)
(1413,42)
(259,22)
(263,21)
(264,4)
(265,11)
(266,6)
(267,9)
(268,14)
(269,7)
(571,14)
(572,4)
(573,7)
(574,7)
(575,11)
(576,11)
(577,2)
(578,2)
(579,7)
(1414,89)
(1415,5)
(10002,24)
(10005,1)
(10007,8)
(10013,2)
(10014,15)
(10017,6)
(10053,12)
(581,5)
(582,20)
(584,14)
(586,11)
(587,1)
(589,8)
(590,1)
(591,12)
(1001,22)
(1015,60)
(1016,28)
(1018,4)
(1019,5)
(1020,5)
(1021,6)
(1022,13)
(1023,6)
(1024,9)
(1025,2)
(1026,10)
(1027,3)
(1028,5)
(1029,4)
(1031,3)
(1033,2)
(1034,10)
(1035,7)
(1047,4)
(1048,1)
(1049,3)
(1050,2)
(1052,1)
(1053,2)
(1055,3)
(1056,3)
(1057,1)
(10056,16)
(10057,11)
(10058,4)
(10062,8)
(10064,21)
(10065,6)
(10066,11)
(10068,4)
(10069,8)
(1059,2)
(1061,3)
(1062,9)
(1066,3)
(1067,4)
(1068,5)
(1069,16)
(1070,13)
(1081,9)
(1082,9)
(1083,2)
(1084,8)
(1085,3)
(1087,10)
(1088,8)
(1089,6)
(1091,6)
(10070,6)
(10071,20)
(10072,17)
(10073,6)
(10075,7)
(10076,21)
(10077,21)
(10078,11)
(1072,9)
(1073,8)
(1074,6)
(1075,5)
(1076,5)
(1077,15)
(1078,5)
(1079,9)
(1080,17)
(1092,3)
(1096,1)
(1097,12)
(1103,9)
(1104,3)
(1107,29)
(1108,3)
(1111,7)
(1113,10)
(10079,13)
(10080,13)
(10081,7)
(10082,9)
(10084,7)
(10085,9)
(10086,13)
(10087,18)
(10088,14)
(10089,8)
(10090,4)
(10091,36)
(10092,2)
(10093,21)
(10094,21)
(10095,24)
(10096,16)
(10097,26)
(10098,25)
(10099,2)
(10101,4)
(10104,8)
(10105,4)
(10106,7)
(10107,9)
(10108,15)
(10109,16)
(10111,12)
(10113,11)
(10114,2)
(10115,19)
(10116,12)
(10117,15)
(10118,12)
(10119,16)
(10424,35)
(10568,13)
(10569,13)
(10580,4)
(10582,5)
(10583,1)
(10584,1)
(10638,52)
(10132,12)
(10133,29)
(10134,21)
(10135,18)
(10136,21)
(10140,29)
(10141,3)
(10142,33)
(10145,28)
