(85,18)
(87,10)
(88,15)
(91,15)
(92,15)
(93,32)
(94,22)
(95,43)
(97,82)
(138,14)
(139,23)
(142,12)
(143,86)
(144,20)
(145,33)
(146,4)
(149,81)
(151,42)
(236,30)
(237,42)
(238,51)
(239,8)
(240,27)
(241,2)
(242,16)
(243,15)
(247,34)
(575,9)
(576,22)
(577,1)
(578,13)
(579,105)
(581,9)
(582,41)
(584,26)
(586,92)
(1022,21)
(1023,30)
(1024,7)
(1025,27)
(1026,20)
(1027,10)
(1028,3)
(1029,25)
(1031,7)
(1033,38)
(1034,25)
(1035,6)
(1036,38)
(1037,42)
(1038,4)
(1039,29)
(1040,6)
(1041,18)
(1076,6)
(1077,10)
(1078,6)
(1079,3)
(1080,8)
(1081,5)
(1082,3)
(1083,1)
(1084,11)
(1182,43)
(1184,5)
(1186,9)
(1187,103)
(1301,2)
(1302,1)
(1303,7)
(1413,63)
(1414,169)
(10091,4)
(10092,8)
(10093,54)
(10094,4)
(10095,4)
(10096,1)
(10097,11)
(10098,2)
(10099,20)
(10114,1)
(10115,62)
(10116,2)
(10117,45)
(10118,53)
(10119,14)
(10120,11)
(10121,16)
(10122,13)
(10123,20)
(10124,4)
(10127,82)
(10128,2)
(10130,1)
(10131,1)
(10132,7)
(10133,17)
(10134,37)
(63,3)
(64,4)
(65,8)
(66,2)
(67,9)
(68,17)
(69,24)
(71,10)
(72,5)
(73,27)
(74,14)
(75,11)
(77,8)
(78,34)
(79,15)
(82,4)
(83,7)
(84,8)
(108,1)
(110,40)
(111,38)
(112,19)
(116,22)
(118,5)
(119,16)
(120,7)
(121,10)
(122,14)
(124,14)
(126,7)
(127,4)
(129,44)
(132,23)
(133,17)
(136,32)
(137,22)
(171,19)
(172,6)
(173,6)
(176,26)
(179,6)
(181,44)
(182,34)
(184,13)
(225,9)
(1,8)
(2,83)
(5,53)
(9,6)
(52,3)
(53,23)
(56,25)
(57,2)
(59,3)
(61,1)
(226,79)
(227,16)
(228,89)
(229,37)
(230,67)
(231,19)
(232,63)
(233,61)
(234,128)
(265,43)
(266,9)
(267,28)
(268,123)
(269,45)
(270,72)
(272,28)
(275,41)
(277,10)
(98,17)
(99,4)
(100,13)
(101,28)
(102,12)
(103,15)
(104,21)
(106,23)
(107,23)
(387,2)
(388,39)
(520,7)
(522,1)
(570,45)
(571,6)
(572,4)
(573,6)
(574,40)
(1052,3)
(1053,18)
(1054,2)
(1055,2)
(1056,8)
(1057,13)
(1059,1)
(1061,18)
(1062,11)
(1085,12)
(1087,23)
(1088,11)
(1089,19)
(1090,1)
(1091,8)
(1092,13)
(1093,8)
(1095,1)
(156,19)
(160,13)
(161,2)
(163,1)
(164,9)
(166,12)
(168,11)
(169,2)
(170,71)
(1066,5)
(1067,12)
(1068,2)
(1069,10)
(1070,17)
(1072,5)
(1073,7)
(1074,12)
(1075,3)
(1169,27)
(1170,22)
(1171,37)
(1173,45)
(1175,39)
(1176,38)
(1177,22)
(1180,86)
(1181,18)
(248,25)
(252,68)
(253,16)
(254,25)
(255,86)
(257,8)
(259,102)
(263,110)
(264,5)
(1097,12)
(1103,23)
(1104,18)
(1107,47)
(1108,16)
(1111,85)
(1112,1)
(1113,80)
(1114,24)
(587,5)
(589,2)
(1001,67)
(1002,96)
(1003,4)
(1004,9)
(1005,3)
(1006,10)
(1007,2)
(1115,131)
(1121,3)
(1122,27)
(1123,15)
(1164,90)
(1165,109)
(1166,131)
(1167,71)
(1168,25)
(10056,58)
(10057,63)
(10058,23)
(10062,35)
(10064,35)
(10065,14)
(10066,20)
(10068,3)
(10069,36)
(1008,2)
(1009,5)
(1014,123)
(1015,140)
(1016,120)
(1018,17)
(1019,25)
(1020,8)
(1021,19)
(10070,25)
(10071,52)
(10072,16)
(10073,18)
(10075,10)
(10076,8)
(10077,2)
(10078,10)
(10079,17)
(1042,18)
(1043,14)
(1045,3)
(1046,17)
(1047,6)
(1048,14)
(1049,8)
(1050,3)
(1051,5)
(10135,4)
(10136,63)
(10140,16)
(10141,3)
(10142,15)
(10145,100)
(10146,79)
(10403,31)
(10405,15)
(1415,43)
(10002,23)
(10005,11)
(10006,17)
(10007,3)
(10013,67)
(10014,5)
(10017,4)
(10053,7)
(10080,53)
(10081,27)
(10082,16)
(10085,3)
(10086,25)
(10087,48)
(10088,28)
(10089,24)
(10090,1)
(10101,10)
(10104,25)
(10105,6)
(10106,6)
(10107,2)
(10108,23)
(10109,55)
(10111,11)
(10113,31)
(10406,21)
(10408,2)
(10409,1)
(10410,106)
(10412,3)
(10414,6)
(10568,48)
(10569,9)
(10571,2)
(10572,1)
(10574,3)
(10575,4)
(10580,1)
(10581,2)
(10582,2)
(10583,2)
(10585,3)
(10638,56)
