(1,14)
(2,10)
(5,4)
(53,2)
(64,3)
(68,3)
(106,3)
(107,3)
(110,5)
(111,3)
(112,4)
(115,1)
(164,1)
(168,2)
(169,1)
(170,7)
(171,1)
(172,1)
(242,3)
(243,2)
(247,3)
(248,2)
(252,6)
(1004,1)
(1014,12)
(1015,14)
(1016,4)
(1018,2)
(1019,4)
(1020,1)
(1021,1)
(1022,1)
(1027,2)
(1028,1)
(1069,4)
(1070,3)
(1072,3)
(1073,4)
(1074,1)
(1167,9)
(1168,4)
(1169,1)
(1170,2)
(1171,2)
(1173,12)
(10079,3)
(10080,5)
(10081,4)
(10082,1)
(10085,1)
(10087,5)
(10088,1)
(10089,5)
(10090,2)
(10091,2)
(10093,4)
(10109,5)
(10113,3)
(10114,1)
(10115,3)
(10116,1)
(10117,4)
(72,3)
(73,7)
(78,6)
(79,2)
(82,4)
(87,2)
(116,2)
(119,3)
(122,1)
(124,1)
(129,2)
(132,2)
(88,1)
(91,1)
(92,1)
(93,2)
(94,1)
(95,6)
(181,1)
(182,2)
(184,1)
(226,16)
(227,1)
(97,8)
(98,3)
(100,2)
(102,1)
(104,1)
(253,2)
(254,4)
(255,12)
(259,9)
(263,19)
(265,8)
(144,1)
(145,2)
(149,6)
(151,1)
(156,1)
(160,2)
(136,3)
(137,5)
(138,5)
(139,1)
(143,4)
(1182,4)
(1184,1)
(1187,9)
(1413,12)
(1414,16)
(10002,1)
(228,6)
(229,3)
(230,2)
(231,4)
(232,4)
(233,9)
(234,14)
(236,4)
(237,6)
(239,2)
(240,2)
(241,1)
(10005,2)
(10006,4)
(10013,14)
(10014,1)
(10056,4)
(10057,4)
(275,3)
(574,4)
(575,2)
(576,1)
(577,1)
(267,3)
(268,4)
(269,6)
(270,10)
(272,1)
(274,2)
(10058,1)
(10062,1)
(10064,3)
(10065,2)
(10068,2)
(579,10)
(582,2)
(584,1)
(586,2)
(1001,4)
(1002,6)
(1046,1)
(1048,1)
(1049,1)
(1066,1)
(1067,2)
(1068,1)
(10069,2)
(10070,1)
(10071,2)
(10072,1)
(10073,2)
(10075,1)
(1029,2)
(1033,1)
(1034,3)
(1036,2)
(1039,1)
(1041,1)
(1075,1)
(1076,2)
(1077,3)
(1078,2)
(1079,1)
(1080,2)
(1082,1)
(1084,1)
(1085,1)
(1087,2)
(1088,1)
(1091,1)
(1111,4)
(1113,5)
(1114,1)
(1115,10)
(1165,9)
(1166,9)
(1175,7)
(1176,3)
(1177,7)
(1180,7)
(1181,1)
(1092,2)
(1103,1)
(1104,2)
(1107,3)
(1108,1)
(10124,2)
(10127,4)
(10130,1)
(10131,1)
(10132,4)
(10133,3)
(10135,2)
(10142,6)
(10145,10)
(10146,11)
(10406,3)
(10409,3)
(10094,2)
(10097,1)
(10098,2)
(10105,1)
(10106,2)
(10107,2)
(10118,5)
(10119,2)
(10120,2)
(10121,5)
(10123,5)
(10410,10)
(10414,2)
(10424,5)
(10568,1)
(10638,14)
