(1,4)
(2,75)
(5,38)
(9,8)
(52,2)
(53,15)
(56,17)
(57,2)
(59,4)
(93,35)
(94,21)
(95,35)
(97,100)
(98,13)
(99,8)
(100,14)
(101,21)
(102,12)
(143,105)
(144,22)
(145,48)
(146,5)
(149,61)
(151,58)
(156,21)
(160,17)
(161,1)
(238,66)
(239,22)
(240,24)
(241,3)
(242,15)
(243,9)
(247,34)
(248,26)
(252,54)
(1040,6)
(1041,10)
(1042,9)
(1043,5)
(1045,2)
(1046,19)
(1047,1)
(1048,17)
(1049,10)
(1050,4)
(1051,2)
(1052,2)
(1053,6)
(1054,1)
(1055,4)
(1056,5)
(1057,5)
(1059,5)
(1166,102)
(1167,68)
(1168,29)
(1169,35)
(1170,24)
(1171,51)
(1173,53)
(1175,44)
(1176,27)
(1303,4)
(1413,56)
(1414,186)
(1415,48)
(10002,23)
(10005,12)
(10006,28)
(10007,4)
(10013,69)
(10108,22)
(10109,59)
(10111,7)
(10113,30)
(10114,7)
(10115,41)
(10117,39)
(10118,47)
(10119,15)
(10132,9)
(10133,22)
(10134,39)
(10136,34)
(10140,30)
(10141,8)
(10142,23)
(10145,115)
(10146,71)
(69,39)
(71,15)
(72,7)
(73,13)
(74,8)
(75,9)
(77,6)
(78,40)
(79,12)
(60,1)
(61,2)
(62,3)
(63,8)
(64,7)
(65,7)
(66,5)
(67,17)
(68,27)
(103,21)
(104,21)
(106,25)
(107,21)
(108,7)
(110,41)
(111,34)
(112,17)
(115,3)
(116,18)
(118,3)
(119,12)
(120,9)
(121,9)
(122,4)
(124,20)
(126,4)
(82,7)
(83,10)
(84,3)
(85,8)
(87,19)
(88,14)
(91,15)
(92,22)
(176,24)
(179,2)
(181,33)
(182,30)
(184,16)
(225,15)
(226,117)
(227,10)
(163,2)
(164,7)
(166,12)
(168,6)
(169,5)
(170,51)
(171,19)
(172,12)
(173,7)
(127,3)
(129,39)
(132,14)
(133,13)
(136,41)
(137,27)
(138,19)
(139,29)
(142,12)
(253,24)
(254,35)
(255,89)
(257,2)
(259,88)
(263,170)
(264,8)
(265,53)
(228,94)
(229,42)
(230,66)
(231,37)
(232,70)
(233,45)
(234,85)
(236,42)
(237,44)
(266,12)
(267,30)
(268,115)
(269,24)
(270,60)
(272,30)
(274,67)
(275,39)
(277,5)
(576,11)
(577,5)
(578,18)
(579,120)
(581,15)
(582,31)
(584,30)
(586,114)
(387,1)
(388,34)
(520,2)
(570,41)
(571,8)
(572,8)
(573,2)
(574,56)
(575,13)
(1073,5)
(1074,12)
(1075,12)
(1076,7)
(1077,6)
(1078,11)
(1079,3)
(1080,5)
(1081,3)
(587,5)
(589,1)
(1001,54)
(1002,89)
(1003,3)
(1004,10)
(1005,4)
(1006,7)
(1007,1)
(1061,16)
(1062,16)
(1066,13)
(1067,9)
(1068,6)
(1069,9)
(1070,34)
(1072,8)
(1082,4)
(1083,3)
(1084,7)
(1085,10)
(1087,38)
(1088,10)
(1089,16)
(1090,1)
(1091,11)
(1008,2)
(1009,4)
(1010,1)
(1014,156)
(1015,145)
(1016,133)
(1018,17)
(1019,31)
(1020,11)
(1021,22)
(1022,18)
(1023,20)
(1024,7)
(1025,31)
(1026,15)
(1027,17)
(1028,5)
(1092,17)
(1093,6)
(1096,1)
(1097,18)
(1103,16)
(1104,11)
(1107,54)
(1108,10)
(1111,63)
(1113,63)
(1114,23)
(1115,126)
(1121,5)
(1122,38)
(1123,14)
(1164,91)
(1165,141)
(10066,25)
(10069,19)
(10070,24)
(10071,47)
(10072,14)
(10073,19)
(10075,9)
(10078,8)
(10079,17)
(1029,32)
(1031,15)
(1033,33)
(1034,22)
(1035,6)
(1036,34)
(1037,32)
(1038,6)
(1039,21)
(10014,11)
(10017,4)
(10053,6)
(10056,43)
(10057,65)
(10058,29)
(10062,14)
(10064,33)
(10065,18)
(1177,25)
(1180,109)
(1181,8)
(1182,38)
(1184,3)
(1186,17)
(1187,97)
(1302,1)
(10080,46)
(10081,24)
(10082,12)
(10086,25)
(10087,26)
(10088,12)
(10089,34)
(10092,5)
(10569,10)
(10570,2)
(10571,2)
(10574,4)
(10575,2)
(10581,10)
(10582,1)
(10638,63)
(10093,55)
(10095,27)
(10096,31)
(10097,24)
(10098,17)
(10099,16)
(10101,10)
(10104,30)
(10106,5)
(10120,14)
(10121,20)
(10122,8)
(10123,15)
(10127,72)
(10128,29)
(10130,17)
(10131,20)
(10403,28)
(10405,9)
(10406,21)
(10408,6)
(10409,25)
(10410,66)
(10412,4)
(10424,41)
(10568,34)
