(82,20)
(83,6)
(84,7)
(85,7)
(87,23)
(88,13)
(91,13)
(92,15)
(93,20)
(132,18)
(133,9)
(136,35)
(137,16)
(138,19)
(139,19)
(142,9)
(143,58)
(144,23)
(232,50)
(233,41)
(234,113)
(236,33)
(237,34)
(238,43)
(239,28)
(240,14)
(241,2)
(571,8)
(572,6)
(573,4)
(574,47)
(575,14)
(576,1)
(577,1)
(578,7)
(579,89)
(1038,8)
(1039,15)
(1040,7)
(1041,6)
(1042,14)
(1043,4)
(1045,3)
(1046,14)
(1073,4)
(1074,11)
(1075,8)
(1076,3)
(1077,2)
(1078,4)
(1079,2)
(1080,2)
(1081,5)
(1182,26)
(1184,3)
(1186,17)
(1187,88)
(1413,44)
(1414,171)
(1415,34)
(10002,26)
(10005,8)
(10073,14)
(10075,7)
(10076,31)
(10077,18)
(10078,7)
(10079,30)
(10080,28)
(10081,4)
(10082,50)
(10117,29)
(10118,17)
(10119,10)
(10120,21)
(10121,14)
(10122,5)
(10123,36)
(10124,18)
(10127,46)
(10128,21)
(10130,14)
(10131,13)
(10132,9)
(10133,77)
(10134,27)
(10135,40)
(10136,44)
(10140,34)
(69,34)
(71,7)
(72,9)
(73,34)
(74,11)
(75,17)
(77,12)
(78,25)
(79,10)
(1,6)
(2,73)
(5,42)
(9,7)
(52,4)
(53,10)
(56,14)
(57,3)
(59,4)
(118,1)
(119,7)
(120,2)
(121,18)
(122,7)
(124,17)
(126,1)
(127,2)
(129,59)
(60,1)
(61,1)
(62,5)
(63,3)
(64,8)
(65,8)
(66,5)
(67,28)
(68,16)
(94,22)
(95,38)
(97,88)
(98,10)
(99,4)
(100,8)
(101,13)
(102,7)
(103,15)
(104,17)
(106,19)
(107,15)
(108,2)
(110,22)
(111,19)
(112,23)
(115,5)
(116,19)
(182,20)
(225,18)
(226,73)
(227,19)
(228,57)
(229,35)
(230,50)
(231,21)
(145,43)
(146,5)
(149,48)
(151,37)
(156,19)
(160,14)
(163,1)
(164,19)
(166,9)
(272,25)
(274,65)
(275,26)
(277,3)
(387,2)
(388,20)
(520,5)
(522,1)
(570,30)
(168,9)
(169,3)
(170,45)
(171,1)
(172,10)
(173,5)
(176,17)
(179,2)
(181,33)
(581,9)
(582,46)
(584,28)
(586,66)
(587,7)
(589,8)
(591,5)
(1001,70)
(1002,98)
(242,13)
(243,17)
(247,16)
(248,28)
(252,37)
(253,16)
(254,32)
(255,76)
(257,7)
(259,54)
(263,93)
(264,3)
(265,47)
(266,11)
(267,16)
(268,131)
(269,27)
(270,89)
(1083,6)
(1084,5)
(1085,11)
(1087,29)
(1088,12)
(1089,10)
(1091,6)
(1092,13)
(1093,3)
(1003,3)
(1004,9)
(1005,12)
(1006,20)
(1008,1)
(1009,4)
(1014,101)
(1015,139)
(1016,85)
(1018,6)
(1019,13)
(1020,13)
(1021,15)
(1022,14)
(1023,13)
(1024,12)
(1025,41)
(1026,16)
(1097,8)
(1103,21)
(1104,16)
(1107,29)
(1108,9)
(1111,47)
(1112,1)
(1113,49)
(1114,25)
(1027,8)
(1028,8)
(1029,31)
(1031,8)
(1033,23)
(1034,16)
(1035,4)
(1036,25)
(1037,23)
(1047,2)
(1048,29)
(1049,10)
(1050,3)
(1051,2)
(1052,2)
(1053,6)
(1054,2)
(1055,4)
(10064,27)
(10065,9)
(10066,11)
(10068,16)
(10069,22)
(10070,31)
(10071,38)
(10072,14)
(1056,5)
(1057,6)
(1061,13)
(1062,7)
(1066,13)
(1067,5)
(1069,10)
(1070,23)
(1072,7)
(1115,150)
(1121,7)
(1122,23)
(1123,11)
(1164,91)
(1165,94)
(1166,117)
(1167,65)
(1168,28)
(10006,15)
(10013,71)
(10014,5)
(10017,8)
(10053,2)
(10056,40)
(10057,45)
(10058,7)
(10062,13)
(1169,13)
(1170,7)
(1171,27)
(1173,45)
(1175,35)
(1176,22)
(1177,28)
(1180,120)
(1181,19)
(10085,21)
(10086,20)
(10087,34)
(10088,11)
(10089,23)
(10090,14)
(10091,16)
(10092,4)
(10093,56)
(10575,2)
(10578,5)
(10579,2)
(10580,1)
(10582,2)
(10585,2)
(10586,6)
(10638,93)
(10094,46)
(10095,17)
(10096,43)
(10097,47)
(10098,29)
(10099,10)
(10101,14)
(10104,15)
(10105,12)
(10106,5)
(10107,10)
(10108,19)
(10109,46)
(10111,5)
(10113,28)
(10114,18)
(10115,34)
(10116,9)
(10141,5)
(10142,35)
(10145,93)
(10146,61)
(10403,17)
(10405,19)
(10406,23)
(10408,7)
(10409,37)
(10410,57)
(10412,1)
(10414,17)
(10424,37)
(10568,25)
(10569,4)
(10571,1)
(10572,1)
(10574,4)
