(59,1)
(62,2)
(64,1)
(66,2)
(67,4)
(68,5)
(69,4)
(71,3)
(104,3)
(106,1)
(107,5)
(110,2)
(111,7)
(112,9)
(115,5)
(116,3)
(166,3)
(168,2)
(170,10)
(171,7)
(172,11)
(173,4)
(176,3)
(179,16)
(254,14)
(255,13)
(257,1)
(259,41)
(263,55)
(264,5)
(265,5)
(266,8)
(575,7)
(576,1)
(579,9)
(581,1)
(582,5)
(584,4)
(586,7)
(587,1)
(1025,6)
(1026,6)
(1027,2)
(1028,5)
(1029,1)
(1033,1)
(1034,1)
(1035,2)
(1093,1)
(1096,1)
(1097,7)
(1103,3)
(1104,1)
(1107,10)
(1108,4)
(1111,3)
(10065,1)
(10066,3)
(10068,3)
(10069,4)
(10070,6)
(10071,8)
(10072,13)
(10073,21)
(10075,6)
(10076,19)
(10077,6)
(10078,3)
(10079,9)
(10080,12)
(10082,20)
(10085,3)
(10086,4)
(10087,12)
(10088,8)
(10089,6)
(10091,10)
(10093,7)
(10094,7)
(10095,4)
(10412,1)
(10414,6)
(10424,5)
(10568,2)
(10569,2)
(10582,1)
(10638,57)
(1,12)
(2,70)
(5,6)
(9,2)
(52,11)
(53,1)
(56,5)
(57,1)
(72,3)
(73,4)
(74,1)
(75,1)
(77,2)
(78,15)
(82,9)
(83,2)
(84,2)
(85,2)
(86,2)
(87,4)
(88,1)
(91,1)
(93,11)
(94,11)
(118,3)
(121,1)
(122,4)
(124,15)
(126,3)
(127,2)
(128,1)
(129,5)
(132,7)
(136,7)
(137,3)
(138,6)
(139,6)
(142,2)
(143,12)
(144,3)
(95,20)
(97,20)
(98,1)
(99,1)
(100,3)
(101,6)
(102,3)
(103,7)
(145,7)
(146,1)
(149,31)
(151,5)
(156,4)
(160,1)
(163,2)
(164,4)
(229,5)
(230,21)
(231,2)
(232,7)
(234,3)
(236,11)
(237,3)
(238,3)
(181,19)
(182,3)
(184,1)
(225,3)
(226,22)
(227,2)
(228,4)
(267,1)
(268,9)
(269,13)
(270,48)
(272,13)
(274,40)
(275,10)
(277,2)
(1046,6)
(1048,1)
(1049,2)
(1050,1)
(1052,3)
(1055,1)
(1057,2)
(1059,1)
(387,2)
(520,1)
(522,3)
(570,13)
(571,6)
(572,2)
(573,1)
(574,9)
(239,10)
(240,35)
(242,8)
(243,3)
(247,3)
(248,8)
(252,17)
(253,24)
(589,2)
(1001,22)
(1002,33)
(1003,4)
(1004,3)
(1006,4)
(1007,2)
(1009,1)
(1062,4)
(1066,2)
(1067,3)
(1068,1)
(1069,2)
(1070,3)
(1072,3)
(1073,1)
(1113,4)
(1115,13)
(1121,8)
(1122,9)
(1123,6)
(1165,34)
(1166,35)
(1167,2)
(1074,3)
(1075,3)
(1076,2)
(1077,5)
(1078,4)
(1079,8)
(1080,4)
(1081,3)
(1168,10)
(1169,11)
(1170,12)
(1171,44)
(1173,6)
(1175,6)
(1176,7)
(1177,4)
(1014,35)
(1015,56)
(1016,28)
(1018,2)
(1020,2)
(1022,3)
(1023,2)
(1024,4)
(1180,11)
(1181,38)
(1182,17)
(1184,8)
(1186,5)
(1187,9)
(1301,8)
(1302,3)
(1036,1)
(1037,5)
(1039,7)
(1040,3)
(1041,3)
(1042,1)
(1043,1)
(1082,3)
(1083,3)
(1085,2)
(1087,5)
(1088,2)
(1089,1)
(1091,1)
(1092,1)
(10132,2)
(10133,16)
(10134,7)
(10135,12)
(10136,5)
(10140,7)
(10141,2)
(10142,5)
(1303,1)
(1413,41)
(1414,44)
(1415,9)
(10002,20)
(10005,31)
(10006,8)
(10007,41)
(10014,30)
(10053,4)
(10056,11)
(10057,7)
(10058,1)
(10062,4)
(10064,8)
(10145,89)
(10146,12)
(10403,5)
(10405,1)
(10406,4)
(10408,9)
(10409,6)
(10410,2)
(10096,7)
(10097,16)
(10098,16)
(10101,3)
(10104,5)
(10105,3)
(10106,1)
(10107,1)
(10108,7)
(10109,10)
(10113,2)
(10114,2)
(10115,8)
(10116,1)
(10117,12)
(10118,9)
(10119,1)
(10120,13)
(10121,5)
(10123,5)
(10127,2)
(10128,2)
(10130,5)
(10131,4)
