(69,2)
(71,2)
(73,1)
(74,2)
(78,4)
(111,1)
(112,5)
(116,1)
(118,2)
(119,1)
(172,1)
(176,2)
(179,4)
(181,4)
(184,3)
(253,2)
(254,5)
(255,5)
(259,5)
(263,7)
(266,1)
(1014,4)
(1015,6)
(1016,9)
(1020,1)
(1022,3)
(1023,1)
(1024,1)
(1025,1)
(1026,2)
(1034,1)
(1036,4)
(1039,1)
(1040,1)
(1046,1)
(1053,1)
(1056,1)
(1057,1)
(1180,4)
(1181,6)
(1182,5)
(1184,1)
(1186,1)
(1187,13)
(10087,1)
(10088,3)
(10091,5)
(10092,1)
(10093,1)
(10094,1)
(10095,2)
(10096,1)
(10097,5)
(10098,2)
(10101,1)
(10136,1)
(10140,4)
(10142,1)
(10145,9)
(10146,4)
(10403,1)
(82,1)
(84,1)
(87,2)
(88,1)
(93,2)
(94,4)
(120,1)
(122,1)
(127,1)
(129,3)
(137,3)
(139,3)
(1,1)
(2,5)
(5,1)
(56,1)
(64,3)
(66,2)
(225,1)
(226,10)
(228,2)
(229,4)
(230,3)
(103,1)
(104,2)
(106,1)
(107,2)
(108,1)
(110,2)
(95,2)
(97,4)
(98,1)
(100,1)
(101,1)
(164,1)
(166,2)
(168,3)
(169,1)
(170,3)
(171,2)
(142,1)
(143,5)
(146,1)
(149,7)
(163,1)
(267,1)
(268,1)
(269,2)
(270,11)
(274,4)
(1165,3)
(1166,4)
(1167,13)
(1168,4)
(1169,2)
(1170,2)
(242,3)
(243,3)
(247,5)
(248,4)
(252,8)
(232,3)
(233,3)
(236,2)
(237,2)
(239,2)
(240,2)
(1171,6)
(1173,3)
(1175,3)
(1176,1)
(1177,3)
(277,1)
(520,1)
(571,1)
(574,1)
(576,1)
(579,2)
(1069,1)
(1070,1)
(1074,1)
(1075,2)
(1076,1)
(582,1)
(589,2)
(1001,1)
(1002,8)
(1006,1)
(10057,1)
(10062,1)
(10065,2)
(10066,3)
(10068,1)
(1301,3)
(1413,15)
(1414,12)
(1415,4)
(10002,4)
(10005,3)
(10006,4)
(10007,1)
(10014,13)
(10053,2)
(10056,1)
(10076,3)
(10077,2)
(10078,1)
(10079,2)
(10080,1)
(10082,1)
(1059,2)
(1062,1)
(1066,1)
(1067,1)
(1068,1)
(1077,6)
(1078,2)
(1080,1)
(1081,1)
(1084,1)
(1089,2)
(10116,1)
(10117,2)
(10120,3)
(10121,3)
(10122,2)
(10123,1)
(10070,3)
(10071,2)
(10072,2)
(10073,3)
(10075,1)
(1093,1)
(1097,1)
(1103,1)
(1114,1)
(1115,3)
(10405,4)
(10406,1)
(10408,2)
(10409,2)
(10410,2)
(10127,2)
(10131,3)
(10133,2)
(10134,3)
(10135,2)
(10104,1)
(10108,2)
(10109,3)
(10114,2)
(10115,2)
(10414,2)
(10424,3)
(10569,1)
(10582,1)
(10638,8)
