(1,55)
(2,69)
(5,86)
(9,2)
(11,33)
(52,4)
(53,26)
(56,32)
(57,18)
(59,7)
(95,30)
(97,83)
(98,4)
(99,13)
(100,18)
(101,24)
(102,17)
(103,18)
(104,15)
(146,3)
(149,168)
(151,51)
(156,11)
(160,3)
(161,8)
(163,10)
(164,7)
(166,15)
(243,8)
(247,23)
(248,16)
(252,66)
(253,50)
(254,87)
(255,95)
(257,11)
(259,79)
(1004,8)
(1005,3)
(1006,18)
(1007,3)
(1009,8)
(1010,2)
(1014,124)
(1015,154)
(1016,123)
(1037,6)
(1038,3)
(1039,6)
(1040,2)
(1041,23)
(1042,25)
(1043,21)
(1045,2)
(1046,28)
(1091,3)
(1092,1)
(1096,1)
(1097,6)
(1103,15)
(1104,6)
(1107,58)
(1108,15)
(1111,22)
(10069,26)
(10070,6)
(10071,64)
(10072,46)
(10073,18)
(10075,10)
(10076,62)
(10077,48)
(10078,16)
(10111,17)
(10113,43)
(10114,4)
(10115,32)
(10116,35)
(10117,49)
(10118,27)
(10119,17)
(10120,59)
(10121,28)
(10122,14)
(10123,10)
(10124,8)
(10127,38)
(10128,18)
(10130,14)
(10131,35)
(10132,26)
(60,10)
(62,4)
(63,4)
(64,8)
(65,2)
(66,13)
(67,28)
(68,17)
(69,39)
(106,20)
(107,41)
(108,2)
(110,33)
(111,38)
(112,37)
(115,24)
(116,26)
(118,7)
(83,8)
(84,13)
(85,22)
(87,42)
(88,28)
(91,7)
(92,15)
(93,35)
(94,21)
(71,19)
(72,9)
(73,21)
(74,5)
(75,19)
(77,2)
(78,43)
(79,6)
(82,26)
(168,11)
(169,8)
(170,105)
(171,21)
(172,23)
(173,14)
(176,22)
(179,45)
(181,79)
(133,15)
(136,56)
(137,47)
(138,29)
(139,33)
(142,6)
(143,153)
(144,26)
(145,126)
(119,19)
(120,20)
(121,7)
(122,18)
(124,41)
(126,22)
(127,16)
(129,47)
(132,22)
(263,117)
(264,3)
(265,21)
(266,16)
(267,9)
(268,37)
(269,25)
(270,115)
(272,41)
(274,51)
(233,5)
(234,6)
(236,30)
(237,13)
(238,17)
(239,31)
(240,44)
(241,17)
(242,63)
(182,28)
(225,17)
(226,57)
(227,16)
(228,48)
(229,18)
(230,55)
(231,4)
(232,82)
(1047,8)
(1048,8)
(1049,15)
(1050,4)
(1051,4)
(1052,21)
(1053,8)
(1054,7)
(1055,5)
(573,12)
(574,48)
(575,29)
(576,21)
(577,9)
(578,15)
(579,36)
(581,23)
(582,57)
(275,24)
(277,3)
(387,4)
(388,24)
(520,4)
(522,7)
(570,62)
(571,20)
(572,12)
(1056,14)
(1057,11)
(1059,3)
(1061,16)
(1062,22)
(1066,3)
(1067,7)
(1068,3)
(1069,11)
(584,8)
(586,53)
(587,7)
(589,10)
(590,6)
(591,31)
(1001,69)
(1002,76)
(1003,8)
(1112,4)
(1113,39)
(1114,15)
(1115,93)
(1121,6)
(1122,4)
(1123,5)
(1164,15)
(1165,161)
(1166,97)
(1070,10)
(1072,9)
(1073,2)
(1074,4)
(1075,11)
(1076,8)
(1077,8)
(1078,6)
(1079,8)
(1018,12)
(1019,12)
(1020,5)
(1021,9)
(1022,57)
(1023,35)
(1024,16)
(1025,31)
(1026,35)
(1080,6)
(1081,2)
(1082,10)
(1083,3)
(1084,5)
(1085,4)
(1087,5)
(1088,4)
(1089,2)
(1027,5)
(1028,3)
(1029,5)
(1031,4)
(1032,1)
(1033,8)
(1034,34)
(1035,8)
(1036,46)
(1413,92)
(1414,172)
(1415,19)
(10002,59)
(10005,1)
(10007,73)
(10013,1)
(10014,83)
(10017,13)
(1180,139)
(1181,133)
(1182,74)
(1184,45)
(1186,14)
(1187,21)
(1301,29)
(1302,10)
(1303,11)
(10568,49)
(10569,14)
(10572,1)
(10573,1)
(10574,1)
(10580,2)
(10581,1)
(10582,17)
(10585,1)
(1167,76)
(1168,26)
(1169,30)
(1170,37)
(1171,120)
(1173,35)
(1175,48)
(1176,20)
(1177,18)
(10053,38)
(10056,78)
(10057,47)
(10058,15)
(10062,23)
(10064,50)
(10065,27)
(10066,21)
(10068,28)
(10079,58)
(10080,46)
(10081,5)
(10082,60)
(10084,9)
(10085,50)
(10086,30)
(10087,63)
(10088,20)
(10133,81)
(10134,69)
(10135,53)
(10136,75)
(10140,47)
(10141,9)
(10142,45)
(10145,77)
(10146,68)
(10403,24)
(10405,4)
(10406,18)
(10408,28)
(10409,37)
(10410,13)
(10412,4)
(10414,31)
(10424,44)
(10089,15)
(10090,6)
(10091,62)
(10092,10)
(10093,33)
(10094,41)
(10095,19)
(10096,66)
(10097,44)
(10098,94)
(10099,9)
(10101,10)
(10104,34)
(10105,22)
(10106,26)
(10107,25)
(10108,31)
(10109,78)
