(72,7)
(73,15)
(74,4)
(75,11)
(77,2)
(78,38)
(79,5)
(82,8)
(83,6)
(120,7)
(121,1)
(122,19)
(124,48)
(126,32)
(127,65)
(128,1)
(129,27)
(132,26)
(182,28)
(184,29)
(225,33)
(226,33)
(227,17)
(228,31)
(229,26)
(230,95)
(231,4)
(274,76)
(275,62)
(277,3)
(387,4)
(388,23)
(520,1)
(522,1)
(570,63)
(571,27)
(1028,39)
(1029,24)
(1031,5)
(1033,3)
(1034,18)
(1035,12)
(1036,25)
(1037,28)
(1038,1)
(1039,27)
(1040,14)
(1041,8)
(1042,18)
(1043,15)
(1045,5)
(1046,48)
(1047,5)
(1048,17)
(1061,24)
(1062,23)
(1066,7)
(1067,7)
(1068,1)
(1069,5)
(1070,10)
(1072,15)
(1073,4)
(1083,4)
(1084,7)
(1085,37)
(1087,42)
(1088,32)
(1089,24)
(1090,4)
(1091,18)
(1092,10)
(10099,12)
(10101,46)
(10104,85)
(10105,7)
(10106,6)
(10107,1)
(10108,39)
(10109,83)
(10111,20)
(10113,47)
(10114,1)
(10115,55)
(10116,6)
(10117,31)
(10118,69)
(10119,38)
(10120,10)
(10121,8)
(10122,30)
(10124,3)
(10127,84)
(10128,6)
(10130,8)
(10131,10)
(10132,7)
(10133,23)
(10134,30)
(10406,8)
(10408,13)
(10409,7)
(10410,11)
(10412,5)
(10414,4)
(10424,6)
(10568,41)
(10569,13)
(84,9)
(85,15)
(87,6)
(88,7)
(91,3)
(92,32)
(93,43)
(94,52)
(95,30)
(1,23)
(2,119)
(5,16)
(9,17)
(52,17)
(53,32)
(56,9)
(57,16)
(59,4)
(60,2)
(133,9)
(136,24)
(137,35)
(138,34)
(139,24)
(142,20)
(143,51)
(144,54)
(145,43)
(62,8)
(63,5)
(64,7)
(65,2)
(66,18)
(67,17)
(68,12)
(69,26)
(71,6)
(232,74)
(233,7)
(234,20)
(236,77)
(237,18)
(238,10)
(239,40)
(240,106)
(242,38)
(97,101)
(98,25)
(99,7)
(100,6)
(101,27)
(102,16)
(103,44)
(104,17)
(106,24)
(107,43)
(108,2)
(110,17)
(111,6)
(112,15)
(115,23)
(116,7)
(118,12)
(119,9)
(168,17)
(169,5)
(170,41)
(171,22)
(172,46)
(173,23)
(176,27)
(179,55)
(181,96)
(146,2)
(149,176)
(151,86)
(156,22)
(160,5)
(161,14)
(163,32)
(164,13)
(166,25)
(572,28)
(573,9)
(574,74)
(575,38)
(576,22)
(577,1)
(578,9)
(579,43)
(581,11)
(243,8)
(247,15)
(248,37)
(252,73)
(253,66)
(254,99)
(255,62)
(257,15)
(259,266)
(263,156)
(264,9)
(265,21)
(266,10)
(267,32)
(268,24)
(269,30)
(270,178)
(272,36)
(582,35)
(584,13)
(586,27)
(587,9)
(589,12)
(1001,67)
(1002,113)
(1003,11)
(1004,5)
(1049,6)
(1050,5)
(1051,2)
(1052,16)
(1053,7)
(1054,7)
(1055,6)
(1056,9)
(1057,7)
(1112,8)
(1113,56)
(1114,6)
(1115,77)
(1121,38)
(1122,24)
(1123,53)
(1165,143)
(1166,241)
(1074,8)
(1075,9)
(1076,7)
(1077,15)
(1078,8)
(1079,20)
(1080,12)
(1081,43)
(1082,40)
(1005,4)
(1006,15)
(1007,3)
(1009,3)
(1010,1)
(1014,192)
(1015,168)
(1016,141)
(1018,27)
(1180,212)
(1181,149)
(1182,91)
(1184,84)
(1186,20)
(1187,41)
(1301,54)
(1302,11)
(1303,7)
(1019,28)
(1020,2)
(1021,21)
(1022,16)
(1023,14)
(1024,14)
(1025,23)
(1026,27)
(1027,63)
(1093,3)
(1095,8)
(1096,13)
(1097,15)
(1103,23)
(1104,1)
(1107,39)
(1108,4)
(1111,30)
(1413,119)
(1414,179)
(1415,122)
(10002,49)
(10005,44)
(10006,27)
(10007,48)
(10014,69)
(10017,16)
(1167,87)
(1168,23)
(1169,50)
(1170,24)
(1171,227)
(1173,34)
(1175,53)
(1176,56)
(1177,69)
(10053,11)
(10056,62)
(10057,58)
(10058,21)
(10062,27)
(10064,99)
(10065,13)
(10066,28)
(10068,11)
(10069,35)
(10070,33)
(10071,54)
(10072,33)
(10073,7)
(10075,33)
(10076,20)
(10077,18)
(10078,23)
(10079,19)
(10080,54)
(10081,6)
(10082,14)
(10085,8)
(10086,48)
(10087,68)
(10088,36)
(10089,17)
(10135,3)
(10136,41)
(10140,20)
(10141,1)
(10142,8)
(10145,169)
(10146,32)
(10403,45)
(10405,3)
(10570,1)
(10571,1)
(10572,1)
(10575,8)
(10580,11)
(10581,4)
(10582,21)
(10584,1)
(10638,94)
(10090,2)
(10091,14)
(10092,12)
(10093,63)
(10094,7)
(10095,23)
(10096,19)
(10097,31)
(10098,26)
