(62,12)
(63,7)
(64,16)
(65,2)
(66,28)
(67,12)
(68,10)
(69,43)
(71,9)
(106,17)
(107,36)
(108,1)
(110,10)
(111,7)
(112,24)
(115,15)
(116,4)
(118,7)
(166,20)
(168,22)
(169,3)
(170,54)
(171,40)
(172,51)
(173,24)
(176,31)
(179,51)
(257,13)
(259,186)
(263,197)
(264,7)
(265,19)
(266,22)
(267,17)
(268,31)
(269,25)
(581,3)
(582,53)
(584,15)
(586,41)
(587,10)
(589,15)
(1001,81)
(1002,112)
(1003,15)
(1004,4)
(1005,11)
(1006,25)
(1007,3)
(1009,3)
(1010,2)
(1014,191)
(1015,123)
(1016,142)
(1018,40)
(1019,25)
(1021,20)
(1022,15)
(1023,22)
(1024,11)
(1025,26)
(1026,41)
(1027,51)
(1061,41)
(1062,16)
(1066,10)
(1067,7)
(1068,6)
(1069,3)
(1070,10)
(1072,14)
(1073,6)
(10098,35)
(10099,4)
(10101,93)
(10104,48)
(10105,9)
(10106,2)
(10107,2)
(10108,47)
(10109,53)
(10111,15)
(10113,30)
(10114,11)
(10115,70)
(10116,6)
(10117,29)
(10118,57)
(10119,32)
(10120,7)
(10403,24)
(10405,3)
(10406,11)
(10408,28)
(10409,7)
(10410,17)
(10412,17)
(10414,6)
(10424,11)
(1,85)
(2,133)
(5,23)
(9,17)
(52,11)
(53,20)
(56,18)
(57,17)
(59,3)
(60,7)
(95,27)
(97,118)
(98,15)
(99,11)
(100,9)
(101,21)
(102,11)
(103,48)
(104,20)
(84,8)
(85,8)
(86,2)
(87,16)
(88,8)
(91,8)
(92,36)
(93,28)
(94,45)
(145,34)
(146,6)
(149,145)
(151,71)
(156,20)
(160,3)
(161,7)
(163,24)
(164,19)
(72,8)
(73,21)
(74,6)
(75,15)
(77,1)
(78,32)
(79,8)
(82,19)
(83,8)
(132,24)
(133,9)
(136,47)
(137,29)
(138,31)
(139,25)
(142,29)
(143,55)
(144,49)
(119,8)
(120,7)
(121,3)
(122,8)
(124,51)
(126,22)
(127,20)
(128,1)
(129,35)
(231,5)
(232,92)
(233,9)
(234,14)
(236,31)
(237,14)
(238,9)
(239,42)
(240,100)
(181,93)
(182,39)
(184,13)
(225,18)
(226,27)
(227,12)
(228,55)
(229,52)
(230,85)
(241,3)
(242,63)
(243,17)
(247,21)
(248,20)
(252,65)
(253,46)
(254,115)
(255,38)
(571,23)
(572,11)
(573,8)
(574,47)
(575,31)
(576,11)
(577,7)
(578,8)
(579,33)
(270,171)
(272,46)
(274,66)
(275,50)
(387,10)
(388,20)
(520,1)
(522,3)
(570,63)
(1112,4)
(1113,34)
(1114,1)
(1115,71)
(1121,39)
(1122,21)
(1123,22)
(1164,1)
(1165,160)
(1028,66)
(1029,14)
(1031,7)
(1033,6)
(1034,37)
(1035,14)
(1036,33)
(1037,24)
(1038,3)
(1039,26)
(1083,13)
(1084,11)
(1085,46)
(1087,36)
(1088,52)
(1089,17)
(1090,5)
(1091,25)
(1092,19)
(1040,11)
(1041,6)
(1042,16)
(1043,19)
(1045,2)
(1046,28)
(1047,4)
(1048,7)
(1049,5)
(1303,8)
(1413,147)
(1414,180)
(1415,48)
(10002,57)
(10005,2)
(10006,17)
(10007,20)
(10014,93)
(1050,9)
(1051,3)
(1052,16)
(1053,4)
(1054,3)
(1055,3)
(1056,5)
(1057,11)
(1059,3)
(1093,3)
(1095,6)
(1096,10)
(1097,35)
(1103,16)
(1104,3)
(1107,47)
(1108,10)
(1111,15)
(10017,11)
(10053,10)
(10056,66)
(10057,56)
(10058,19)
(10062,16)
(10064,39)
(10065,13)
(10066,36)
(1074,8)
(1075,10)
(1076,9)
(1077,15)
(1078,11)
(1079,16)
(1080,15)
(1081,45)
(1082,27)
(1166,183)
(1167,71)
(1168,22)
(1169,27)
(1170,20)
(1171,207)
(1173,54)
(1175,49)
(1176,45)
(10078,9)
(10079,27)
(10080,49)
(10081,7)
(10082,12)
(10085,7)
(10086,33)
(10087,29)
(10088,41)
(10068,15)
(10069,26)
(10070,28)
(10071,39)
(10072,29)
(10073,22)
(10075,19)
(10076,32)
(10077,16)
(1177,21)
(1180,189)
(1181,122)
(1182,102)
(1184,35)
(1186,28)
(1187,66)
(1301,43)
(1302,13)
(10089,27)
(10090,2)
(10091,15)
(10092,12)
(10093,53)
(10094,6)
(10095,19)
(10096,44)
(10097,27)
(10121,7)
(10122,20)
(10123,5)
(10124,3)
(10127,52)
(10128,8)
(10130,3)
(10131,11)
(10132,7)
(10133,23)
(10134,50)
(10135,11)
(10136,69)
(10140,21)
(10141,1)
(10142,9)
(10145,137)
(10146,62)
(10568,41)
(10569,10)
(10575,4)
(10580,30)
(10581,1)
(10582,19)
(10583,2)
(10585,1)
(10638,98)
