(1,48)
(2,68)
(5,18)
(9,20)
(52,8)
(53,8)
(56,23)
(57,18)
(59,5)
(60,4)
(98,4)
(99,2)
(100,16)
(101,13)
(102,7)
(103,35)
(104,12)
(106,14)
(107,29)
(151,40)
(156,18)
(160,3)
(161,5)
(163,8)
(164,10)
(166,15)
(168,17)
(169,3)
(248,29)
(252,39)
(253,45)
(254,56)
(255,37)
(257,12)
(259,57)
(263,104)
(264,9)
(1041,9)
(1042,11)
(1043,14)
(1045,2)
(1046,25)
(1047,6)
(1048,3)
(1049,6)
(1050,3)
(1077,4)
(1078,7)
(1079,6)
(1080,8)
(1081,16)
(1082,18)
(1083,4)
(1084,12)
(1085,7)
(1097,17)
(1103,12)
(1104,1)
(1107,34)
(1108,5)
(1111,9)
(1112,4)
(1113,25)
(1114,3)
(10072,15)
(10073,10)
(10075,11)
(10076,36)
(10077,46)
(10078,7)
(10079,28)
(10080,24)
(10081,3)
(10105,19)
(10106,10)
(10107,6)
(10108,27)
(10109,45)
(10111,5)
(10113,17)
(10114,2)
(10115,21)
(62,4)
(64,4)
(65,1)
(66,18)
(67,16)
(68,14)
(69,30)
(71,9)
(72,11)
(108,1)
(110,18)
(111,18)
(112,23)
(115,16)
(116,8)
(118,9)
(119,7)
(120,5)
(73,15)
(74,7)
(75,18)
(77,2)
(78,33)
(79,8)
(82,29)
(83,6)
(84,7)
(170,63)
(171,23)
(172,18)
(173,19)
(176,18)
(179,34)
(181,85)
(182,17)
(225,19)
(121,7)
(122,12)
(124,29)
(126,18)
(127,15)
(129,40)
(132,21)
(133,6)
(136,38)
(265,23)
(266,18)
(267,4)
(268,29)
(269,31)
(270,100)
(272,29)
(274,55)
(275,23)
(85,9)
(87,14)
(88,9)
(91,3)
(92,16)
(93,14)
(94,22)
(95,18)
(97,75)
(226,47)
(227,16)
(228,37)
(229,11)
(230,38)
(231,2)
(232,55)
(233,10)
(234,6)
(586,60)
(587,9)
(589,9)
(591,14)
(1001,61)
(1002,65)
(1003,15)
(1004,4)
(1005,7)
(137,29)
(138,26)
(139,29)
(142,10)
(143,57)
(144,21)
(145,37)
(146,3)
(149,113)
(277,1)
(387,3)
(388,15)
(520,6)
(522,5)
(570,47)
(571,20)
(572,14)
(573,10)
(1006,23)
(1007,2)
(1008,1)
(1009,5)
(1014,109)
(1015,126)
(1016,112)
(1018,6)
(1019,5)
(1067,5)
(1068,2)
(1069,5)
(1070,9)
(1072,2)
(1073,6)
(1074,6)
(1075,5)
(1076,9)
(236,15)
(237,9)
(238,12)
(239,26)
(240,51)
(241,6)
(242,15)
(243,7)
(247,18)
(1029,7)
(1031,7)
(1033,8)
(1034,26)
(1035,5)
(1036,28)
(1037,21)
(1038,4)
(1039,10)
(1040,8)
(1087,18)
(1088,11)
(1089,7)
(1090,2)
(1091,6)
(1092,13)
(1093,1)
(1095,1)
(1096,2)
(574,37)
(575,24)
(576,16)
(577,6)
(578,10)
(579,27)
(581,16)
(582,50)
(584,13)
(10058,8)
(10062,17)
(10064,34)
(10065,7)
(10066,13)
(10068,30)
(10069,18)
(10070,11)
(10071,32)
(1020,9)
(1021,11)
(1022,28)
(1023,15)
(1024,11)
(1025,25)
(1026,40)
(1027,15)
(1028,13)
(10082,24)
(10085,38)
(10086,24)
(10087,49)
(10088,6)
(10089,14)
(10090,5)
(10091,48)
(10092,10)
(1115,43)
(1121,25)
(1122,18)
(1123,19)
(1164,11)
(1165,133)
(1166,57)
(1167,64)
(1168,20)
(1051,1)
(1052,6)
(1053,7)
(1055,3)
(1056,4)
(1057,8)
(1061,19)
(1062,14)
(1066,4)
(10093,33)
(10094,29)
(10095,25)
(10096,38)
(10097,32)
(10098,77)
(10099,6)
(10101,12)
(10104,34)
(1182,75)
(1184,24)
(1186,6)
(1187,24)
(1301,35)
(1302,2)
(1303,6)
(1413,106)
(1414,144)
(10116,17)
(10117,33)
(10118,17)
(10119,17)
(10120,25)
(10121,23)
(10122,11)
(10123,5)
(10124,2)
(1169,28)
(1170,22)
(1171,129)
(1173,29)
(1175,38)
(1176,17)
(1177,11)
(1180,74)
(1181,139)
(10140,40)
(10141,5)
(10142,28)
(10145,95)
(10146,54)
(10403,8)
(10405,1)
(10406,15)
(10408,17)
(1415,27)
(10002,44)
(10006,17)
(10007,87)
(10014,59)
(10017,4)
(10053,13)
(10056,42)
(10057,45)
(10127,29)
(10128,16)
(10130,12)
(10131,21)
(10132,11)
(10133,73)
(10134,28)
(10135,27)
(10136,39)
(10409,21)
(10410,12)
(10412,7)
(10414,17)
(10424,32)
(10568,31)
(10569,6)
(10570,1)
(10571,1)
(10572,1)
(10579,4)
(10581,3)
(10582,16)
(10583,1)
(10584,2)
(10586,2)
(10587,1)
(10638,104)
