(61,3)
(62,3)
(63,1)
(64,1)
(65,8)
(66,10)
(67,17)
(68,25)
(69,28)
(103,17)
(104,22)
(106,25)
(107,26)
(108,3)
(110,40)
(111,28)
(112,26)
(161,2)
(163,5)
(164,16)
(166,11)
(168,9)
(169,7)
(170,69)
(171,21)
(248,33)
(252,50)
(253,25)
(254,14)
(255,86)
(257,3)
(259,98)
(263,133)
(264,3)
(1037,33)
(1038,5)
(1039,28)
(1040,12)
(1041,11)
(1042,12)
(1043,8)
(1045,2)
(1046,19)
(1047,4)
(1048,25)
(1049,6)
(1050,1)
(1051,3)
(1052,4)
(1053,9)
(1054,4)
(1089,14)
(1090,2)
(1091,10)
(1092,22)
(1093,6)
(1095,2)
(1096,2)
(1097,20)
(1103,24)
(1104,22)
(1107,30)
(1108,10)
(1111,60)
(1113,56)
(1114,25)
(1115,125)
(1121,4)
(10071,51)
(10072,14)
(10073,17)
(10075,15)
(10078,12)
(10079,22)
(10080,76)
(10081,13)
(10082,17)
(10086,23)
(10087,38)
(10088,30)
(10089,21)
(10092,5)
(10093,61)
(10097,29)
(10099,14)
(10101,8)
(10134,24)
(10136,34)
(10140,16)
(10141,5)
(10142,27)
(10145,99)
(10146,56)
(10403,23)
(71,16)
(72,11)
(73,20)
(74,10)
(75,7)
(77,6)
(78,40)
(79,19)
(1,5)
(2,99)
(5,56)
(9,7)
(52,1)
(53,20)
(56,9)
(57,4)
(59,1)
(82,13)
(83,6)
(84,8)
(85,1)
(86,3)
(87,17)
(88,16)
(91,9)
(92,13)
(115,7)
(116,23)
(118,1)
(119,21)
(120,2)
(121,3)
(122,12)
(124,12)
(126,4)
(93,47)
(94,24)
(95,31)
(97,94)
(98,16)
(99,9)
(100,14)
(101,18)
(102,6)
(127,2)
(129,48)
(132,15)
(133,19)
(136,33)
(137,19)
(138,21)
(139,32)
(142,16)
(143,80)
(144,24)
(145,46)
(146,3)
(149,73)
(151,54)
(156,21)
(160,13)
(227,11)
(228,101)
(229,34)
(230,76)
(231,18)
(232,63)
(233,48)
(234,123)
(236,37)
(172,14)
(173,12)
(176,36)
(179,9)
(181,35)
(182,23)
(184,16)
(225,6)
(226,100)
(265,48)
(266,16)
(267,28)
(268,116)
(269,30)
(270,90)
(272,26)
(274,62)
(275,48)
(277,6)
(387,3)
(388,31)
(520,4)
(522,1)
(570,42)
(571,4)
(572,5)
(237,35)
(238,47)
(239,38)
(240,16)
(241,1)
(242,13)
(243,7)
(247,28)
(1018,9)
(1019,28)
(1020,12)
(1021,21)
(1022,19)
(1023,24)
(1024,16)
(1025,29)
(584,27)
(586,100)
(587,4)
(589,1)
(1001,77)
(1002,100)
(1003,2)
(1004,9)
(1005,8)
(1006,13)
(1007,4)
(1008,2)
(1009,4)
(1010,3)
(1014,159)
(1015,135)
(1016,120)
(573,3)
(574,40)
(575,13)
(576,18)
(577,4)
(578,15)
(579,108)
(581,12)
(582,51)
(1055,4)
(1056,4)
(1057,6)
(1059,3)
(1061,14)
(1062,8)
(1066,9)
(1067,4)
(1069,11)
(1070,19)
(1072,4)
(1073,7)
(1074,17)
(1075,8)
(1076,7)
(1077,11)
(1078,8)
(1079,5)
(1080,14)
(1081,1)
(1082,2)
(1083,3)
(1084,6)
(1085,12)
(1087,36)
(1088,12)
(1171,44)
(1173,45)
(1175,42)
(1176,30)
(1177,20)
(1180,120)
(1181,24)
(1182,22)
(1026,13)
(1027,5)
(1028,5)
(1029,24)
(1031,18)
(1033,26)
(1034,14)
(1035,8)
(1036,44)
(1122,31)
(1123,9)
(1164,81)
(1165,109)
(1166,112)
(1167,81)
(1168,27)
(1169,21)
(1170,48)
(10002,23)
(10005,12)
(10006,20)
(10007,2)
(10013,65)
(10014,11)
(10017,6)
(10053,5)
(10056,50)
(1184,6)
(1186,14)
(1187,103)
(1301,6)
(1302,5)
(1303,7)
(1413,65)
(1414,165)
(1415,46)
(10104,28)
(10106,9)
(10108,30)
(10109,71)
(10111,16)
(10113,32)
(10115,51)
(10117,38)
(10405,20)
(10406,14)
(10410,101)
(10412,1)
(10568,47)
(10569,11)
(10570,1)
(10571,5)
(10572,1)
(10057,50)
(10058,30)
(10062,19)
(10064,34)
(10065,20)
(10066,22)
(10069,29)
(10070,24)
(10118,50)
(10119,15)
(10120,14)
(10121,12)
(10122,9)
(10123,13)
(10127,76)
(10132,7)
(10133,24)
(10574,2)
(10575,5)
(10576,2)
(10581,2)
(10582,3)
(10583,2)
(10585,1)
(10638,64)
