(1,49)
(2,48)
(5,17)
(9,3)
(11,9)
(52,6)
(53,13)
(56,36)
(57,12)
(59,7)
(94,25)
(95,17)
(97,60)
(98,5)
(99,3)
(100,11)
(101,19)
(102,14)
(103,17)
(145,52)
(146,4)
(149,136)
(151,44)
(156,6)
(160,2)
(161,9)
(163,5)
(164,9)
(242,17)
(243,1)
(247,13)
(248,22)
(252,48)
(253,39)
(254,58)
(255,82)
(257,9)
(1002,36)
(1003,12)
(1004,4)
(1005,3)
(1006,11)
(1007,2)
(1008,1)
(1009,1)
(1010,1)
(1035,10)
(1036,47)
(1038,11)
(1039,15)
(1040,4)
(1041,10)
(1042,4)
(1043,2)
(1046,14)
(1047,4)
(1048,2)
(1049,11)
(1050,3)
(1051,5)
(1052,6)
(1053,6)
(1054,2)
(1055,2)
(1080,11)
(1081,15)
(1082,11)
(1083,2)
(1084,11)
(1085,3)
(1087,15)
(1088,3)
(1089,9)
(10087,36)
(10088,23)
(10089,12)
(10090,4)
(10091,47)
(10092,9)
(10093,26)
(10094,34)
(10095,19)
(10108,14)
(10109,47)
(10111,9)
(10113,17)
(10114,6)
(10115,25)
(10116,23)
(10117,44)
(10118,11)
(10119,29)
(10120,41)
(10121,27)
(10122,22)
(10123,6)
(10124,4)
(10127,17)
(10128,20)
(10130,10)
(10414,21)
(10424,37)
(10568,22)
(10569,11)
(10580,3)
(10581,2)
(10582,6)
(10583,4)
(10638,68)
(69,32)
(71,4)
(72,8)
(73,15)
(74,4)
(75,11)
(78,35)
(79,9)
(82,21)
(60,5)
(61,1)
(62,6)
(63,3)
(64,8)
(65,3)
(66,8)
(67,13)
(68,25)
(118,5)
(119,4)
(120,6)
(121,6)
(122,10)
(124,31)
(126,7)
(127,10)
(129,47)
(104,11)
(106,12)
(107,25)
(108,1)
(110,27)
(111,28)
(112,52)
(115,12)
(116,13)
(83,10)
(84,11)
(85,11)
(86,3)
(87,40)
(88,18)
(91,8)
(92,15)
(93,17)
(181,64)
(182,21)
(225,4)
(226,35)
(227,6)
(228,19)
(229,5)
(230,28)
(231,4)
(132,12)
(133,7)
(136,30)
(137,40)
(138,17)
(139,30)
(142,5)
(143,104)
(144,22)
(166,15)
(168,7)
(169,2)
(170,91)
(171,25)
(172,29)
(173,6)
(176,10)
(179,38)
(259,43)
(263,62)
(264,1)
(265,13)
(266,18)
(267,10)
(268,31)
(269,8)
(270,58)
(272,20)
(274,60)
(275,27)
(277,4)
(387,1)
(388,9)
(520,3)
(522,7)
(570,28)
(232,32)
(233,11)
(234,7)
(236,28)
(237,5)
(238,5)
(239,14)
(240,36)
(241,7)
(1056,3)
(1057,2)
(1059,3)
(1061,10)
(1062,12)
(1066,8)
(1067,5)
(1068,2)
(1069,14)
(1014,86)
(1015,95)
(1016,59)
(1018,7)
(1019,4)
(1020,6)
(1021,7)
(1022,37)
(1023,36)
(571,12)
(572,9)
(573,8)
(574,21)
(575,24)
(576,6)
(577,5)
(578,10)
(579,39)
(1108,3)
(1111,11)
(1112,3)
(1113,20)
(1114,2)
(1115,39)
(1121,14)
(1122,1)
(1123,8)
(1024,10)
(1025,2)
(1026,16)
(1027,12)
(1028,8)
(1029,5)
(1031,3)
(1032,1)
(1033,1)
(1034,10)
(581,8)
(582,30)
(584,17)
(586,22)
(587,3)
(589,6)
(590,9)
(591,12)
(1001,39)
(1070,15)
(1072,18)
(1073,6)
(1074,10)
(1075,11)
(1076,7)
(1077,8)
(1078,7)
(1079,9)
(1175,25)
(1176,5)
(1177,14)
(1180,43)
(1181,88)
(1182,45)
(1184,28)
(1186,7)
(1187,31)
(1090,1)
(1091,3)
(1092,5)
(1095,2)
(1096,2)
(1097,10)
(1103,13)
(1104,5)
(1107,32)
(1164,6)
(1165,99)
(1166,58)
(1167,41)
(1168,15)
(1169,38)
(1170,30)
(1171,71)
(1173,17)
(10096,29)
(10097,39)
(10098,35)
(10099,4)
(10101,6)
(10104,20)
(10105,14)
(10106,17)
(10107,7)
(10066,22)
(10068,17)
(10069,13)
(10070,11)
(10071,30)
(10072,21)
(10073,12)
(10075,6)
(10076,31)
(1301,50)
(1302,11)
(1303,4)
(1413,44)
(1414,139)
(1415,15)
(10002,38)
(10005,2)
(10007,19)
(10145,53)
(10146,38)
(10403,5)
(10405,2)
(10406,16)
(10408,12)
(10409,15)
(10410,12)
(10412,3)
(10014,24)
(10017,4)
(10053,28)
(10056,39)
(10057,30)
(10058,11)
(10062,15)
(10064,37)
(10065,11)
(10131,20)
(10132,26)
(10133,52)
(10134,43)
(10135,17)
(10136,31)
(10140,27)
(10141,8)
(10142,25)
(10077,24)
(10078,15)
(10079,28)
(10080,19)
(10081,9)
(10082,22)
(10084,13)
(10085,19)
(10086,19)
