(1,12)
(2,12)
(5,3)
(53,2)
(56,4)
(57,1)
(98,2)
(99,2)
(100,2)
(102,1)
(103,1)
(104,4)
(143,8)
(144,1)
(145,1)
(149,1)
(160,1)
(237,1)
(239,4)
(240,3)
(242,1)
(243,2)
(248,5)
(572,1)
(574,1)
(577,2)
(578,1)
(579,4)
(1079,2)
(1092,3)
(1097,1)
(1103,3)
(1104,2)
(1107,4)
(1165,10)
(1166,5)
(1167,8)
(1168,9)
(1171,7)
(1173,6)
(10080,2)
(10081,1)
(10082,1)
(10085,2)
(10086,3)
(10087,1)
(10121,3)
(10123,1)
(10124,1)
(10127,5)
(10128,3)
(10130,1)
(59,1)
(65,1)
(69,2)
(71,1)
(72,3)
(73,3)
(74,1)
(75,2)
(79,1)
(82,5)
(84,1)
(112,1)
(116,5)
(119,1)
(122,1)
(129,6)
(132,1)
(85,1)
(87,3)
(88,4)
(93,5)
(94,1)
(97,7)
(181,1)
(184,1)
(226,9)
(227,2)
(228,4)
(133,1)
(136,1)
(137,3)
(138,1)
(139,1)
(142,1)
(259,9)
(263,9)
(265,4)
(266,1)
(267,1)
(268,3)
(106,1)
(107,2)
(108,1)
(110,1)
(111,3)
(230,6)
(231,3)
(232,3)
(233,5)
(234,7)
(236,6)
(161,2)
(164,1)
(168,2)
(170,1)
(172,1)
(176,2)
(1022,1)
(1023,2)
(1024,2)
(1025,3)
(1027,2)
(1028,1)
(252,3)
(253,3)
(254,5)
(255,2)
(257,1)
(269,1)
(270,1)
(272,1)
(274,10)
(275,1)
(571,1)
(582,7)
(586,1)
(587,2)
(589,1)
(1001,5)
(1002,4)
(1029,1)
(1031,2)
(1033,2)
(1034,1)
(1039,2)
(1042,1)
(1014,5)
(1015,5)
(1016,7)
(1018,1)
(1019,3)
(1111,4)
(1113,4)
(1114,1)
(1115,13)
(1123,1)
(1053,1)
(1061,1)
(1062,1)
(1067,1)
(1069,2)
(10005,1)
(10013,2)
(10014,3)
(10053,1)
(10056,6)
(10057,3)
(1175,1)
(1176,2)
(1177,1)
(1180,6)
(1181,4)
(1070,3)
(1074,2)
(1075,2)
(1076,1)
(1077,2)
(1078,1)
(10064,1)
(10066,2)
(10068,8)
(10069,2)
(10070,1)
(1182,3)
(1187,16)
(1413,9)
(1414,18)
(1415,2)
(10002,2)
(10093,4)
(10097,2)
(10098,3)
(10104,2)
(10105,1)
(10108,1)
(10071,3)
(10073,1)
(10075,1)
(10076,1)
(10077,1)
(10079,1)
(10088,2)
(10089,2)
(10090,4)
(10091,1)
(10092,1)
(10405,1)
(10406,2)
(10408,1)
(10409,1)
(10410,8)
(10414,2)
(10109,7)
(10115,2)
(10118,3)
(10119,2)
(10120,5)
(10131,2)
(10132,1)
(10133,5)
(10134,3)
(10135,4)
(10136,1)
(10140,2)
(10142,4)
(10145,9)
(10146,8)
(10403,4)
(10424,2)
(10568,1)
(10569,1)
(10574,2)
(10638,8)
