(1,7)
(2,93)
(5,69)
(9,6)
(52,4)
(53,21)
(56,11)
(57,1)
(59,9)
(92,17)
(93,30)
(94,17)
(95,36)
(97,90)
(98,17)
(99,4)
(100,25)
(139,23)
(142,10)
(143,104)
(144,15)
(145,43)
(146,5)
(149,52)
(151,61)
(236,35)
(237,45)
(238,56)
(239,31)
(240,28)
(241,1)
(242,10)
(243,14)
(582,42)
(584,27)
(586,92)
(587,7)
(589,2)
(1001,80)
(1002,85)
(1004,7)
(1005,7)
(1006,10)
(1007,3)
(1008,3)
(1009,7)
(1014,122)
(1015,179)
(1016,127)
(1018,12)
(1089,16)
(1090,1)
(1091,14)
(1092,17)
(1093,5)
(1095,3)
(1096,1)
(1097,19)
(1103,25)
(1415,63)
(10002,33)
(10005,12)
(10006,21)
(10007,1)
(10013,77)
(10014,9)
(10017,6)
(10070,23)
(10071,48)
(10072,6)
(10073,17)
(10075,9)
(10078,14)
(10079,12)
(10080,41)
(10099,8)
(10101,7)
(10104,18)
(10106,6)
(10108,18)
(10109,67)
(10111,11)
(10113,25)
(79,12)
(82,15)
(83,9)
(84,12)
(85,16)
(86,1)
(87,10)
(88,23)
(91,10)
(124,20)
(126,5)
(127,3)
(129,45)
(132,16)
(133,14)
(136,37)
(137,29)
(138,13)
(60,1)
(61,3)
(62,3)
(63,4)
(64,6)
(65,10)
(66,5)
(67,10)
(68,25)
(69,36)
(71,12)
(72,11)
(73,24)
(74,3)
(75,9)
(77,3)
(78,38)
(226,101)
(227,10)
(228,80)
(229,45)
(230,87)
(231,16)
(232,87)
(233,40)
(234,113)
(101,17)
(102,12)
(103,29)
(104,28)
(106,25)
(107,22)
(108,2)
(110,35)
(111,35)
(112,26)
(115,2)
(116,22)
(118,2)
(119,17)
(120,5)
(121,10)
(122,15)
(274,10)
(275,33)
(277,7)
(387,3)
(388,31)
(520,4)
(570,36)
(571,6)
(572,4)
(171,24)
(172,8)
(173,2)
(176,19)
(181,39)
(182,22)
(184,16)
(225,11)
(573,3)
(574,48)
(575,15)
(576,12)
(577,7)
(578,10)
(579,132)
(581,7)
(156,28)
(160,17)
(161,6)
(163,3)
(164,10)
(166,9)
(168,16)
(169,4)
(170,61)
(1019,16)
(1020,17)
(1021,22)
(1022,14)
(1023,35)
(1024,14)
(1025,32)
(1026,16)
(1027,9)
(264,7)
(265,39)
(266,17)
(267,22)
(268,122)
(269,32)
(270,104)
(272,26)
(247,33)
(248,19)
(252,54)
(253,21)
(254,28)
(255,83)
(257,7)
(259,95)
(263,89)
(1028,4)
(1029,33)
(1031,7)
(1033,30)
(1034,23)
(1035,9)
(1036,34)
(1037,33)
(1038,11)
(1048,32)
(1049,8)
(1050,6)
(1051,2)
(1052,2)
(1053,12)
(1054,3)
(1055,6)
(1056,7)
(1170,37)
(1171,37)
(1173,47)
(1175,37)
(1176,36)
(1177,21)
(1180,124)
(1181,16)
(1039,21)
(1040,7)
(1041,14)
(1042,9)
(1043,11)
(1045,3)
(1046,18)
(1047,4)
(1070,29)
(1072,12)
(1073,13)
(1074,15)
(1075,2)
(1076,9)
(1077,9)
(1078,7)
(1079,4)
(1080,5)
(1081,5)
(1082,3)
(1083,4)
(1084,13)
(1085,2)
(1087,43)
(1088,8)
(1182,29)
(1184,6)
(1186,9)
(1187,100)
(1301,2)
(1302,2)
(1303,6)
(1413,77)
(1414,192)
(10053,3)
(10056,61)
(10057,69)
(10058,21)
(10062,17)
(10064,31)
(10065,19)
(10066,30)
(10069,28)
(1057,12)
(1059,2)
(1061,19)
(1062,13)
(1066,11)
(1067,10)
(1068,3)
(1069,13)
(1121,7)
(1122,28)
(1123,17)
(1164,81)
(1165,142)
(1166,110)
(1167,82)
(1168,25)
(1169,28)
(1104,28)
(1107,37)
(1108,11)
(1111,76)
(1112,1)
(1113,50)
(1114,24)
(1115,123)
(10081,18)
(10082,13)
(10086,23)
(10087,21)
(10088,27)
(10089,23)
(10092,8)
(10093,65)
(10097,19)
(10132,15)
(10133,16)
(10134,31)
(10136,40)
(10140,24)
(10141,3)
(10142,18)
(10145,91)
(10115,47)
(10117,48)
(10118,55)
(10119,15)
(10120,11)
(10121,13)
(10122,8)
(10123,14)
(10127,60)
(10573,1)
(10575,1)
(10580,2)
(10581,4)
(10582,2)
(10583,1)
(10585,1)
(10638,60)
(10146,58)
(10403,30)
(10405,19)
(10406,20)
(10410,120)
(10568,47)
(10569,11)
(10571,1)
(10572,2)
