(1,111)
(2,97)
(5,96)
(9,11)
(52,4)
(53,21)
(56,24)
(57,3)
(59,7)
(94,23)
(95,57)
(97,89)
(98,32)
(99,19)
(100,32)
(101,20)
(102,21)
(103,31)
(145,103)
(146,7)
(149,128)
(151,110)
(156,17)
(160,11)
(163,7)
(164,10)
(166,18)
(242,13)
(243,34)
(247,55)
(248,20)
(252,94)
(253,32)
(254,27)
(255,113)
(257,16)
(1006,9)
(1007,9)
(1008,1)
(1009,4)
(1014,165)
(1015,223)
(1016,131)
(1018,10)
(1019,24)
(1040,16)
(1041,27)
(1042,42)
(1043,21)
(1045,4)
(1046,38)
(1047,9)
(1048,33)
(1049,23)
(1050,3)
(1051,19)
(1052,13)
(1053,12)
(1054,13)
(1055,13)
(1056,8)
(1057,22)
(1059,1)
(1061,14)
(1062,19)
(1066,13)
(1067,11)
(1068,6)
(1069,21)
(1070,33)
(1072,9)
(1073,10)
(10081,37)
(10082,12)
(10085,11)
(10086,48)
(10087,75)
(10088,26)
(10089,38)
(10090,3)
(10091,17)
(10092,16)
(10093,130)
(10094,16)
(10095,14)
(10096,22)
(10097,20)
(10098,29)
(10099,27)
(10101,10)
(10104,31)
(10105,7)
(10106,7)
(10107,2)
(10108,36)
(10109,116)
(10111,16)
(10113,47)
(10114,8)
(10115,54)
(10116,1)
(10117,96)
(10118,27)
(10119,25)
(10120,24)
(10121,24)
(10122,18)
(10123,10)
(71,9)
(72,1)
(73,33)
(74,16)
(75,11)
(77,6)
(78,52)
(79,16)
(82,7)
(61,6)
(62,5)
(63,7)
(64,7)
(65,18)
(66,7)
(67,15)
(68,30)
(69,45)
(118,7)
(119,48)
(120,21)
(121,9)
(122,47)
(124,27)
(126,1)
(127,1)
(129,104)
(104,21)
(106,67)
(107,25)
(108,1)
(110,81)
(111,42)
(112,14)
(115,6)
(116,51)
(182,41)
(184,38)
(225,15)
(226,168)
(227,13)
(228,85)
(229,50)
(230,66)
(231,39)
(83,10)
(84,18)
(85,30)
(86,2)
(87,32)
(88,40)
(91,27)
(92,37)
(93,42)
(168,14)
(169,3)
(170,143)
(171,9)
(172,5)
(173,8)
(176,35)
(179,4)
(181,48)
(272,33)
(274,102)
(275,46)
(277,4)
(387,1)
(388,15)
(520,4)
(570,56)
(571,13)
(132,11)
(133,22)
(136,49)
(137,75)
(138,37)
(139,69)
(142,24)
(143,208)
(144,22)
(259,74)
(263,80)
(264,4)
(265,69)
(266,14)
(267,31)
(268,132)
(269,27)
(270,96)
(582,58)
(584,72)
(586,49)
(587,1)
(589,2)
(1001,108)
(1002,128)
(1004,6)
(1005,3)
(232,79)
(233,65)
(234,110)
(236,38)
(237,77)
(238,56)
(239,14)
(240,21)
(241,4)
(1095,2)
(1096,1)
(1097,15)
(1103,33)
(1104,64)
(1107,66)
(1108,12)
(1111,88)
(1113,105)
(1020,16)
(1021,32)
(1022,56)
(1023,64)
(1024,16)
(1025,33)
(1026,14)
(1027,4)
(1028,3)
(572,9)
(573,4)
(574,74)
(575,19)
(576,12)
(577,17)
(578,13)
(579,236)
(581,11)
(1114,54)
(1115,220)
(1121,11)
(1122,76)
(1123,7)
(1165,161)
(1166,133)
(1167,80)
(1168,31)
(1182,33)
(1184,6)
(1186,12)
(1187,113)
(1302,8)
(1303,16)
(1413,105)
(1414,289)
(1415,18)
(1029,40)
(1031,13)
(1033,40)
(1034,18)
(1035,3)
(1036,74)
(1037,50)
(1038,13)
(1039,28)
(10002,12)
(10005,16)
(10006,36)
(10007,5)
(10013,40)
(10014,3)
(10017,12)
(10053,5)
(10056,81)
(1169,44)
(1170,30)
(1171,57)
(1173,17)
(1175,49)
(1176,24)
(1177,10)
(1180,173)
(1181,11)
(1074,17)
(1075,11)
(1076,6)
(1077,3)
(1078,11)
(1079,5)
(1080,3)
(1081,8)
(1082,3)
(10124,4)
(10127,128)
(10128,29)
(10130,24)
(10131,18)
(10132,19)
(10133,56)
(10134,70)
(10135,4)
(10071,76)
(10072,25)
(10073,10)
(10075,19)
(10076,10)
(10077,14)
(10078,21)
(10079,21)
(10080,95)
(1083,8)
(1084,14)
(1085,8)
(1087,47)
(1088,21)
(1089,22)
(1091,15)
(1092,35)
(1093,4)
(10057,71)
(10058,15)
(10062,52)
(10064,53)
(10065,47)
(10066,33)
(10068,11)
(10069,51)
(10070,18)
(10408,13)
(10409,46)
(10410,117)
(10412,6)
(10414,5)
(10424,23)
(10568,62)
(10569,11)
(10571,3)
(10136,91)
(10140,19)
(10141,15)
(10142,41)
(10145,86)
(10146,102)
(10403,42)
(10405,9)
(10406,28)
(10572,1)
(10573,2)
(10574,2)
(10575,18)
(10580,1)
(10582,3)
(10585,1)
(10638,60)
