(69,2)
(71,1)
(73,2)
(78,5)
(82,2)
(127,1)
(136,3)
(137,4)
(139,1)
(143,6)
(229,3)
(230,3)
(231,2)
(232,2)
(233,2)
(264,2)
(265,3)
(266,1)
(268,6)
(269,1)
(1025,1)
(1031,1)
(1034,2)
(1035,2)
(1036,4)
(1039,1)
(1176,3)
(1177,1)
(1180,5)
(1181,7)
(1182,5)
(1187,7)
(1301,2)
(1413,11)
(1414,12)
(1415,3)
(10068,1)
(10069,1)
(10070,1)
(10071,3)
(10072,2)
(1,1)
(2,14)
(52,2)
(53,1)
(56,1)
(57,1)
(111,1)
(112,1)
(115,2)
(120,1)
(124,1)
(94,5)
(95,4)
(97,7)
(99,1)
(100,2)
(144,1)
(145,3)
(149,9)
(156,1)
(166,1)
(181,3)
(182,2)
(184,2)
(226,9)
(228,4)
(101,1)
(103,3)
(104,1)
(106,3)
(107,3)
(110,3)
(254,9)
(255,4)
(257,1)
(259,9)
(263,6)
(168,1)
(170,2)
(172,2)
(173,2)
(176,1)
(179,6)
(1006,1)
(1009,1)
(1014,4)
(1015,8)
(1016,4)
(243,1)
(247,3)
(248,6)
(252,6)
(253,2)
(584,2)
(586,1)
(589,1)
(1001,2)
(1002,3)
(1018,1)
(1021,2)
(1022,3)
(1023,1)
(1024,1)
(234,1)
(236,3)
(237,2)
(239,3)
(240,4)
(242,4)
(1040,1)
(1047,1)
(1051,1)
(1052,2)
(1053,1)
(270,10)
(272,1)
(274,2)
(571,4)
(574,1)
(582,2)
(1056,1)
(1066,2)
(1068,1)
(1069,2)
(1070,1)
(1072,1)
(1073,3)
(1074,1)
(1075,1)
(1076,2)
(1078,1)
(1087,1)
(1089,1)
(1097,1)
(1107,1)
(1108,1)
(1079,1)
(1080,1)
(1081,1)
(1082,1)
(1084,1)
(10075,1)
(10077,3)
(10078,2)
(10079,1)
(10081,1)
(1115,1)
(1123,1)
(1165,5)
(1166,4)
(1167,5)
(1168,2)
(1169,1)
(1170,2)
(1171,7)
(1173,2)
(1175,2)
(10017,1)
(10056,2)
(10057,3)
(10058,2)
(10064,1)
(10066,2)
(10002,2)
(10005,4)
(10006,5)
(10007,3)
(10014,10)
(10107,1)
(10108,2)
(10109,2)
(10113,1)
(10116,1)
(10123,1)
(10128,2)
(10130,1)
(10131,1)
(10132,2)
(10133,2)
(10094,1)
(10096,1)
(10097,3)
(10098,4)
(10106,2)
(10082,2)
(10087,1)
(10088,2)
(10089,3)
(10091,3)
(10093,2)
(10414,1)
(10424,3)
(10568,1)
(10569,3)
(10638,2)
(10134,2)
(10135,2)
(10141,1)
(10142,3)
(10145,6)
(10118,1)
(10119,3)
(10120,3)
(10121,1)
(10122,1)
(10146,8)
(10403,2)
(10406,1)
(10408,1)
(10409,1)
