(61,4)
(62,9)
(63,8)
(64,5)
(65,9)
(66,5)
(67,17)
(68,17)
(69,60)
(104,29)
(106,14)
(107,24)
(108,6)
(110,29)
(111,30)
(112,20)
(115,6)
(116,31)
(166,15)
(168,11)
(169,6)
(170,46)
(171,3)
(172,16)
(173,12)
(176,33)
(179,1)
(259,120)
(263,180)
(264,7)
(265,41)
(266,22)
(267,30)
(268,197)
(269,22)
(270,128)
(272,29)
(582,30)
(584,39)
(586,65)
(587,1)
(589,7)
(590,14)
(591,18)
(1001,90)
(1002,184)
(1003,2)
(1004,8)
(1005,11)
(1006,45)
(1007,3)
(1008,3)
(1009,9)
(1010,1)
(1014,150)
(1056,6)
(1057,10)
(1059,5)
(1061,23)
(1062,18)
(1066,5)
(1067,8)
(1068,1)
(1069,10)
(1111,68)
(1113,84)
(1114,39)
(1115,150)
(1122,10)
(1123,5)
(1164,77)
(1165,161)
(1166,149)
(1167,86)
(10080,64)
(10081,15)
(10082,44)
(10084,45)
(10085,29)
(10086,18)
(10087,33)
(10088,10)
(10089,31)
(10405,35)
(10406,51)
(10408,17)
(10409,42)
(10410,78)
(10412,22)
(10414,21)
(10424,42)
(10568,41)
(71,26)
(72,8)
(73,35)
(74,7)
(75,18)
(77,11)
(78,30)
(79,13)
(82,19)
(1,7)
(2,109)
(5,63)
(9,1)
(11,5)
(52,2)
(53,31)
(56,13)
(57,7)
(59,6)
(118,10)
(119,11)
(120,6)
(121,20)
(122,17)
(124,40)
(126,5)
(127,2)
(129,55)
(94,25)
(95,36)
(97,119)
(98,16)
(99,6)
(100,20)
(101,17)
(102,12)
(103,7)
(83,7)
(84,11)
(85,28)
(86,1)
(87,17)
(88,13)
(91,19)
(92,24)
(93,34)
(145,37)
(146,3)
(149,84)
(151,58)
(156,21)
(160,17)
(161,1)
(163,3)
(164,10)
(181,47)
(182,30)
(225,32)
(226,154)
(227,16)
(228,104)
(229,49)
(230,86)
(231,49)
(274,88)
(275,57)
(277,7)
(387,1)
(388,30)
(520,8)
(522,1)
(570,48)
(571,20)
(132,18)
(133,18)
(136,38)
(137,36)
(138,24)
(139,35)
(142,14)
(143,86)
(144,17)
(242,27)
(243,11)
(247,28)
(248,42)
(252,52)
(253,25)
(254,51)
(255,73)
(257,6)
(232,72)
(233,68)
(234,146)
(236,40)
(237,44)
(238,61)
(239,92)
(240,40)
(241,28)
(1168,76)
(1169,46)
(1170,14)
(1171,48)
(1173,72)
(1175,100)
(1176,43)
(1177,45)
(1180,271)
(572,9)
(573,7)
(574,86)
(575,12)
(576,9)
(577,5)
(578,11)
(579,146)
(581,11)
(1181,15)
(1182,35)
(1184,7)
(1186,31)
(1187,101)
(1301,1)
(1302,13)
(1303,40)
(1413,40)
(1015,156)
(1016,124)
(1018,26)
(1019,31)
(1020,10)
(1021,9)
(1022,13)
(1023,31)
(1024,14)
(1025,60)
(1026,18)
(1027,3)
(1028,1)
(1029,9)
(1031,9)
(1032,2)
(1033,36)
(1034,16)
(1035,9)
(1036,34)
(1037,7)
(1038,1)
(1039,11)
(1041,23)
(1042,10)
(1043,11)
(1046,20)
(1047,8)
(1048,34)
(1049,10)
(1050,7)
(1051,6)
(1052,7)
(1053,6)
(1054,5)
(1055,7)
(1080,8)
(1081,1)
(1082,1)
(1083,1)
(1084,1)
(1085,2)
(1087,12)
(1088,10)
(1089,3)
(10056,50)
(10057,66)
(10058,7)
(10062,25)
(10064,37)
(10065,18)
(10066,21)
(10068,38)
(10069,30)
(10070,56)
(10071,54)
(10072,15)
(10073,22)
(10075,17)
(10076,58)
(10077,45)
(10078,10)
(10079,36)
(1070,20)
(1072,12)
(1073,9)
(1074,10)
(1075,14)
(1076,8)
(1077,10)
(1078,9)
(1079,8)
(1414,174)
(1415,95)
(10002,23)
(10005,20)
(10007,1)
(10013,82)
(10014,11)
(10017,7)
(10053,5)
(10569,11)
(10570,1)
(10571,10)
(10572,3)
(10574,3)
(10580,2)
(10581,2)
(10582,2)
(10585,1)
(10090,25)
(10091,40)
(10092,11)
(10093,66)
(10094,46)
(10095,18)
(10096,86)
(10097,158)
(10098,34)
(1091,10)
(1092,10)
(1093,2)
(1095,1)
(1097,8)
(1103,26)
(1104,32)
(1107,17)
(1108,18)
(10099,15)
(10101,81)
(10104,38)
(10105,32)
(10106,19)
(10107,8)
(10108,29)
(10109,107)
(10111,10)
(10113,86)
(10114,11)
(10115,53)
(10116,21)
(10117,33)
(10118,44)
(10119,10)
(10120,26)
(10121,22)
(10122,6)
(10123,39)
(10124,9)
(10127,48)
(10128,32)
(10130,20)
(10131,22)
(10132,22)
(10133,106)
(10134,23)
(10135,61)
(10136,48)
(10140,80)
(10141,19)
(10142,33)
(10145,133)
(10146,74)
(10403,36)
