(71,6)
(72,2)
(73,27)
(74,7)
(75,14)
(77,1)
(78,25)
(79,7)
(82,21)
(119,14)
(120,8)
(121,17)
(122,17)
(124,16)
(126,3)
(127,3)
(129,69)
(132,6)
(225,10)
(226,76)
(227,21)
(228,65)
(229,32)
(230,40)
(231,22)
(232,30)
(233,24)
(275,30)
(277,3)
(387,1)
(388,10)
(520,6)
(522,1)
(570,1)
(571,7)
(572,6)
(1018,12)
(1019,24)
(1020,10)
(1021,11)
(1022,21)
(1023,16)
(1024,14)
(1025,35)
(1026,20)
(1027,7)
(1028,8)
(1029,14)
(1031,5)
(1032,1)
(1033,13)
(1034,5)
(1035,5)
(1036,27)
(1037,3)
(1038,6)
(1039,8)
(1040,5)
(1041,4)
(1042,10)
(1043,7)
(1045,6)
(1046,18)
(1177,10)
(1180,47)
(1181,4)
(1182,15)
(1184,5)
(1186,4)
(1187,42)
(1301,1)
(1302,2)
(10132,15)
(10133,40)
(10134,39)
(10135,12)
(10136,32)
(10140,52)
(10141,2)
(10142,16)
(10145,69)
(10146,54)
(10403,15)
(10405,17)
(10406,19)
(10408,1)
(10409,20)
(10410,41)
(10414,13)
(10424,29)
(10568,22)
(10569,16)
(10571,1)
(10575,2)
(10580,1)
(10581,1)
(10582,1)
(10638,62)
(83,8)
(84,4)
(85,16)
(87,25)
(88,14)
(91,14)
(92,13)
(93,15)
(94,15)
(133,10)
(136,48)
(137,21)
(138,9)
(139,15)
(142,7)
(143,50)
(144,15)
(145,29)
(1,3)
(2,47)
(5,25)
(9,9)
(11,11)
(53,6)
(56,17)
(57,5)
(59,11)
(60,2)
(61,8)
(62,5)
(63,6)
(64,5)
(65,7)
(66,5)
(67,23)
(68,13)
(69,33)
(234,70)
(236,35)
(237,25)
(238,23)
(239,28)
(240,17)
(241,13)
(242,8)
(243,6)
(95,28)
(97,48)
(98,13)
(99,2)
(100,21)
(101,3)
(102,10)
(103,18)
(104,24)
(573,2)
(574,28)
(575,8)
(576,4)
(577,4)
(578,3)
(579,106)
(581,10)
(582,37)
(106,18)
(107,18)
(108,4)
(110,29)
(111,27)
(112,27)
(115,3)
(116,13)
(118,3)
(169,2)
(170,53)
(171,3)
(172,10)
(173,5)
(176,17)
(179,2)
(181,12)
(182,13)
(584,34)
(586,24)
(587,1)
(589,6)
(590,8)
(591,16)
(1001,55)
(1002,58)
(1004,7)
(146,4)
(149,39)
(151,35)
(156,2)
(160,19)
(163,2)
(164,4)
(166,17)
(168,16)
(1047,8)
(1048,5)
(1049,12)
(1050,3)
(1051,4)
(1052,3)
(1053,7)
(1054,4)
(1055,6)
(247,10)
(248,16)
(252,32)
(253,9)
(254,47)
(255,77)
(257,12)
(259,29)
(263,88)
(264,4)
(265,28)
(266,8)
(267,20)
(268,83)
(269,12)
(270,37)
(272,12)
(274,45)
(1056,6)
(1057,7)
(1059,7)
(1061,11)
(1062,5)
(1066,6)
(1067,8)
(1068,2)
(1069,23)
(1070,25)
(1072,5)
(1073,11)
(1074,23)
(1075,9)
(1076,6)
(1077,15)
(1078,7)
(1079,13)
(1005,2)
(1006,7)
(1007,2)
(1008,4)
(1009,3)
(1010,1)
(1014,72)
(1015,102)
(1016,78)
(1080,10)
(1081,3)
(1082,1)
(1083,1)
(1084,5)
(1085,2)
(1087,14)
(1088,4)
(1089,4)
(1303,2)
(1413,24)
(1414,140)
(1415,11)
(10002,13)
(10005,14)
(10007,3)
(10013,37)
(10014,5)
(1091,8)
(1092,15)
(1093,2)
(1097,19)
(1103,11)
(1104,21)
(1107,23)
(1108,4)
(1111,39)
(1166,73)
(1167,45)
(1168,18)
(1169,16)
(1170,9)
(1171,16)
(1173,23)
(1175,19)
(1176,10)
(1112,1)
(1113,49)
(1114,28)
(1115,124)
(1121,5)
(1122,1)
(1123,5)
(1164,41)
(1165,97)
(10017,5)
(10053,10)
(10056,23)
(10057,22)
(10058,4)
(10062,19)
(10064,22)
(10065,13)
(10066,16)
(10088,9)
(10089,11)
(10090,20)
(10091,20)
(10092,10)
(10093,69)
(10094,48)
(10095,8)
(10096,21)
(10097,32)
(10098,29)
(10099,14)
(10101,12)
(10104,28)
(10105,15)
(10106,14)
(10107,7)
(10108,18)
(10109,46)
(10111,9)
(10113,11)
(10114,8)
(10115,30)
(10116,5)
(10117,15)
(10118,14)
(10119,11)
(10068,34)
(10069,29)
(10070,16)
(10071,34)
(10072,11)
(10073,15)
(10075,12)
(10076,33)
(10077,18)
(10078,9)
(10079,25)
(10080,27)
(10081,9)
(10082,16)
(10084,27)
(10085,21)
(10086,15)
(10087,15)
(10120,16)
(10121,5)
(10122,15)
(10123,11)
(10124,9)
(10127,33)
(10128,21)
(10130,15)
(10131,13)
