(1,55)
(2,67)
(5,74)
(9,10)
(11,31)
(52,3)
(53,16)
(56,34)
(57,15)
(59,18)
(94,48)
(95,28)
(97,90)
(98,8)
(99,11)
(100,22)
(101,24)
(102,17)
(103,17)
(146,3)
(149,202)
(151,75)
(156,9)
(160,2)
(161,13)
(163,5)
(164,7)
(166,31)
(248,20)
(252,70)
(253,54)
(254,68)
(255,115)
(257,28)
(259,77)
(263,138)
(264,12)
(1005,1)
(1006,30)
(1007,20)
(1009,2)
(1010,1)
(1014,167)
(1015,206)
(1016,111)
(1018,13)
(1019,14)
(1039,14)
(1040,11)
(1041,19)
(1042,26)
(1043,18)
(1045,2)
(1046,32)
(1047,11)
(1048,3)
(1049,16)
(1050,6)
(1051,9)
(1052,14)
(1053,12)
(1054,7)
(1055,9)
(1056,9)
(1057,12)
(1413,82)
(1414,202)
(1415,14)
(10002,63)
(10005,1)
(10007,36)
(10013,1)
(10014,69)
(10017,15)
(10089,26)
(10090,5)
(10091,75)
(10092,19)
(10093,47)
(10094,56)
(10095,27)
(10096,90)
(10097,50)
(10405,4)
(10406,32)
(10408,34)
(10409,56)
(10410,41)
(10412,8)
(10414,39)
(10424,53)
(10568,72)
(60,9)
(62,5)
(63,6)
(64,9)
(65,5)
(66,10)
(67,20)
(68,20)
(69,48)
(104,12)
(106,14)
(107,37)
(108,4)
(110,48)
(111,47)
(112,48)
(115,26)
(116,36)
(118,12)
(71,15)
(72,8)
(73,12)
(74,12)
(75,31)
(77,5)
(78,58)
(79,3)
(82,29)
(83,6)
(84,16)
(85,23)
(86,4)
(87,50)
(88,42)
(91,8)
(92,26)
(93,34)
(168,19)
(169,6)
(170,110)
(171,40)
(172,9)
(173,12)
(176,25)
(179,56)
(181,80)
(119,20)
(120,18)
(121,9)
(122,23)
(124,61)
(126,28)
(127,20)
(129,76)
(132,23)
(133,16)
(136,70)
(137,59)
(138,29)
(139,48)
(142,12)
(143,112)
(144,31)
(145,106)
(265,28)
(266,13)
(267,9)
(268,52)
(269,28)
(270,136)
(272,22)
(274,75)
(275,37)
(182,43)
(225,21)
(226,25)
(227,13)
(228,35)
(229,21)
(230,54)
(232,65)
(233,9)
(1029,9)
(1031,10)
(1032,1)
(1033,11)
(1034,45)
(1035,9)
(1036,62)
(1037,44)
(1038,11)
(234,15)
(236,44)
(237,16)
(238,20)
(239,32)
(240,51)
(241,16)
(242,27)
(243,15)
(247,37)
(574,63)
(575,41)
(576,28)
(577,1)
(578,18)
(579,51)
(581,17)
(582,62)
(584,18)
(277,4)
(387,5)
(388,23)
(520,1)
(522,6)
(570,54)
(571,29)
(572,13)
(573,14)
(586,35)
(587,5)
(589,9)
(590,17)
(591,29)
(1001,105)
(1002,95)
(1003,16)
(1004,9)
(1020,4)
(1021,15)
(1022,49)
(1023,32)
(1024,8)
(1025,15)
(1026,42)
(1027,7)
(1028,16)
(1059,1)
(1061,27)
(1062,26)
(1066,7)
(1067,6)
(1068,3)
(1069,10)
(1070,9)
(1072,11)
(1073,6)
(1083,8)
(1084,13)
(1085,11)
(1087,40)
(1088,20)
(1089,10)
(1090,6)
(1091,13)
(1092,11)
(1166,95)
(1167,67)
(1168,16)
(1169,42)
(1170,35)
(1171,105)
(1173,34)
(1175,40)
(1176,17)
(1074,15)
(1075,10)
(1076,7)
(1077,5)
(1078,10)
(1079,7)
(1080,11)
(1081,34)
(1082,22)
(10069,29)
(10070,22)
(10071,74)
(10072,46)
(10073,24)
(10075,16)
(10076,78)
(10077,50)
(10078,27)
(1093,1)
(1095,1)
(1096,8)
(1097,14)
(1103,38)
(1104,4)
(1107,46)
(1108,12)
(1111,14)
(1177,10)
(1180,116)
(1181,143)
(1182,85)
(1184,22)
(1186,15)
(1187,62)
(1301,43)
(1302,8)
(1303,11)
(10053,32)
(10056,70)
(10057,50)
(10058,17)
(10062,45)
(10064,70)
(10065,25)
(10066,22)
(10068,34)
(1112,3)
(1113,52)
(1114,7)
(1115,98)
(1121,30)
(1122,37)
(1123,20)
(1164,21)
(1165,172)
(10098,96)
(10099,8)
(10101,10)
(10104,58)
(10105,29)
(10106,20)
(10107,13)
(10108,44)
(10109,68)
(10111,19)
(10079,72)
(10080,45)
(10081,9)
(10082,51)
(10084,17)
(10085,47)
(10086,34)
(10087,89)
(10088,32)
(10569,11)
(10572,1)
(10574,1)
(10575,4)
(10580,3)
(10581,1)
(10582,27)
(10584,1)
(10638,65)
(10134,57)
(10135,52)
(10136,91)
(10140,53)
(10141,9)
(10142,84)
(10145,79)
(10146,60)
(10403,32)
(10113,32)
(10114,3)
(10115,45)
(10116,29)
(10117,46)
(10118,26)
(10119,22)
(10120,70)
(10121,44)
(10122,19)
(10123,12)
(10124,4)
(10127,51)
(10128,20)
(10130,22)
(10131,28)
(10132,45)
(10133,90)
