(75,1)
(78,4)
(82,2)
(87,2)
(93,2)
(137,1)
(138,2)
(143,2)
(144,2)
(145,3)
(232,1)
(233,1)
(236,6)
(237,1)
(272,2)
(274,4)
(275,3)
(388,3)
(1075,1)
(1077,1)
(1078,2)
(1079,6)
(1081,2)
(1180,4)
(1181,12)
(1182,6)
(1184,3)
(1187,4)
(1413,12)
(1414,7)
(10002,2)
(10005,1)
(10006,1)
(10007,1)
(10013,3)
(10014,8)
(10053,2)
(10111,2)
(10115,1)
(10116,1)
(10118,2)
(10120,6)
(56,1)
(57,4)
(64,1)
(69,1)
(72,1)
(1,1)
(2,5)
(5,1)
(52,2)
(53,1)
(118,2)
(119,1)
(129,1)
(132,1)
(136,1)
(102,1)
(103,1)
(106,1)
(110,1)
(112,2)
(184,2)
(226,8)
(228,2)
(229,1)
(230,5)
(265,2)
(266,2)
(268,3)
(269,2)
(270,11)
(170,1)
(171,1)
(179,3)
(181,6)
(182,2)
(94,5)
(95,3)
(97,1)
(101,1)
(146,1)
(149,8)
(163,1)
(168,1)
(253,1)
(254,3)
(255,4)
(259,9)
(263,10)
(239,1)
(240,1)
(247,1)
(248,2)
(252,4)
(520,1)
(571,2)
(574,1)
(575,1)
(576,1)
(589,1)
(1001,1)
(1002,4)
(1006,1)
(1014,3)
(577,1)
(582,2)
(584,2)
(586,1)
(587,1)
(1040,1)
(1043,1)
(1052,1)
(1053,1)
(1069,2)
(10056,1)
(10057,3)
(10058,1)
(10062,1)
(10065,1)
(1015,8)
(1016,11)
(1020,1)
(1022,2)
(10066,1)
(10069,1)
(10071,1)
(10072,2)
(10073,2)
(1023,1)
(1024,1)
(1027,1)
(1034,1)
(1039,2)
(1070,2)
(1072,2)
(1073,1)
(1074,2)
(1082,1)
(1084,1)
(1085,1)
(1091,2)
(1103,1)
(1107,1)
(1108,1)
(1115,1)
(1123,1)
(1165,8)
(1170,1)
(1171,3)
(1173,3)
(1176,2)
(1177,1)
(1166,8)
(1167,6)
(1168,4)
(1169,2)
(10409,1)
(10424,1)
(10569,4)
(10638,8)
(10082,3)
(10085,2)
(10087,2)
(10088,2)
(10092,1)
(10076,1)
(10078,1)
(10079,2)
(10080,3)
(10131,3)
(10133,2)
(10134,4)
(10135,1)
(10136,1)
(10093,3)
(10094,1)
(10096,2)
(10097,3)
(10105,1)
(10140,2)
(10145,11)
(10146,4)
(10403,2)
(10406,3)
(10121,1)
(10123,1)
(10124,1)
(10130,2)
