(60,1)
(62,1)
(63,1)
(64,2)
(66,3)
(67,3)
(68,11)
(69,9)
(104,2)
(106,8)
(107,11)
(108,1)
(110,9)
(111,8)
(112,19)
(115,10)
(161,3)
(163,2)
(164,4)
(166,10)
(168,1)
(170,17)
(171,8)
(172,3)
(248,11)
(252,18)
(253,13)
(254,21)
(255,13)
(259,12)
(263,21)
(264,2)
(1084,3)
(1085,1)
(1087,1)
(1088,3)
(1089,3)
(1091,1)
(1092,2)
(1093,2)
(1415,6)
(10002,20)
(10005,8)
(10006,8)
(10007,6)
(10014,13)
(10017,1)
(10053,5)
(10056,5)
(10057,13)
(10058,6)
(10062,6)
(10064,7)
(10065,3)
(10066,9)
(10068,3)
(10069,5)
(10070,3)
(10071,7)
(10072,12)
(10073,1)
(10075,3)
(10076,6)
(10077,6)
(10131,11)
(10132,5)
(10133,12)
(10134,13)
(10135,6)
(10136,6)
(10140,11)
(10142,14)
(10145,26)
(10146,14)
(10403,2)
(10405,1)
(10406,7)
(10408,3)
(10409,4)
(10410,4)
(72,3)
(73,4)
(74,2)
(75,7)
(77,1)
(78,21)
(82,9)
(83,4)
(116,3)
(118,3)
(119,4)
(120,5)
(122,1)
(124,7)
(126,1)
(127,8)
(173,5)
(176,5)
(179,7)
(181,33)
(182,7)
(184,5)
(226,14)
(227,1)
(1,14)
(2,30)
(5,7)
(9,4)
(52,5)
(53,9)
(56,8)
(57,3)
(59,3)
(95,7)
(97,14)
(98,5)
(99,1)
(100,3)
(101,2)
(102,9)
(103,7)
(265,5)
(266,2)
(267,4)
(268,9)
(269,2)
(270,24)
(272,5)
(274,14)
(143,17)
(144,4)
(145,12)
(146,1)
(149,38)
(151,9)
(156,1)
(160,1)
(1038,2)
(1039,7)
(1040,2)
(1041,2)
(1042,2)
(1043,1)
(1045,1)
(1046,3)
(84,4)
(85,2)
(86,1)
(87,16)
(88,3)
(92,2)
(93,8)
(94,6)
(1052,1)
(1053,1)
(1054,3)
(1056,3)
(1057,1)
(1061,1)
(1062,1)
(1066,5)
(237,7)
(238,1)
(239,4)
(240,7)
(241,2)
(242,5)
(243,1)
(247,8)
(129,7)
(132,3)
(133,2)
(136,12)
(137,11)
(138,4)
(139,8)
(142,1)
(1076,5)
(1077,2)
(1078,4)
(1079,2)
(1080,8)
(1081,3)
(1082,4)
(1083,1)
(1067,2)
(1068,7)
(1069,6)
(1070,2)
(1072,3)
(1073,8)
(1074,2)
(1075,4)
(228,6)
(229,4)
(230,8)
(231,1)
(232,14)
(233,4)
(234,5)
(236,13)
(1096,1)
(1097,4)
(1103,6)
(1107,21)
(1108,4)
(1111,1)
(1112,1)
(1113,3)
(1115,8)
(1121,4)
(1123,4)
(1165,28)
(1166,15)
(1167,17)
(1168,5)
(1169,3)
(275,12)
(387,2)
(388,2)
(520,2)
(522,2)
(570,1)
(571,6)
(573,1)
(1170,6)
(1171,19)
(1173,1)
(1175,9)
(1176,5)
(1177,3)
(1180,13)
(1181,22)
(574,3)
(575,1)
(576,2)
(579,13)
(582,12)
(584,4)
(586,3)
(587,1)
(1182,28)
(1184,11)
(1186,1)
(1187,7)
(1301,4)
(1302,3)
(1413,16)
(1414,43)
(589,1)
(1001,9)
(1002,12)
(1003,1)
(1004,2)
(1006,5)
(1008,1)
(1014,14)
(10096,4)
(10097,12)
(10098,8)
(10104,3)
(10105,4)
(10106,2)
(10107,5)
(10108,6)
(10109,5)
(10111,1)
(10113,6)
(10114,2)
(10115,5)
(10116,1)
(10117,7)
(10118,8)
(1015,28)
(1016,17)
(1018,1)
(1019,1)
(1020,1)
(1021,1)
(1022,14)
(1023,10)
(10412,2)
(10414,2)
(10424,14)
(10568,2)
(10569,7)
(10582,6)
(10583,2)
(10638,24)
(1024,2)
(1025,2)
(1026,11)
(1027,2)
(1028,3)
(1029,2)
(1033,2)
(1035,3)
(1036,12)
(10078,1)
(10079,5)
(10080,7)
(10081,1)
(10082,7)
(10085,5)
(10086,9)
(10087,7)
(10088,12)
(10089,4)
(10090,2)
(10091,15)
(10092,2)
(10093,13)
(10094,6)
(10095,1)
(10119,2)
(10120,15)
(10121,7)
(10122,3)
(10124,4)
(10127,6)
(10128,6)
(10130,5)
