(1,14)
(2,23)
(5,2)
(9,1)
(52,3)
(53,5)
(56,2)
(57,7)
(100,4)
(101,1)
(102,2)
(103,8)
(104,3)
(106,4)
(107,12)
(151,9)
(160,1)
(161,3)
(164,2)
(166,4)
(168,1)
(169,1)
(243,3)
(247,4)
(248,2)
(252,18)
(253,15)
(254,13)
(255,16)
(259,10)
(578,3)
(579,4)
(582,5)
(584,8)
(586,3)
(587,1)
(589,3)
(1001,7)
(1002,10)
(1003,3)
(1004,1)
(1005,1)
(1006,4)
(1014,17)
(1015,19)
(1016,8)
(1018,1)
(1019,1)
(1020,1)
(1021,2)
(1022,4)
(1023,8)
(1024,1)
(1165,24)
(1166,19)
(1167,13)
(1168,3)
(1169,4)
(1170,3)
(1171,10)
(1173,6)
(1175,3)
(1180,6)
(1181,32)
(1182,14)
(1184,6)
(1187,10)
(1301,11)
(10007,5)
(10014,7)
(10017,1)
(10053,3)
(10056,2)
(10057,10)
(10058,6)
(10062,7)
(10064,6)
(10065,5)
(10066,9)
(10068,5)
(10069,2)
(10070,3)
(10071,6)
(10072,13)
(10099,1)
(10101,1)
(10104,3)
(10105,3)
(10106,3)
(10107,1)
(10108,5)
(10109,9)
(10412,1)
(10414,5)
(10424,11)
(10568,2)
(10569,8)
(10584,1)
(10638,23)
(64,1)
(66,1)
(67,4)
(68,8)
(69,13)
(73,3)
(74,1)
(75,2)
(110,6)
(111,2)
(112,11)
(115,7)
(116,2)
(118,2)
(119,8)
(122,2)
(170,15)
(171,3)
(172,5)
(173,5)
(176,2)
(179,9)
(181,29)
(182,2)
(263,10)
(264,2)
(265,5)
(266,1)
(267,3)
(268,1)
(269,1)
(78,19)
(79,2)
(82,7)
(83,2)
(85,2)
(87,5)
(88,2)
(124,8)
(127,1)
(129,8)
(132,2)
(133,1)
(136,10)
(137,11)
(91,2)
(92,6)
(93,6)
(94,2)
(95,6)
(97,18)
(98,5)
(99,1)
(10142,7)
(10145,26)
(10146,15)
(10405,1)
(10406,4)
(10408,4)
(10409,3)
(10410,4)
(138,1)
(139,11)
(142,1)
(143,21)
(144,6)
(145,11)
(146,2)
(149,31)
(184,3)
(226,3)
(228,3)
(229,6)
(230,4)
(231,3)
(232,8)
(233,4)
(234,2)
(236,8)
(237,4)
(239,4)
(240,7)
(241,1)
(242,4)
(270,20)
(272,4)
(274,13)
(275,13)
(277,2)
(388,2)
(522,1)
(570,2)
(571,4)
(572,2)
(573,2)
(574,4)
(575,6)
(576,3)
(577,1)
(1052,4)
(1053,1)
(1055,3)
(1059,2)
(1061,3)
(1062,2)
(1066,5)
(1067,4)
(1025,2)
(1026,13)
(1028,3)
(1034,3)
(1035,1)
(1036,10)
(1038,1)
(1039,5)
(1068,2)
(1069,7)
(1070,7)
(1072,2)
(1073,5)
(1074,4)
(1075,7)
(1040,1)
(1042,4)
(1043,1)
(1045,1)
(1046,3)
(1049,2)
(1050,1)
(1084,6)
(1085,1)
(1087,3)
(1092,1)
(1097,2)
(1103,3)
(1104,2)
(1076,3)
(1077,6)
(1078,4)
(1079,6)
(1080,7)
(1081,2)
(1082,5)
(1083,1)
(1302,1)
(1413,12)
(1414,44)
(1415,8)
(10002,12)
(10005,16)
(10006,7)
(1107,18)
(1108,3)
(1111,4)
(1113,3)
(1114,1)
(1115,8)
(1121,2)
(1123,4)
(10073,2)
(10075,3)
(10076,4)
(10077,10)
(10078,2)
(10079,6)
(10080,7)
(10081,3)
(10082,7)
(10085,4)
(10086,7)
(10087,14)
(10088,11)
(10089,4)
(10090,1)
(10091,15)
(10093,11)
(10094,7)
(10095,2)
(10096,2)
(10097,7)
(10098,8)
(10119,5)
(10120,9)
(10121,5)
(10122,3)
(10124,1)
(10127,7)
(10128,6)
(10130,4)
(10111,2)
(10113,5)
(10114,1)
(10115,13)
(10116,5)
(10117,5)
(10118,4)
(10131,7)
(10132,4)
(10133,13)
(10134,10)
(10135,3)
(10136,5)
(10140,11)
