(69,48)
(71,6)
(72,7)
(73,28)
(74,6)
(75,11)
(78,16)
(79,8)
(82,26)
(116,15)
(118,4)
(119,12)
(120,4)
(121,14)
(122,10)
(124,23)
(127,2)
(129,37)
(182,10)
(225,10)
(226,33)
(227,10)
(228,41)
(229,29)
(230,30)
(231,8)
(232,43)
(272,12)
(274,51)
(275,32)
(388,10)
(520,8)
(570,4)
(571,12)
(572,3)
(573,2)
(1020,13)
(1021,6)
(1022,7)
(1023,17)
(1024,10)
(1025,38)
(1026,17)
(1027,4)
(1028,4)
(1061,8)
(1062,16)
(1066,8)
(1067,4)
(1069,23)
(1070,23)
(1072,10)
(1073,6)
(1083,1)
(1084,10)
(1085,4)
(1087,15)
(1088,5)
(1089,6)
(1091,6)
(1092,10)
(1093,2)
(1097,13)
(1103,9)
(1104,12)
(1107,26)
(1108,7)
(1111,55)
(1112,2)
(1113,46)
(1114,21)
(10057,15)
(10058,7)
(10062,12)
(10064,26)
(10065,12)
(10066,15)
(10068,41)
(10069,16)
(10070,23)
(10122,9)
(10123,13)
(10124,13)
(10127,39)
(10128,21)
(10130,16)
(10131,12)
(10132,16)
(10133,44)
(10405,18)
(10406,15)
(10408,11)
(10409,13)
(10410,48)
(10414,15)
(10424,30)
(10568,17)
(10569,6)
(60,1)
(61,4)
(62,3)
(63,4)
(64,10)
(65,6)
(66,3)
(67,17)
(68,19)
(104,20)
(106,13)
(107,25)
(108,7)
(110,31)
(111,22)
(112,15)
(115,9)
(166,15)
(168,14)
(169,12)
(170,42)
(172,15)
(173,5)
(176,22)
(179,2)
(181,8)
(83,3)
(84,13)
(85,6)
(86,1)
(87,23)
(88,24)
(91,24)
(92,27)
(93,48)
(1,7)
(2,57)
(5,11)
(11,7)
(52,4)
(53,8)
(56,11)
(57,9)
(59,15)
(132,4)
(133,5)
(136,29)
(137,16)
(138,10)
(139,16)
(142,9)
(143,69)
(144,14)
(94,27)
(95,14)
(97,49)
(98,13)
(99,1)
(100,24)
(101,6)
(102,12)
(103,22)
(259,27)
(263,79)
(264,2)
(265,24)
(266,9)
(267,16)
(268,62)
(269,9)
(270,26)
(233,9)
(234,83)
(236,24)
(237,23)
(238,20)
(239,43)
(240,12)
(241,16)
(1039,7)
(1040,3)
(1041,3)
(1042,5)
(1043,7)
(1046,11)
(1047,4)
(1048,10)
(1049,5)
(145,34)
(146,3)
(149,58)
(151,36)
(156,6)
(160,30)
(161,1)
(163,4)
(164,9)
(1169,14)
(1170,6)
(1171,23)
(1173,19)
(1175,20)
(1176,13)
(1177,16)
(1180,48)
(1181,3)
(574,22)
(575,15)
(576,1)
(577,4)
(578,2)
(579,97)
(581,11)
(582,25)
(584,26)
(242,5)
(243,4)
(247,9)
(248,15)
(252,35)
(253,4)
(254,32)
(255,69)
(257,17)
(1006,2)
(1008,1)
(1009,4)
(1014,61)
(1015,81)
(1016,59)
(1018,18)
(1019,11)
(586,28)
(589,3)
(590,4)
(591,18)
(1001,43)
(1002,49)
(1003,3)
(1004,5)
(1005,4)
(1182,19)
(1184,5)
(1186,8)
(1187,45)
(1302,2)
(1303,3)
(1413,24)
(1414,133)
(1050,1)
(1051,2)
(1052,4)
(1053,6)
(1054,4)
(1055,10)
(1056,6)
(1057,5)
(1059,1)
(1415,10)
(10002,8)
(10005,12)
(10007,1)
(10013,34)
(10014,10)
(10017,4)
(10053,6)
(10056,26)
(1029,12)
(1031,4)
(1032,2)
(1033,7)
(1034,9)
(1035,4)
(1036,10)
(1037,1)
(1038,2)
(1074,16)
(1075,4)
(1076,3)
(1077,15)
(1078,8)
(1079,6)
(1080,3)
(1081,4)
(1082,1)
(10570,1)
(10571,1)
(10574,2)
(10575,1)
(10580,2)
(10581,1)
(10582,2)
(10638,47)
(10071,19)
(10072,13)
(10073,6)
(10075,16)
(10076,24)
(10077,20)
(10078,12)
(10079,31)
(10080,22)
(1115,142)
(1121,3)
(1122,5)
(1123,1)
(1164,56)
(1165,89)
(1166,54)
(1167,36)
(1168,14)
(10081,5)
(10082,22)
(10084,22)
(10085,22)
(10086,11)
(10087,19)
(10088,9)
(10089,13)
(10090,18)
(10091,23)
(10092,14)
(10093,48)
(10094,38)
(10095,14)
(10096,21)
(10097,39)
(10098,32)
(10099,18)
(10101,6)
(10104,30)
(10105,15)
(10106,9)
(10107,15)
(10108,15)
(10109,38)
(10111,7)
(10113,8)
(10114,6)
(10115,39)
(10116,4)
(10117,15)
(10118,27)
(10119,7)
(10120,13)
(10121,11)
(10134,14)
(10135,14)
(10136,23)
(10140,35)
(10141,2)
(10142,20)
(10145,78)
(10146,43)
(10403,7)
