(83,11)
(84,5)
(85,11)
(86,5)
(87,21)
(88,11)
(91,3)
(92,23)
(93,33)
(129,36)
(132,19)
(133,10)
(136,32)
(137,40)
(138,28)
(139,18)
(142,11)
(143,76)
(232,63)
(233,6)
(234,9)
(236,25)
(237,19)
(238,17)
(239,22)
(240,48)
(241,18)
(571,29)
(572,8)
(573,17)
(574,44)
(575,25)
(578,14)
(579,31)
(581,7)
(582,55)
(1005,3)
(1006,18)
(1007,2)
(1009,1)
(1010,2)
(1014,142)
(1015,137)
(1016,93)
(1018,7)
(1019,12)
(1020,5)
(1021,17)
(1022,17)
(1023,16)
(1024,16)
(1025,25)
(1026,34)
(1027,13)
(1061,20)
(1062,14)
(1066,3)
(1067,3)
(1068,6)
(1069,8)
(1070,4)
(1072,9)
(1073,1)
(1074,9)
(1075,9)
(1076,10)
(1077,7)
(1078,17)
(1079,15)
(1080,5)
(1081,20)
(1082,30)
(10080,39)
(10081,5)
(10082,4)
(10084,10)
(10085,31)
(10086,25)
(10087,58)
(10088,16)
(10089,12)
(10090,3)
(10091,79)
(10092,6)
(10093,33)
(10094,34)
(10095,44)
(10096,58)
(10097,7)
(10098,50)
(10134,75)
(10135,32)
(10136,45)
(10140,7)
(10142,6)
(10145,84)
(10146,45)
(10403,13)
(10406,4)
(71,11)
(72,13)
(73,24)
(74,8)
(75,11)
(77,4)
(78,48)
(79,9)
(82,29)
(60,4)
(62,9)
(63,7)
(64,5)
(65,5)
(66,16)
(67,27)
(68,23)
(69,35)
(118,9)
(119,15)
(120,5)
(121,6)
(122,18)
(124,36)
(126,17)
(127,17)
(128,2)
(104,10)
(106,14)
(107,12)
(108,1)
(110,22)
(111,26)
(112,23)
(115,15)
(116,10)
(179,42)
(181,92)
(182,26)
(225,20)
(226,57)
(227,4)
(228,38)
(229,8)
(230,41)
(231,3)
(164,13)
(166,16)
(168,11)
(169,8)
(170,81)
(171,28)
(172,19)
(173,17)
(176,22)
(272,19)
(274,72)
(275,23)
(277,3)
(387,6)
(388,24)
(520,3)
(522,3)
(570,75)
(259,82)
(263,134)
(264,3)
(265,24)
(266,15)
(267,1)
(268,34)
(269,24)
(270,131)
(1083,4)
(1084,12)
(1085,10)
(1087,17)
(1088,16)
(1089,12)
(1090,3)
(1091,11)
(1092,12)
(1413,106)
(1414,157)
(1415,29)
(10002,49)
(10005,1)
(10006,33)
(10007,70)
(10014,68)
(10017,7)
(584,14)
(586,67)
(587,8)
(589,7)
(591,27)
(1001,54)
(1002,68)
(1003,13)
(1004,4)
(1095,2)
(1096,1)
(1097,17)
(1103,19)
(1104,3)
(1107,37)
(1108,16)
(1111,17)
(1112,2)
(10053,16)
(10056,45)
(10057,32)
(10058,10)
(10062,31)
(10064,39)
(10065,10)
(10066,16)
(10068,24)
(10069,16)
(1,65)
(2,61)
(5,15)
(9,18)
(11,9)
(52,6)
(53,16)
(56,16)
(57,23)
(59,3)
(1167,68)
(1168,14)
(1169,43)
(1170,26)
(1171,136)
(1173,47)
(1175,40)
(1176,15)
(1177,8)
(10070,13)
(10071,28)
(10072,18)
(10073,10)
(10075,12)
(10076,54)
(10077,52)
(10078,19)
(10079,6)
(94,40)
(95,12)
(97,93)
(98,7)
(99,2)
(100,15)
(101,18)
(102,14)
(103,18)
(144,38)
(145,46)
(146,4)
(149,136)
(151,43)
(156,15)
(160,4)
(161,8)
(163,26)
(10572,1)
(10578,1)
(10579,1)
(10580,2)
(10581,4)
(10582,14)
(10583,2)
(10586,2)
(10587,1)
(1180,158)
(1181,173)
(1182,84)
(1184,36)
(1186,17)
(1187,47)
(1301,39)
(1302,10)
(1303,2)
(242,16)
(243,4)
(247,17)
(248,17)
(252,65)
(253,44)
(254,51)
(255,43)
(257,12)
(10099,7)
(10101,13)
(10104,22)
(10105,10)
(10106,3)
(10107,8)
(10108,25)
(10109,64)
(10111,6)
(1028,25)
(1029,13)
(1031,10)
(1032,1)
(1033,1)
(1034,24)
(1035,4)
(1036,35)
(1037,33)
(1038,10)
(1039,23)
(1040,5)
(1041,10)
(1042,12)
(1043,12)
(1045,4)
(1046,20)
(1047,5)
(1048,7)
(1049,6)
(1050,1)
(1051,3)
(1052,2)
(1053,8)
(1054,2)
(1055,9)
(1056,6)
(1057,5)
(1113,32)
(1114,6)
(1115,69)
(1121,23)
(1122,30)
(1123,24)
(1164,8)
(1165,146)
(1166,117)
(10113,31)
(10114,2)
(10115,32)
(10116,22)
(10117,36)
(10118,27)
(10119,37)
(10120,16)
(10121,7)
(10122,14)
(10123,1)
(10124,7)
(10127,36)
(10128,15)
(10130,14)
(10131,29)
(10132,3)
(10133,82)
(10408,15)
(10409,21)
(10410,23)
(10412,1)
(10414,28)
(10424,31)
(10568,42)
(10569,11)
(10570,6)
