(71,1)
(73,1)
(74,3)
(75,3)
(78,8)
(82,2)
(115,2)
(118,1)
(119,1)
(124,1)
(127,2)
(129,1)
(136,1)
(184,2)
(225,1)
(226,8)
(227,1)
(229,5)
(230,8)
(265,1)
(267,1)
(268,4)
(269,4)
(270,13)
(272,2)
(1009,1)
(1014,11)
(1015,11)
(1016,7)
(1018,3)
(1019,1)
(1020,1)
(1050,1)
(1053,2)
(1061,1)
(1066,2)
(1067,1)
(1068,2)
(1186,2)
(1187,6)
(1301,2)
(1413,19)
(1414,25)
(1415,5)
(10066,8)
(10068,6)
(10069,1)
(10071,1)
(10073,3)
(10076,5)
(10142,3)
(10145,7)
(10146,2)
(10403,1)
(10405,1)
(10406,2)
(1,2)
(2,9)
(5,1)
(9,1)
(59,2)
(67,1)
(68,2)
(84,2)
(87,4)
(88,1)
(93,5)
(94,4)
(95,2)
(97,4)
(98,1)
(99,1)
(100,2)
(102,1)
(103,4)
(137,1)
(138,2)
(139,1)
(143,7)
(144,4)
(145,4)
(104,1)
(106,1)
(107,4)
(110,2)
(111,2)
(112,2)
(171,1)
(172,2)
(173,1)
(176,2)
(179,4)
(181,8)
(149,11)
(156,1)
(161,1)
(164,2)
(168,3)
(170,4)
(231,1)
(232,3)
(233,2)
(236,3)
(237,3)
(238,1)
(253,2)
(254,7)
(255,5)
(257,2)
(259,5)
(263,6)
(274,4)
(275,2)
(571,2)
(572,1)
(574,3)
(576,1)
(239,2)
(240,6)
(242,8)
(243,1)
(247,4)
(248,10)
(252,5)
(578,1)
(579,2)
(581,1)
(582,5)
(584,3)
(587,2)
(1022,2)
(1023,6)
(1024,1)
(1026,4)
(1028,1)
(1029,2)
(589,2)
(1001,2)
(1002,6)
(1003,1)
(1004,2)
(1006,1)
(1036,3)
(1038,1)
(1039,1)
(1041,1)
(1043,1)
(1046,1)
(1078,1)
(1079,2)
(1080,2)
(1081,1)
(1082,1)
(1084,2)
(1085,1)
(1069,1)
(1070,1)
(1074,3)
(1075,1)
(1076,2)
(1077,1)
(1168,4)
(1169,3)
(1170,2)
(1171,6)
(1173,6)
(1175,3)
(1087,1)
(1088,1)
(1091,1)
(1092,1)
(1103,2)
(1107,3)
(10056,3)
(10057,4)
(10058,1)
(10062,1)
(10064,1)
(10065,1)
(10077,2)
(10078,3)
(10079,1)
(10080,2)
(10081,4)
(10082,2)
(1112,2)
(1113,1)
(1121,3)
(1165,7)
(1166,5)
(1167,10)
(1176,2)
(1177,1)
(1180,6)
(1181,16)
(1182,7)
(1184,3)
(10085,2)
(10086,3)
(10087,1)
(10088,1)
(10089,1)
(10090,1)
(10105,1)
(10106,2)
(10107,1)
(10108,2)
(10109,2)
(10113,1)
(10114,1)
(10002,12)
(10005,4)
(10006,4)
(10007,2)
(10013,1)
(10014,10)
(10053,5)
(10091,5)
(10093,5)
(10094,1)
(10096,3)
(10097,2)
(10098,1)
(10122,1)
(10124,1)
(10127,1)
(10128,2)
(10130,1)
(10131,2)
(10116,1)
(10117,2)
(10118,1)
(10119,2)
(10120,1)
(10121,3)
(10132,1)
(10133,2)
(10134,3)
(10135,2)
(10136,2)
(10140,4)
(10410,2)
(10414,2)
(10424,8)
(10568,1)
(10569,1)
(10638,8)
