(69,60)
(71,11)
(72,8)
(73,32)
(74,4)
(75,23)
(77,14)
(78,39)
(79,9)
(118,2)
(119,8)
(120,9)
(121,15)
(122,10)
(124,41)
(126,4)
(127,13)
(129,48)
(202,1)
(225,24)
(226,94)
(227,37)
(228,47)
(229,58)
(230,86)
(231,14)
(232,83)
(275,52)
(277,6)
(387,1)
(388,15)
(522,1)
(570,53)
(571,12)
(572,15)
(573,4)
(1031,11)
(1032,5)
(1033,22)
(1034,31)
(1035,14)
(1036,22)
(1037,27)
(1038,6)
(1039,31)
(1169,38)
(1170,7)
(1171,43)
(1173,33)
(1175,72)
(1176,38)
(1177,17)
(1180,159)
(1181,12)
(1182,24)
(1184,2)
(1186,16)
(1187,86)
(1301,1)
(1302,19)
(1303,40)
(1413,61)
(1414,154)
(1415,28)
(10002,15)
(10005,9)
(10007,2)
(10013,70)
(10014,10)
(10017,7)
(10053,2)
(10056,34)
(60,1)
(61,4)
(62,2)
(63,15)
(64,9)
(65,16)
(66,4)
(67,20)
(68,19)
(104,27)
(106,20)
(107,40)
(108,1)
(110,32)
(111,27)
(112,21)
(115,5)
(116,34)
(1,2)
(2,109)
(5,49)
(9,7)
(11,5)
(52,4)
(53,14)
(56,16)
(57,6)
(59,9)
(168,21)
(169,1)
(170,38)
(171,1)
(172,21)
(173,8)
(176,40)
(181,43)
(182,40)
(82,20)
(83,6)
(84,10)
(85,15)
(86,1)
(87,22)
(88,13)
(91,13)
(92,22)
(93,23)
(94,32)
(95,79)
(97,93)
(98,18)
(99,10)
(100,18)
(101,13)
(102,11)
(103,4)
(132,12)
(133,10)
(136,46)
(137,23)
(138,15)
(139,23)
(142,27)
(143,65)
(144,20)
(263,178)
(264,10)
(265,37)
(266,16)
(267,20)
(268,181)
(269,20)
(270,78)
(272,21)
(274,102)
(145,46)
(146,6)
(149,90)
(151,90)
(156,11)
(160,27)
(161,1)
(163,6)
(164,20)
(166,20)
(586,30)
(589,2)
(590,12)
(591,26)
(1001,74)
(1002,196)
(1004,10)
(1005,13)
(1006,78)
(233,44)
(234,125)
(236,46)
(237,40)
(238,84)
(239,30)
(240,23)
(241,19)
(242,23)
(574,58)
(575,13)
(576,13)
(577,2)
(578,8)
(579,140)
(581,7)
(582,30)
(584,29)
(1040,14)
(1041,7)
(1042,13)
(1043,11)
(1045,2)
(1046,15)
(1047,10)
(1048,16)
(1049,12)
(243,10)
(247,12)
(248,26)
(252,41)
(253,14)
(254,31)
(255,70)
(257,16)
(259,137)
(1050,2)
(1051,7)
(1052,4)
(1053,4)
(1054,4)
(1055,6)
(1056,10)
(1057,7)
(1059,4)
(1007,5)
(1008,2)
(1009,5)
(1010,1)
(1014,164)
(1015,198)
(1016,115)
(1018,18)
(1019,43)
(1020,13)
(1061,17)
(1062,16)
(1066,8)
(1067,5)
(1068,4)
(1069,4)
(1070,21)
(1072,5)
(1073,4)
(1074,11)
(1084,7)
(1085,16)
(1087,42)
(1088,10)
(1089,17)
(1090,1)
(1091,24)
(1092,27)
(1093,8)
(10057,72)
(10058,10)
(10062,30)
(10064,40)
(10065,19)
(10066,17)
(10068,56)
(10069,44)
(10070,31)
(1021,11)
(1022,13)
(1023,16)
(1024,17)
(1025,61)
(1026,15)
(1027,18)
(1028,9)
(1029,37)
(1096,1)
(1097,12)
(1103,24)
(1104,24)
(1107,31)
(1108,5)
(1111,81)
(1112,6)
(1113,70)
(10092,2)
(10093,84)
(10094,72)
(10095,15)
(10096,86)
(10097,74)
(10098,30)
(10099,12)
(10101,33)
(1075,8)
(1076,8)
(1077,8)
(1078,4)
(1079,6)
(1080,7)
(1081,26)
(1082,11)
(1083,2)
(1114,32)
(1115,92)
(1121,8)
(1122,41)
(1123,14)
(1164,77)
(1165,121)
(1166,139)
(1167,60)
(1168,39)
(10140,83)
(10141,7)
(10142,29)
(10145,93)
(10146,72)
(10403,14)
(10405,36)
(10406,39)
(10408,13)
(10082,37)
(10084,34)
(10085,38)
(10086,21)
(10087,25)
(10088,7)
(10089,18)
(10090,8)
(10091,33)
(10071,38)
(10072,17)
(10073,17)
(10075,17)
(10076,48)
(10077,30)
(10078,9)
(10079,54)
(10080,33)
(10081,13)
(10409,32)
(10410,49)
(10412,6)
(10414,30)
(10424,29)
(10568,42)
(10569,10)
(10570,1)
(10571,4)
(10127,65)
(10128,37)
(10130,35)
(10131,22)
(10132,26)
(10133,115)
(10134,16)
(10135,39)
(10136,48)
(10104,26)
(10105,16)
(10106,9)
(10107,7)
(10108,22)
(10109,60)
(10111,4)
(10113,34)
(10114,17)
(10572,1)
(10573,2)
(10574,1)
(10575,22)
(10580,1)
(10581,10)
(10582,1)
(10585,1)
(10638,86)
(10115,57)
(10116,11)
(10117,30)
(10118,33)
(10119,10)
(10120,32)
(10121,19)
(10122,10)
(10123,35)
(10124,2)
