(1,35)
(2,55)
(5,67)
(9,9)
(52,3)
(53,24)
(56,15)
(57,5)
(59,2)
(61,3)
(95,41)
(97,82)
(98,24)
(99,8)
(100,14)
(101,20)
(102,9)
(103,16)
(104,11)
(145,74)
(146,2)
(149,119)
(151,82)
(156,35)
(160,12)
(163,7)
(164,8)
(166,26)
(243,36)
(247,46)
(248,49)
(252,98)
(253,26)
(254,29)
(255,70)
(257,9)
(259,85)
(1006,13)
(1007,8)
(1008,1)
(1009,6)
(1010,1)
(1014,176)
(1015,207)
(1016,125)
(1018,10)
(1028,4)
(1029,39)
(1031,19)
(1033,25)
(1034,28)
(1035,12)
(1036,59)
(1037,37)
(1038,7)
(1039,27)
(1040,16)
(1041,30)
(1042,27)
(1043,19)
(1045,6)
(1046,12)
(1047,9)
(1048,21)
(1049,7)
(1167,53)
(1168,54)
(1169,34)
(1170,35)
(1171,50)
(1173,59)
(1175,72)
(1176,35)
(1177,25)
(10090,4)
(10091,10)
(10092,13)
(10093,80)
(10094,12)
(10095,16)
(10096,17)
(10097,18)
(10098,13)
(10099,32)
(10101,12)
(10104,30)
(10105,3)
(10106,3)
(10108,25)
(10109,86)
(10111,10)
(10113,36)
(10114,8)
(10115,55)
(10116,1)
(10117,96)
(10118,32)
(10119,33)
(10120,11)
(10121,9)
(10122,13)
(10406,16)
(10408,4)
(10409,17)
(10410,85)
(10412,9)
(10414,8)
(10424,18)
(10568,71)
(10569,7)
(62,5)
(63,4)
(64,11)
(65,12)
(66,5)
(67,11)
(68,13)
(69,31)
(71,11)
(72,11)
(73,16)
(74,9)
(75,4)
(77,2)
(78,53)
(79,16)
(82,12)
(83,7)
(106,44)
(107,18)
(108,2)
(110,60)
(111,33)
(112,22)
(115,3)
(116,34)
(118,4)
(119,30)
(120,18)
(121,6)
(122,18)
(124,26)
(126,3)
(127,4)
(128,1)
(129,90)
(84,9)
(85,20)
(86,1)
(87,20)
(88,20)
(91,18)
(92,22)
(93,33)
(94,28)
(132,11)
(133,18)
(136,55)
(137,63)
(138,22)
(139,69)
(142,14)
(143,116)
(144,13)
(168,13)
(169,6)
(170,67)
(171,18)
(172,4)
(173,8)
(176,26)
(179,3)
(181,43)
(233,56)
(234,114)
(236,46)
(237,60)
(238,58)
(239,16)
(240,26)
(241,3)
(242,9)
(263,140)
(264,10)
(265,38)
(266,11)
(267,32)
(268,129)
(269,26)
(270,110)
(272,45)
(182,37)
(184,20)
(225,15)
(226,118)
(227,37)
(228,93)
(229,48)
(230,73)
(231,16)
(232,106)
(573,6)
(574,84)
(575,19)
(576,15)
(577,15)
(578,10)
(579,151)
(581,3)
(582,61)
(274,71)
(275,52)
(277,5)
(387,1)
(388,17)
(520,2)
(570,55)
(571,15)
(572,11)
(1083,2)
(1084,14)
(1085,11)
(1087,62)
(1088,10)
(1089,10)
(1091,21)
(1092,20)
(1093,14)
(1019,34)
(1020,17)
(1021,26)
(1022,30)
(1023,33)
(1024,21)
(1025,38)
(1026,16)
(1027,5)
(1095,2)
(1096,1)
(1097,23)
(1103,26)
(1104,44)
(1107,66)
(1108,15)
(1111,73)
(1112,3)
(584,43)
(586,42)
(587,2)
(589,1)
(1001,175)
(1002,156)
(1003,2)
(1004,8)
(1005,11)
(1050,3)
(1051,8)
(1052,5)
(1053,11)
(1054,1)
(1055,7)
(1056,13)
(1057,17)
(1059,1)
(1113,64)
(1114,20)
(1115,93)
(1121,8)
(1122,59)
(1123,16)
(1164,63)
(1165,180)
(1166,153)
(1180,187)
(1181,16)
(1182,35)
(1184,7)
(1186,21)
(1187,96)
(1301,5)
(1302,17)
(1303,40)
(1413,66)
(1414,196)
(1415,29)
(10002,42)
(10005,23)
(10006,16)
(10007,2)
(10013,88)
(10014,4)
(1061,22)
(1062,22)
(1066,7)
(1067,13)
(1068,3)
(1069,9)
(1070,33)
(1072,9)
(1073,14)
(10069,30)
(10070,22)
(10071,114)
(10072,19)
(10073,16)
(10075,10)
(10076,8)
(10077,5)
(10078,12)
(1074,19)
(1075,10)
(1076,6)
(1077,12)
(1078,9)
(1079,7)
(1080,9)
(1081,36)
(1082,12)
(10017,11)
(10053,7)
(10056,91)
(10057,87)
(10058,22)
(10062,35)
(10064,50)
(10065,28)
(10066,23)
(10068,6)
(10079,13)
(10080,77)
(10081,50)
(10082,6)
(10085,3)
(10086,31)
(10087,50)
(10088,27)
(10089,23)
(10123,8)
(10124,6)
(10127,88)
(10128,19)
(10130,10)
(10131,12)
(10132,7)
(10133,19)
(10134,48)
(10570,2)
(10571,5)
(10574,1)
(10575,7)
(10580,9)
(10581,3)
(10582,1)
(10585,3)
(10638,25)
(10135,12)
(10136,76)
(10140,8)
(10141,1)
(10142,28)
(10145,77)
(10146,82)
(10403,49)
(10405,7)
