(69,31)
(71,8)
(72,11)
(73,11)
(74,7)
(75,3)
(77,2)
(78,40)
(79,3)
(116,13)
(118,10)
(119,7)
(120,4)
(121,1)
(122,16)
(124,39)
(126,2)
(127,18)
(179,27)
(181,43)
(182,15)
(225,4)
(226,33)
(227,9)
(228,30)
(229,13)
(270,64)
(272,18)
(274,46)
(275,29)
(277,2)
(387,1)
(388,3)
(520,1)
(522,8)
(1016,51)
(1018,4)
(1019,9)
(1020,7)
(1021,12)
(1022,41)
(1023,25)
(1024,9)
(1025,8)
(1036,44)
(1038,7)
(1039,18)
(1040,1)
(1041,6)
(1042,21)
(1043,8)
(1045,2)
(1046,17)
(1047,5)
(1048,1)
(1049,17)
(1050,4)
(1051,4)
(1052,4)
(1053,4)
(1054,3)
(1111,23)
(1112,2)
(1113,32)
(1114,1)
(1115,33)
(1121,17)
(1122,4)
(1123,6)
(1164,2)
(10095,15)
(10096,27)
(10097,24)
(10098,35)
(10099,9)
(10101,5)
(10104,19)
(10105,9)
(10106,18)
(59,6)
(60,3)
(62,2)
(63,4)
(64,10)
(65,7)
(66,7)
(67,9)
(68,29)
(103,26)
(104,10)
(106,10)
(107,20)
(108,3)
(110,25)
(111,33)
(112,24)
(115,21)
(164,9)
(166,23)
(168,7)
(169,1)
(170,91)
(171,13)
(172,18)
(173,9)
(176,17)
(82,17)
(83,11)
(84,8)
(85,5)
(86,3)
(87,31)
(88,9)
(91,3)
(92,13)
(1,47)
(2,68)
(5,14)
(9,2)
(11,10)
(52,6)
(53,17)
(56,23)
(57,9)
(129,32)
(132,13)
(133,10)
(136,23)
(137,44)
(138,10)
(139,24)
(142,7)
(143,101)
(230,29)
(232,32)
(233,6)
(234,8)
(236,33)
(237,8)
(238,4)
(239,10)
(240,31)
(93,26)
(94,22)
(95,26)
(97,53)
(98,15)
(99,3)
(100,10)
(101,17)
(102,11)
(257,11)
(259,40)
(263,62)
(264,10)
(265,10)
(266,10)
(267,8)
(268,22)
(269,16)
(570,12)
(571,9)
(572,8)
(573,11)
(574,14)
(575,25)
(576,13)
(577,2)
(578,4)
(144,21)
(145,67)
(146,3)
(149,125)
(151,50)
(156,8)
(160,1)
(161,8)
(163,6)
(1069,13)
(1070,12)
(1072,15)
(1073,8)
(1074,9)
(1075,4)
(1076,7)
(1077,12)
(1078,6)
(579,28)
(581,6)
(582,29)
(584,12)
(586,18)
(587,2)
(589,7)
(590,7)
(591,16)
(241,7)
(242,9)
(243,5)
(247,23)
(248,24)
(252,54)
(253,27)
(254,48)
(255,65)
(1165,88)
(1166,75)
(1167,37)
(1168,12)
(1169,28)
(1170,27)
(1171,75)
(1173,17)
(1175,26)
(1001,32)
(1002,35)
(1003,9)
(1005,4)
(1006,13)
(1007,7)
(1009,2)
(1014,84)
(1015,97)
(1055,3)
(1056,9)
(1057,8)
(1059,1)
(1061,6)
(1062,6)
(1066,8)
(1067,6)
(1068,12)
(1302,12)
(1303,3)
(1413,52)
(1414,145)
(1415,9)
(10002,27)
(10005,1)
(10007,10)
(10013,2)
(1026,24)
(1027,7)
(1028,8)
(1029,10)
(1031,4)
(1032,1)
(1033,3)
(1034,13)
(1035,5)
(1079,8)
(1080,11)
(1081,12)
(1082,10)
(1083,5)
(1084,14)
(1085,5)
(1087,18)
(1088,4)
(10014,30)
(10017,2)
(10053,21)
(10056,35)
(10057,26)
(10058,8)
(10062,24)
(10064,28)
(10065,15)
(10066,20)
(10068,24)
(10069,18)
(10070,4)
(10071,48)
(10072,30)
(10073,8)
(10075,10)
(10076,33)
(10077,18)
(10078,16)
(10079,26)
(10080,26)
(10081,11)
(10082,25)
(10084,4)
(10085,14)
(1089,10)
(1090,4)
(1091,3)
(1092,1)
(1097,18)
(1103,9)
(1104,6)
(1107,34)
(1108,5)
(10086,15)
(10087,31)
(10088,18)
(10089,7)
(10090,5)
(10091,45)
(10092,13)
(10093,18)
(10094,25)
(1176,10)
(1177,14)
(1180,33)
(1181,66)
(1182,57)
(1184,37)
(1186,6)
(1187,53)
(1301,41)
(10142,28)
(10145,72)
(10146,78)
(10403,4)
(10405,5)
(10406,16)
(10408,12)
(10409,20)
(10410,11)
(10118,13)
(10119,18)
(10120,37)
(10121,30)
(10122,15)
(10123,8)
(10124,2)
(10127,29)
(10128,16)
(10107,14)
(10108,15)
(10109,41)
(10111,11)
(10113,13)
(10114,2)
(10115,27)
(10116,18)
(10117,31)
(10130,8)
(10131,13)
(10132,18)
(10133,38)
(10134,31)
(10135,18)
(10136,31)
(10140,23)
(10141,6)
(10414,20)
(10424,40)
(10568,17)
(10569,15)
(10575,1)
(10582,12)
(10583,1)
(10638,69)
