(71,2)
(72,2)
(73,15)
(74,7)
(75,8)
(77,1)
(78,14)
(79,4)
(116,4)
(118,6)
(119,4)
(120,4)
(122,7)
(124,30)
(126,9)
(127,24)
(129,11)
(181,28)
(182,16)
(184,13)
(225,9)
(226,29)
(227,4)
(228,13)
(229,24)
(230,49)
(270,79)
(272,20)
(274,83)
(275,31)
(277,4)
(387,7)
(388,4)
(522,2)
(1037,16)
(1039,5)
(1040,7)
(1041,3)
(1042,2)
(1043,4)
(1045,1)
(1046,14)
(1048,2)
(1083,3)
(1084,6)
(1085,7)
(1087,11)
(1088,8)
(1089,12)
(1091,4)
(1092,4)
(1113,25)
(1114,7)
(1115,47)
(1121,16)
(1122,24)
(1123,14)
(1165,112)
(1166,97)
(1167,16)
(1168,14)
(1169,26)
(1170,22)
(1171,177)
(1173,13)
(1175,29)
(1176,21)
(1177,37)
(10096,26)
(10097,28)
(10098,31)
(10099,1)
(10101,28)
(10104,14)
(10105,4)
(10106,3)
(10107,5)
(10141,6)
(10142,14)
(10145,95)
(10146,21)
(10403,13)
(10405,3)
(10406,11)
(10408,12)
(10409,19)
(10410,7)
(10412,4)
(10414,5)
(10424,17)
(10568,23)
(10569,10)
(10582,10)
(10638,109)
(60,1)
(62,5)
(63,3)
(64,7)
(65,1)
(66,21)
(67,13)
(68,9)
(69,25)
(1,13)
(2,101)
(5,11)
(9,14)
(52,20)
(53,6)
(56,13)
(57,12)
(59,2)
(82,14)
(83,6)
(84,5)
(85,10)
(87,17)
(88,4)
(91,1)
(92,5)
(93,30)
(104,17)
(106,15)
(107,30)
(108,1)
(110,5)
(111,3)
(112,12)
(115,17)
(132,10)
(136,23)
(137,13)
(138,13)
(139,11)
(142,7)
(143,41)
(144,30)
(94,36)
(95,22)
(97,97)
(98,10)
(99,5)
(100,13)
(101,13)
(102,3)
(103,21)
(145,19)
(146,1)
(149,114)
(151,28)
(156,3)
(160,2)
(163,19)
(164,13)
(166,10)
(168,7)
(169,1)
(170,24)
(171,19)
(172,38)
(173,7)
(176,21)
(179,36)
(231,1)
(232,23)
(233,3)
(234,9)
(236,12)
(237,3)
(238,5)
(239,15)
(240,61)
(570,34)
(571,6)
(572,4)
(573,10)
(574,34)
(575,11)
(576,10)
(577,3)
(578,7)
(242,16)
(243,6)
(247,17)
(248,31)
(252,53)
(253,46)
(254,55)
(255,30)
(579,23)
(581,3)
(582,18)
(584,4)
(586,19)
(587,5)
(589,2)
(1001,19)
(1002,89)
(257,4)
(259,101)
(263,76)
(264,11)
(265,7)
(266,4)
(267,12)
(268,12)
(269,29)
(1003,4)
(1004,1)
(1005,3)
(1006,8)
(1007,2)
(1014,100)
(1015,98)
(1016,90)
(1027,26)
(1028,29)
(1029,8)
(1031,2)
(1033,6)
(1034,4)
(1035,2)
(1036,11)
(1049,3)
(1051,2)
(1052,5)
(1053,1)
(1054,1)
(1055,2)
(1056,4)
(1057,3)
(1061,11)
(1074,8)
(1075,3)
(1076,2)
(1077,6)
(1078,5)
(1079,12)
(1080,9)
(1081,21)
(1082,14)
(1018,6)
(1019,5)
(1020,4)
(1021,11)
(1022,9)
(1023,9)
(1024,12)
(1025,14)
(1026,28)
(1062,7)
(1066,6)
(1067,6)
(1068,4)
(1069,6)
(1070,7)
(1072,5)
(1073,10)
(10014,53)
(10017,7)
(10053,7)
(10056,30)
(10057,18)
(10058,9)
(10062,11)
(10064,32)
(10065,8)
(1095,1)
(1096,2)
(1097,8)
(1103,10)
(1104,2)
(1107,20)
(1108,3)
(1111,7)
(1112,1)
(1413,107)
(1414,106)
(1415,52)
(10002,24)
(10005,36)
(10006,29)
(10007,62)
(10013,1)
(10077,17)
(10078,13)
(10079,17)
(10080,22)
(10081,1)
(10082,21)
(10085,13)
(10086,14)
(10066,13)
(10068,7)
(10069,17)
(10070,7)
(10071,23)
(10072,29)
(10073,20)
(10075,16)
(10076,26)
(1180,57)
(1181,52)
(1182,31)
(1184,38)
(1186,13)
(1187,23)
(1301,36)
(1302,5)
(1303,2)
(10118,29)
(10119,17)
(10120,14)
(10121,8)
(10122,5)
(10123,5)
(10124,1)
(10127,26)
(10128,5)
(10087,25)
(10088,19)
(10089,7)
(10090,2)
(10091,22)
(10092,4)
(10093,40)
(10094,13)
(10095,18)
(10108,20)
(10109,26)
(10111,12)
(10113,6)
(10114,3)
(10115,20)
(10116,2)
(10117,19)
(10130,7)
(10131,9)
(10132,8)
(10133,32)
(10134,31)
(10135,13)
(10136,13)
(10140,28)
