(1,2)
(2,10)
(5,2)
(57,1)
(62,1)
(100,2)
(101,1)
(102,2)
(103,3)
(107,3)
(163,2)
(164,4)
(166,2)
(170,1)
(171,3)
(236,3)
(237,2)
(239,1)
(240,4)
(1006,1)
(1014,5)
(1015,9)
(1016,9)
(1023,1)
(1103,1)
(1107,2)
(1111,1)
(1115,1)
(1121,1)
(1165,5)
(1166,7)
(1167,5)
(1168,1)
(10053,3)
(10056,3)
(10057,4)
(10058,1)
(10134,1)
(10136,1)
(10140,2)
(10142,3)
(10145,10)
(67,1)
(68,2)
(69,1)
(71,1)
(72,1)
(110,1)
(111,1)
(112,4)
(124,3)
(126,1)
(172,1)
(173,1)
(176,1)
(179,1)
(87,2)
(95,5)
(97,1)
(98,2)
(242,2)
(247,1)
(248,3)
(252,8)
(253,2)
(139,1)
(145,1)
(146,1)
(149,10)
(160,1)
(571,1)
(574,3)
(575,1)
(579,2)
(586,2)
(227,1)
(228,1)
(230,4)
(232,2)
(233,5)
(587,4)
(1001,4)
(1002,6)
(1005,1)
(265,1)
(266,2)
(267,3)
(268,5)
(1176,6)
(1177,1)
(1180,5)
(1181,6)
(1182,2)
(10062,2)
(10070,1)
(10071,2)
(10072,3)
(10073,2)
(10082,2)
(10087,3)
(10094,1)
(10095,1)
(1074,1)
(1077,2)
(1078,1)
(1080,3)
(1097,1)
(10146,7)
(10403,2)
(10405,1)
(10406,1)
(10409,3)
(78,5)
(79,1)
(82,1)
(85,1)
(86,1)
(1184,3)
(1186,2)
(1187,4)
(1301,3)
(127,3)
(133,1)
(137,2)
(138,2)
(1303,1)
(1413,15)
(1414,9)
(1415,2)
(10002,10)
(10005,7)
(10006,3)
(10007,2)
(10013,1)
(10014,3)
(181,3)
(182,5)
(184,1)
(225,2)
(226,9)
(10128,1)
(10130,1)
(10131,2)
(10133,6)
(254,5)
(255,3)
(259,9)
(263,13)
(264,1)
(269,5)
(270,11)
(272,3)
(274,7)
(275,5)
(1025,1)
(1026,1)
(1036,1)
(1039,1)
(1056,1)
(1062,1)
(1070,1)
(1072,1)
(1073,2)
(1169,2)
(1170,1)
(1171,4)
(1173,4)
(1175,3)
(10075,2)
(10076,2)
(10078,2)
(10079,1)
(10080,1)
(10096,2)
(10097,2)
(10101,1)
(10104,2)
(10108,3)
(10111,1)
(10113,1)
(10115,2)
(10119,2)
(10120,1)
(10424,5)
(10568,1)
(10569,3)
(10638,10)
