10602,10603,10605,10624,10623,10622,10621,10620,10619,10606,72,10608,71,1181:1026
234,71,10608,72,10606,10619,10620,10621,10622,10624,10605,10603,10602,1069:502
10082,10593,10080,10632,10594,10595,10117,10087,10634,10609,10606,10608,71,1181:484
234,71,10608,72,10606,10619,10620,10621,10622,10623,10624,10605,10603,10602:472
10082,10593,10080,10632,10594,10595,10117,10087,10634,10609,10606,72,10608,1181:421
234,10608,72,10606,10634,10087,10117,10595,10594,10632,10080,10593,163,10082:396
97,10091,136,10081,137,139,88,137,10081,136,10084,10127,10091,97:388
234,71,10608,10606,10634,10087,10117,10595,10594,10632,10080,10593,163,10082:382
10612,10611,10636,10610,1034,10089,10635,1108,10618,10606,72,10608,71,1181:353
5,10602,10603,10605,10624,10623,10622,10621,10620,10619,10606,10608,71,1181:328
234,71,10608,72,10606,10634,10087,10117,10595,10594,10632,10593,163,10082:308
5,10602,10603,10605,10624,10623,10622,10621,10620,10619,10606,72,10608,1181:275
234,71,10608,72,10634,10087,10117,10595,10594,10632,10080,10593,163,10082:254
234,71,10608,72,10606,10619,10620,10621,10622,10623,10624,10605,10603,10600:244
1069,10602,10603,10605,10624,10623,10622,10621,10620,10619,10606,10608,71,1181:228
1108,10635,10089,1034,10610,10636,10617,10595,10594,10632,10080,10593,163,10082:200
10082,10593,10080,10632,10594,10595,10117,10087,10634,10609,72,10608,71,1181:190
10632,10594,10595,10117,10087,10633,10597,10634,10609,10606,72,10608,71,1181:182
234,71,10608,10606,10619,10620,10621,10622,10624,10605,10603,10602,1069,5:171
71,10608,72,10606,10634,10087,10117,10595,10594,10632,10080,10593,163,10082:166
1069,10602,10603,10605,10624,10623,10622,10621,10620,10619,10606,72,10608,1181:157
234,10608,72,10606,10619,10620,10621,10622,10623,10624,10605,10603,10602,5:152
5,10602,10603,10605,10624,10623,10622,10621,10620,10619,72,10608,71,1181:141
234,10608,72,10606,10619,10620,10621,10622,10624,10605,10603,10602,1069,5:133
234,71,10608,10606,10619,10620,10621,10622,10623,10624,10605,10603,10602,5:131
234,10608,72,10606,10619,10620,10621,10622,10623,10624,10605,10603,10602,1069:117
234,71,10608,72,10606,10619,10620,10621,10622,10623,10624,10605,10602,5:116
10128,10632,10594,10595,10117,10087,10633,10597,10634,10609,10606,10608,71,1181:108
234,71,10608,72,10619,10620,10621,10622,10623,10624,10605,10603,10602,5:107
234,71,10608,10606,10619,10620,10621,10622,10623,10624,10605,10603,10602,1069:105
10080,10632,10594,10595,10117,10087,10633,10597,10634,10609,10606,10608,71,1181:104
10088,10602,10603,10605,10624,10623,10622,10621,10620,10619,10606,10608,71,1181:103
1070,10602,10603,10605,10624,10623,10622,10621,10620,10619,10606,10608,71,1181:98
10406,10128,10632,10594,10595,10117,10087,10634,10609,10606,72,10608,71,1181:93
234,71,10608,72,10606,10620,10621,10622,10623,10624,10605,10602,1069,5:90
234,10608,72,10606,10619,10620,10621,10622,10624,10605,10603,10602,1069,237:89
10128,10632,10594,10595,10117,10087,10633,10597,10634,10609,10606,72,10608,1181:88
10088,1069,10602,10603,10605,10624,10623,10622,10621,10620,10619,10606,10608,1181:86
10593,10080,10632,10594,10595,10117,10087,10634,10609,10606,72,10608,71,1181:86
234,71,10608,72,10606,10620,10621,10622,10623,10624,10605,10602,1069,237:83
10082,10593,10080,10594,10595,10117,10087,10634,10609,10606,72,10608,71,1181:79
234,71,10608,10606,10619,10620,10621,10622,10624,10605,10603,10602,1069,237:77
10591,10082,10593,10080,10632,10594,10595,10117,10087,10633,10597,10634,10609,10618:77
234,10608,72,10606,10619,10620,10621,10622,10623,10624,10605,10603,10602,237:76
234,10608,10606,10634,10597,10633,10117,10595,10594,10632,10080,10593,163,10082:74
10603,10605,10624,10623,10622,10621,10620,10619,10606,72,10608,71,1181,269:74
10618,10635,10089,1034,10610,10636,10617,10595,10594,10632,10080,10593,163,10082:73
234,71,10608,72,10606,10634,10087,10117,10595,10594,10632,10080,10593,10108:73
234,71,10608,72,10606,10634,10087,10117,10595,10594,10632,10080,10593,10626:72
10602,10603,10605,10624,10623,10622,10621,10620,10619,10038,10606,10608,71,1181:71
234,71,10608,72,10606,10620,10622,10623,10624,10605,10603,10602,1069,5:71
234,10608,72,10606,10619,10620,10621,10622,10624,10605,10603,10602,1069,1070:70
234,71,10608,10606,10619,10620,10621,10622,10624,10605,10603,10602,1069,1070:69
1164,2,1079,1080,1078,1076,1075,1075,1076,1078,2,10005,1,93:68
234,71,10608,10606,10619,10620,10621,10622,10623,10624,10605,10603,10602,237:67
10602,10603,10605,10624,10623,10622,10621,10620,10619,10038,10606,72,10608,1181:66
10602,10603,10605,10624,10623,10622,10621,10620,10033,10619,10606,10608,71,1181:65
234,71,10608,72,10606,1108,10635,10089,1034,10610,10636,10611,10612,10637:65
10082,10593,10632,10594,10595,10117,10087,10634,10609,10606,72,10608,71,1181:64
234,71,10608,72,10619,10620,10621,10622,10623,10624,10605,10603,10602,237:63
234,71,10608,72,10606,10634,10087,10117,10595,10594,10632,10080,10593,163:62
234,71,10608,72,10619,10620,10621,10622,10623,10624,10605,10603,10602,1069:62
10088,10602,10603,10605,10624,10623,10622,10621,10620,10619,10606,72,10608,1181:61
10082,10593,10080,10632,10594,10595,10117,10087,10634,10609,10606,72,10608,71:60
234,71,10608,72,10606,10619,10620,10621,10622,10623,10624,10605,10602,1069:59
10602,10603,10605,10624,10623,10622,10621,10620,10619,10606,10608,71,71,1181:59
10082,10593,10080,10632,10594,10595,10117,10087,10633,10597,10634,10609,10618,1181:58
234,71,10608,72,10606,10634,10597,10633,10087,10117,10595,10594,10632,10080:57
5,10602,10603,10605,10624,10623,10622,10621,10620,10606,72,10608,71,1181:57
1070,10602,10603,10605,10624,10623,10622,10621,10620,10619,10606,72,10608,1181:56
10602,10603,10605,10624,10623,10622,10621,10620,10033,10619,10038,10606,10608,1181:56
10625,10603,10605,10624,10623,10622,10621,10620,10619,10606,72,10608,71,1181:56
10080,10632,10594,10595,10117,10087,10633,10597,10634,10609,10606,72,10608,1181:55
10637,10611,10636,10610,1034,10089,10635,1108,10618,10606,72,10608,71,1181:55
10082,10593,10080,10632,10594,10595,10117,10087,10609,10606,72,10608,71,1181:54
10605,10624,10623,10622,10621,10620,10033,10619,10038,10606,72,10608,71,1181:53
1069,10602,10603,10605,10624,10623,10622,10621,10620,10606,72,10608,71,1181:53
234,71,10608,72,10606,10619,10620,10621,10622,10623,10624,10605,10602,237:52
234,71,10608,72,10606,10634,10087,10595,10594,10632,10080,10593,163,10082:52
10082,10593,10080,10632,10594,10595,10117,10087,10634,10609,10606,72,71,1181:52
10603,10605,10624,10623,10622,10621,10620,10619,10038,10606,72,10608,71,1181:50
10082,10593,10080,10632,10594,10595,10117,10613,10620,10619,10606,10608,71,1181:50
234,71,10608,72,10606,10038,10619,10620,10621,10622,10623,10624,10605,10603:49
97,10091,136,10081,137,139,139,137,10081,136,10084,10127,10091,97:49
10108,10080,10632,10594,10595,10117,10087,10634,10609,10606,72,10608,71,1181:49
234,71,10608,72,10606,10634,10117,10595,10594,10632,10080,10593,163,10082:49
270,1173,156,10568,10122,59,10104,10068,1018,10126,160,10070,172,10071:47
10602,10603,10605,10624,10623,10622,10621,10620,10033,10619,10606,72,10608,1181:47
10130,10088,10602,10603,10605,10624,10623,10622,10621,10620,10619,10608,71,1181:46
10568,10122,59,10104,10068,1018,10126,10126,1018,10068,10104,59,10122,10568:45
234,71,10608,72,10606,10619,10620,10621,10622,10624,10605,10603,10600,1070:45
269,234,71,10608,72,10606,10619,10620,10621,10622,10623,10624,10605,10603:45
10082,10593,10080,10632,10594,10595,10117,10634,10609,10606,72,10608,71,1181:44
1069,10602,10603,10605,10624,10623,10622,10621,10620,10619,72,10608,71,1181:43
10080,10632,10594,10595,10117,10087,10633,10597,10634,10609,72,10608,71,1181:43
5,10602,10603,10605,10624,10623,10622,10621,10620,10619,10606,72,10608,71:42
10602,10603,10605,10624,10623,10622,10621,10620,10619,72,10608,71,71,1181:42
74,10128,10632,10594,10595,10117,10087,10634,10609,10606,72,10608,71,1181:42
10130,10088,10602,10603,10605,10624,10623,10622,10621,10620,10619,72,10608,1181:42
10082,10593,10080,10632,10594,10595,10117,10087,10633,10597,10634,10609,10608,1181:41
10068,1018,10126,160,10070,172,10082,10593,10080,10632,10594,10595,10117,10087:41
10128,10632,10594,10595,10117,10087,10633,10597,10634,10609,72,10608,71,1181:41
71,10608,72,10606,10619,10620,10621,10622,10623,10624,10605,10603,10602,1069:41
10602,10603,10605,10624,10623,10622,10621,10620,10619,10606,10608,71,1181,269:41
10082,10080,10632,10594,10595,10117,10087,10634,10609,10606,72,10608,71,1181:40
234,71,10608,72,10606,10620,10621,10622,10623,10624,10605,10602,1069,1070:40
234,10608,72,10606,10634,10597,10633,10117,10595,10594,10632,10593,163,10082:39
71,10608,72,10606,10619,10620,10621,10622,10623,10624,10605,10603,10602,5:39
234,10608,10634,10597,10633,10087,10117,10595,10594,10632,10080,10593,163,10082:39
71,10608,72,10606,10619,10620,10621,10622,10624,10605,10603,10602,1069,5:39
10600,10612,10611,10636,10610,1034,10089,10635,1108,10618,10606,10608,71,1181:39
234,71,10608,72,10606,10634,10087,10117,10595,10594,10080,10593,163,10082:38
234,71,10608,10606,10038,10619,10620,10621,10622,10623,10624,10605,10603,10602:37
10620,10621,10622,10623,10624,10605,10603,10602,1069,237,10088,10130,73,240:36
234,71,10608,10634,10597,10633,10117,10595,10594,10632,10080,10593,163,10082:36
10611,10636,10610,1034,10089,10635,1108,10618,10606,72,10608,71,71,1181:35
234,71,10608,72,10606,10619,10620,10620,10619,10606,72,10608,71,1181:35
10600,10612,10611,10636,10610,1034,10089,10635,10618,10606,72,10608,71,1181:35
234,10608,10606,10619,10620,10621,10622,10624,10605,10603,10602,1069,10056,10057:34
10082,10593,10080,10632,10594,10595,10117,10087,10633,10597,10634,10609,10606,10608:33
1030,10406,10128,10632,10594,10595,10117,10087,10634,10609,10606,10608,71,1181:33
266,10082,10593,10080,10632,10594,10595,10117,10087,10634,10609,10606,10608,1181:33
1030,10128,10632,10594,10595,10117,10087,10634,10609,10606,72,10608,71,1181:33
10128,10632,10594,10595,10117,10087,10634,10609,10606,72,10608,71,71,1181:32
10603,10605,10624,10623,10622,10621,10620,10619,10606,72,10608,71,71,1181:32
234,10608,10606,10619,10620,10621,10622,10624,10605,10603,10602,1069,237,10088:32
234,71,10608,72,10606,10634,10597,10633,10117,10595,10594,10632,10080,10593:31
10602,10603,10605,10624,10623,10622,10621,10620,10619,72,10608,71,1181,269:31
10410,10602,10603,10605,10624,10623,10622,10621,10620,10619,10606,10608,71,1181:31
234,10608,72,10606,10038,10619,10620,10621,10622,10623,10624,10605,10603,10602:31
234,10608,72,10634,10597,10633,10117,10595,10594,10632,10080,10593,163,10082:31
10617,10595,10594,10632,10593,163,10082,10082,10593,10080,10632,10594,10595,10117:30
92,1055,1057,10099,10092,91,1056,10064,10078,10090,93,93,108,115:30
10611,10636,10610,1034,10089,10089,10635,1108,10618,10606,72,10608,71,1181:30
234,71,10608,10606,10634,10597,10633,10087,10117,10595,10594,10632,10080,10593:30
1070,10602,10603,10605,10624,10623,10622,10621,10620,10619,72,10608,71,1181:30
234,71,10608,10606,10634,10597,10633,10117,10595,10594,10632,10593,163,10082:30
234,71,10608,72,10606,10620,10621,10622,10623,10624,10605,10603,10602,1069:30
234,10608,10606,10619,10620,10621,10622,10623,10624,10605,10603,10602,1069,5:30
269,234,10608,72,10606,10619,10620,10621,10622,10624,10605,10603,10602,1069:30
179,1069,10602,10605,10624,10623,10622,10621,10620,10606,72,10608,71,1181:30
10603,10605,10624,10623,10622,10621,10620,10033,10619,10038,10606,10608,71,1181:29
10088,1069,10602,10605,10624,10623,10622,10621,10620,10606,72,10608,71,1181:29
234,71,10608,72,10606,10619,10620,10621,10622,10623,10624,10605,10602,10616:29
10133,1067,1068,1073,1077,1079,1079,1077,1074,1016,1073,1068,1067,10133:29
234,71,10608,72,10606,10618,10635,10089,1034,10610,10636,10611,10612,10637:28
234,10608,72,10606,10634,10597,10633,10087,10117,10595,10594,10632,10080,10593:28
10088,10602,10603,10605,10624,10623,10622,10621,10620,10619,72,10608,71,1181:28
234,10608,10606,10634,10597,10633,10087,10117,10595,10594,10632,10593,163,10082:28
234,10608,72,10619,10620,10622,10623,10624,10605,10603,10602,237,10088,10130:28
1069,10602,10603,10605,10624,10623,10622,10621,10620,10619,10606,72,10608,71:28
10612,10611,10636,10610,181,1034,10089,10635,1108,10618,10606,10608,71,1181:28
10082,10593,10080,10632,10117,10087,10633,10597,10634,10606,72,10608,71,1181:28
10130,10088,10602,10603,10605,10624,10623,10622,10621,10620,10619,10606,10608,1181:28
10600,10612,10611,10636,10610,1034,10089,10635,1108,10618,10606,72,10608,1181:27
228,10620,10621,10622,10623,10624,10605,10603,10602,237,10088,10130,73,240:27
10033,10033,10033,10033,10033,10033,10033,10033,10033,10033,10033,10033,10033,10033:27
269,234,71,10608,10606,10619,10620,10621,10622,10624,10605,10603,10602,1069:27
234,71,10608,72,10606,10634,10087,10117,10595,10594,10632,10080,10593,10082:27
10057,10056,10602,10603,10605,10624,10623,10622,10621,10620,10619,10606,10608,1181:26
10616,10602,10603,10605,10624,10623,10622,10621,10620,10619,10606,10608,71,1181:26
234,10608,72,10606,10634,10087,10117,10595,10594,10632,10080,10593,10626,10406:26
10128,10632,10594,10595,10117,10623,10622,10621,10620,10619,10606,10608,71,1181:26
1070,10602,10603,10605,10624,10623,10622,10621,10620,10606,72,10608,71,1181:26
10082,10593,10080,10632,10594,10595,10117,10087,10634,10606,72,10608,71,1181:26
234,71,10608,10606,10038,10619,10620,10621,10622,10623,10624,10605,10603,10600:26
10082,10593,10080,10632,10594,10595,10117,10613,10620,10619,10606,72,10608,1181:26
234,10608,10619,10620,10621,10622,10623,10624,10605,10603,10602,237,10088,10130:25
71,10608,72,10606,10619,10620,10621,10622,10624,10605,10603,10602,1069,1070:25
10406,10128,10632,10594,10595,10117,10087,10633,10597,10634,10609,10606,10608,1181:25
10602,10603,10605,10624,10623,10622,10621,10620,10619,10606,72,10608,1181,269:25
10621,10622,10623,10624,10605,10603,10602,237,10088,10130,73,275,238,254:25
71,10608,10606,10634,10597,10633,10117,10595,10594,10632,10080,10593,163,10082:25
10616,10602,10603,10605,10624,10623,10622,10621,10620,10619,10606,72,10608,1181:25
10620,10621,10622,10624,10605,10603,10602,1069,1070,10629,10615,10086,10105,10118:25
10057,10056,10595,10117,10087,10633,10597,10634,10609,10606,72,10608,71,1181:25
10080,10632,10594,10595,10117,10087,10634,10609,10606,72,10608,71,71,1181:25
10612,10611,10636,10610,1034,10089,10635,1108,10618,10606,10608,71,71,1181:24
1031,10108,10080,10632,10594,10595,10117,10087,10634,10609,10606,10608,71,1181:24
234,71,10608,72,10634,10597,10633,10087,10117,10595,10594,10632,10080,10593:24
10592,10593,10080,10632,10594,10595,10117,10087,10634,10609,10606,10608,71,1181:24
234,10608,10606,10619,10620,10621,10622,10623,10624,10605,10603,10602,237,10088:24
10621,10622,10624,10605,10603,10602,1069,1070,10629,10615,10086,10105,10118,10140:24
10082,10593,10080,10632,10594,10595,10117,10087,10633,10597,10634,10609,72,10608:24
234,10608,72,10606,10619,10620,10621,10622,10624,10605,10603,10602,1069,53:23
10128,10632,10594,10595,10117,10087,10613,10620,10619,10606,72,10608,71,1181:23
10068,1018,10126,160,10070,10082,10593,10080,10632,10594,10595,10117,10087,10613:23
10057,10056,5,10602,10603,10605,10624,10623,10622,10621,10620,10619,10608,1181:23
234,71,10608,10606,10634,10087,10117,10595,10594,10632,10080,10593,10626,10406:23
234,71,10608,72,10606,10620,10622,10623,10624,10605,10603,10602,1069,237:23
234,71,10608,72,10606,1108,10635,10089,1034,10610,10636,10611,1070,181:23
10591,10082,10593,10080,10632,10594,10595,10117,10087,10634,10609,72,10608,1181:23
10603,10625,10595,10117,10087,10633,10597,10634,10609,10606,72,10608,71,1181:23
10612,10611,10636,181,10610,1034,10089,10635,1108,10618,10606,72,10608,1181:23
10620,10621,10622,10623,10624,10605,10603,10602,237,10088,10130,73,275,1026:22
10082,10593,10080,10632,10594,10625,10603,10625,10594,10632,10080,10593,163,10082:22
234,71,10608,72,10606,10620,10622,10623,10624,10605,10603,10602,1069,1070:22
10082,10082,10593,10080,10632,10594,10595,10117,10087,10633,10597,10634,10609,10618:22
5,10602,10603,10605,10624,10623,10622,10621,10620,10619,10606,72,71,1181:22
10608,10606,10634,10597,10633,10087,10117,10595,10594,10632,10080,10593,163,10082:22
10146,10145,1166,10568,10122,59,10104,10068,1018,10126,160,10070,173,172:22
234,10608,72,10606,10619,10620,10621,10622,10623,10624,10605,10602,1069,5:22
10602,10603,10605,10624,10623,10622,10621,10621,10622,10623,10624,10605,10603,10602:22
10071,10070,10126,1018,10068,172,172,10104,59,10122,10568,156,1173,270:22
10082,10593,10080,10594,10595,10117,10087,10633,10597,10634,10609,10606,10608,1181:22
10410,5,10602,10603,10605,10624,10623,10622,10621,10620,10619,10606,10608,1181:22
5,10603,10605,10624,10623,10622,10621,10620,10619,10606,72,10608,71,1181:22
10591,10082,10593,10080,10632,10594,10595,10117,10087,10634,10609,10608,71,1181:22
234,10608,10606,10619,10620,10621,10622,10623,10624,10605,10602,237,10088,10130:22
1164,1,2,1078,1076,1075,1075,1076,1078,10628,2,10005,1,93:22
1108,10635,10089,1034,10610,10636,10624,10605,10603,10602,1069,237,10088,10130:22
10593,10080,10632,10594,10595,10117,10087,10633,10597,10634,10609,10606,10608,1181:22
1002,1001,579,149,10568,10122,59,10104,10068,1018,10126,160,10070,172:22
10130,10088,179,10602,10603,10605,10624,10623,10622,10621,10620,10619,10608,1181:22
234,71,10608,72,10606,10634,10597,10633,10117,10595,10594,10632,10080,10406:22
1067,1068,1073,1074,1077,1079,1080,1079,1077,1074,1073,1068,1067,10133:21
10620,10621,10622,10623,10624,10605,10603,10603,10605,10624,10623,10622,10621,10620:21
270,1173,156,10568,10122,59,10104,10068,1018,10126,160,10070,173,172:21
97,10091,136,10081,137,139,1042,87,10103,10129,248,10013,10014,270:21
10608,72,10606,10634,10597,10633,10117,10595,10594,10632,10080,10593,163,10082:21
10603,10605,10624,10623,10622,10621,10620,10033,10619,10606,72,10608,71,1181:21
10612,10611,10636,10610,1034,10089,10635,10618,10606,72,10608,71,71,1181:21
95,1164,2,1031,10108,10088,10602,10603,10605,10624,10623,10622,10621,10620:21
10602,10603,10605,10624,10623,10622,10621,10620,10619,10038,72,10608,71,1181:21
234,71,10608,72,10606,10619,10620,10621,10622,10624,10605,10603,10602,5:21
234,71,10608,10606,10634,10597,10633,10117,10595,10594,10632,10080,10593,10626:21
252,10626,161,10592,10070,10126,1018,10068,1018,10126,160,10070,10082,252:21
234,10608,10606,10619,10620,10621,10622,10623,10624,10605,10603,10602,1069,1070:21
234,71,10608,10606,10619,10620,10621,10622,10623,10624,10605,10602,1069,5:21
234,71,10608,72,10606,10634,10087,10117,10595,10594,10632,10080,10593,10406:21
1164,1,2,266,10082,10593,10080,10632,10594,10595,10117,10087,10633,10597:21
10616,10602,10603,10605,10624,10623,10622,10621,10620,10619,72,10608,71,1181:20
10612,10611,10636,181,10610,1034,10089,10635,1108,10618,10606,10608,71,1181:20
234,71,10608,10606,10619,10620,10621,10622,10623,10624,10605,10603,10602,10616:20
269,234,71,10608,72,10606,10619,10620,10621,10622,10623,10624,10605,10602:20
71,10608,72,10606,10619,10620,10621,10622,10624,10605,10603,10602,1069,237:20
1002,1001,579,149,10568,10122,59,10104,10068,1018,10126,160,10070,173:20
234,71,72,10606,10634,10087,10117,10595,10594,10632,10080,10593,163,10082:20
10082,10593,10080,10632,10594,10595,10117,10613,10620,10606,72,10608,71,1181:19
234,10608,72,10606,10619,10620,10621,10622,10623,10624,10605,10602,10056,10057:19
10088,1069,10602,10603,10605,10624,10623,10622,10621,10620,10606,72,10608,1181:19
1164,2,10628,10108,10130,10088,10602,10603,10605,10624,10623,10622,10621,10620:19
10057,10056,10602,10603,10605,10624,10623,10622,10621,10620,10619,10608,71,1181:19
10612,10611,10636,10610,1034,181,10089,10635,1108,10618,10606,10608,71,1181:19
10082,10593,10080,10632,10594,10595,10087,10634,10609,10606,72,10608,71,1181:19
234,10608,72,10606,10619,10620,10621,10622,10623,10624,10605,10603,10602,10616:19
10612,10611,181,10636,10610,1034,10089,10635,1108,10618,10606,10608,71,1181:19
234,10608,72,10606,10634,10087,10117,10595,10594,10632,10080,10406,1030,10085:19
100,10066,1001,1003,1004,1005,1006,1005,1004,1001,10066,102,91,1056:19
234,10608,72,10619,10620,10621,10622,10623,10624,10605,10603,10602,1069,237:19
234,71,10608,10619,10620,10622,10623,10624,10605,10603,10602,237,10088,10130:19
234,71,10608,72,10606,10038,10619,10620,10621,10622,10623,10624,10605,10624:19
10612,10611,10636,181,10610,10089,10635,1108,10618,10606,72,10608,71,1181:19
1069,10602,10603,10605,10624,10623,10622,10621,10620,10619,10606,72,71,1181:19
241,5,10602,10603,10605,10624,10623,10622,10621,10620,10619,10606,10608,1181:19
10406,10128,10632,10594,10595,10117,10087,10633,10597,10634,10609,10608,71,1181:19
10620,10621,10622,10623,10624,10605,10603,10602,237,10088,10130,73,275,254:19
234,10608,72,10606,10619,10620,10621,10622,10624,10605,10603,10602,1069,274:18
73,179,1069,10602,10605,10624,10623,10622,10621,10620,10606,10608,71,1181:18
10592,10593,10080,10632,10594,10595,10117,10087,10634,10609,10606,72,10608,1181:18
269,234,10608,72,10606,10619,10620,10621,10622,10623,10624,10605,10603,10602:18
269,234,71,10608,10606,10619,10620,10621,10622,10623,10624,10605,10602,10616:18
85,84,92,1055,1057,10099,10092,91,1056,10064,10078,10090,93,1164:18
95,97,10091,129,582,584,582,522,10136,129,10084,10127,10091,97:18
10615,1070,10602,10605,10624,10623,10622,10621,10620,10606,72,10608,71,1181:18
82,10602,10603,10605,10624,10623,10622,10621,10620,10619,10606,10608,71,1181:18
266,10082,10593,10080,10632,10594,10595,10117,10087,10633,10597,10634,10609,10618:18
10082,10593,10080,10632,10594,10595,10087,10633,10597,10634,10609,10608,71,1181:18
234,10608,10606,10634,10087,10117,10595,10594,10632,10080,10593,163,10082,173:18
5,10602,10603,10605,10624,10623,10622,10621,10620,10619,10038,10606,10608,1181:18
10612,10611,10636,10610,181,10089,10635,1108,10618,10606,72,10608,71,1181:18
269,234,71,10608,10606,10619,10620,10621,10622,10623,10624,10605,10603,10602:18
10082,10593,10632,10594,10595,10117,10087,10633,10597,10634,10609,10606,10608,1181:17
234,71,10608,72,10606,10618,1108,10635,10089,1034,10610,10636,10611,10612:17
234,10608,72,10619,10620,10621,10622,10623,10624,10605,10603,10602,1069,5:17
10088,1069,10602,10603,10605,10624,10623,10622,10621,10620,10619,10606,72,10608:17
71,10608,72,10606,10038,10619,10620,10621,10622,10623,10624,10605,10603,10602:17
10612,10611,10636,10610,1034,181,10089,10635,1108,10618,10606,72,10608,1181:17
234,71,10608,10619,10620,10621,10622,10623,10624,10605,10603,10602,1069,5:17
234,10608,72,10606,10634,10087,10117,10595,10594,10632,10080,163,10593,10082:17
10128,10632,10594,10595,10117,10087,10633,10597,10634,10606,72,10608,71,1181:17
139,137,10081,136,10084,10127,10091,97,97,10091,136,10081,137,139:17
10133,1067,1068,1073,1074,1077,1079,1079,1077,1074,1016,1073,1068,1067:17
10082,10593,10080,10632,10594,10595,10117,10087,10634,10609,10608,71,71,1181:17
234,10608,72,10634,10597,10633,10087,10595,10594,10632,10080,10593,163,10082:17
10612,10611,10636,10610,1034,10089,10089,10635,1108,10618,10606,10608,71,1181:17
137,10081,136,10084,10127,10091,97,95,97,10091,136,10081,137,139:17
234,10608,72,10619,10620,10621,10622,10623,10624,10605,10603,10602,237,10088:17
265,1066,1067,1068,1073,10116,78,1077,1074,1073,1068,1067,1066,10002:17
10082,10593,10080,10632,10594,10595,10117,10087,10633,10597,10609,10606,10608,1181:17
10140,10118,10105,10086,10615,1070,10602,10603,10605,10624,10623,10622,10621,10620:17
234,71,10608,72,10606,10634,10597,10633,10117,10595,10594,10632,10593,163:17
10626,10080,10632,10594,10595,10117,10087,10634,10609,10606,72,10608,71,1181:17
226,97,10091,136,10081,137,137,10081,136,10084,10127,10091,97,1413:17
234,10608,10606,10619,10620,10621,10622,10623,10624,10605,10603,10602,1069,237:16
1115,1082,1121,11,9,10582,10583,10584,10585,582,136,10081,137,139:16
10620,10621,10622,10623,10624,10605,10603,10602,237,10088,10130,73,275,10075:16
10621,10622,10624,10605,10603,10602,1069,237,10088,10130,73,275,238,254:16
10082,10593,10080,10632,10594,10595,10617,10595,10594,10632,10080,10593,163,10082:16
234,71,10608,72,10619,10620,10622,10623,10624,10605,10603,10602,237,10088:16
234,71,10608,72,10606,10087,10117,10595,10594,10632,10080,10593,163,10082:16
266,10082,10593,10080,10632,10594,10595,10117,10087,10634,10609,10608,71,1181:16
10145,1166,1015,1016,1074,1077,1080,1079,1077,1074,1016,1015,1166,10145:16
10410,10602,10603,10605,10624,10623,10622,10621,10620,10619,10606,72,10608,1181:16
234,71,10608,10606,10619,10620,10621,10622,10623,10624,10605,10602,10056,10057:16
234,10608,10606,10620,10622,10623,10624,10605,10603,10602,1069,237,10088,10130:16
10603,10605,10624,10623,10622,10621,10620,10033,10619,10038,10606,72,10608,1181:16
234,10608,72,10606,10038,10619,10620,10621,10622,10623,10624,10605,10603,10600:16
1067,1068,1073,1074,1077,1079,1079,1077,1074,1016,1073,1068,1067,10133:16
234,10608,10606,10619,10620,10621,10622,10624,10605,10603,10602,1069,1070,1014:16
10082,10593,10080,10632,10594,10595,10117,10617,10595,10594,10632,10593,163,10082:16
10612,10611,181,10636,10610,10089,10635,1108,10618,10606,72,10608,71,1181:16
10620,10621,10622,10623,10624,10605,10603,10602,10629,10615,10086,10105,10118,10140:16
234,71,10608,10606,10634,10597,10633,10087,10117,10595,10594,10632,10080,10406:16
71,10608,72,10606,10619,10620,10621,10622,10623,10624,10605,10603,10602,237:16
10064,91,10092,10099,1057,92,92,1055,1057,10099,10092,91,1056,10064:16
234,71,10608,10619,10620,10621,10622,10623,10624,10605,10603,10602,1069,237:16
1031,10108,10080,10632,10594,10595,10117,10087,10634,10609,10606,72,10608,1181:15
10140,10118,10105,10086,10615,1070,10602,10603,10605,10624,10623,10622,10621,10613:15
10620,10621,10622,10624,10605,10603,10602,1069,237,10088,10130,73,275,1026:15
143,145,142,144,574,574,144,142,145,143,143,145,142,144:15
234,71,10608,10619,10620,10621,10622,10623,10624,10605,10603,10602,237,10088:15
234,71,10608,72,10619,10620,10621,10622,10623,10624,10605,10603,10602,10615:15
85,84,92,1055,1057,10099,10092,91,1056,10064,10078,10090,93,93:15
71,10608,72,10606,10038,10619,10620,10621,10622,10623,10624,10605,10603,10600:15
10611,10636,10610,1034,10089,10635,1108,10618,10606,72,10608,71,1181,269:15
269,234,10608,10606,10634,10087,10117,10595,10594,10632,10080,10593,163,10082:15
10128,10594,10595,10117,10087,10633,10597,10634,10609,10606,72,10608,71,1181:15
10621,10622,10623,10624,10605,10603,10602,10602,10603,10605,10624,10623,10622,10621:15
234,71,72,10606,10619,10620,10621,10622,10623,10624,10605,10602,1069,5:15
74,10128,10632,10594,10595,10117,10087,10633,10597,10634,10609,10606,10608,1181:15
10612,10611,10636,10610,181,1034,10089,10635,1108,10618,10606,72,10608,1181:15
1069,10602,10605,10624,10623,10622,10621,10620,10606,72,10608,71,71,1181:15
1070,10602,10603,10605,10624,10623,10622,10621,10620,10619,10606,72,10608,71:15
10130,10088,1069,10602,10603,10605,10624,10623,10622,10621,10620,10606,10608,1181:15
10410,5,10595,10117,10087,10633,10597,10634,10609,10606,72,10608,71,1181:15
228,1034,10610,10636,10617,10595,10594,10632,10080,10593,163,10082,10070,173:15
234,10608,10606,10619,10620,10621,10622,10623,10624,10605,10603,10602,237,10130:15
10142,10602,10603,10605,10624,10623,10622,10621,10620,10619,72,10608,71,1181:15
234,10608,72,10606,10634,10597,10633,10087,10117,10595,10594,10632,10080,10406:15
95,94,100,99,98,97,10131,1036,1036,10131,97,91,1056,10064:15
10602,10603,10605,10624,10623,10622,10621,10620,10033,10619,10038,10606,72,10608:15
10068,1018,10126,160,10070,172,10082,10593,10080,10632,10594,10595,10117,10613:14
1015,1016,1014,10636,10610,1034,10089,10635,1108,10618,10606,10608,71,1181:14
234,10608,10606,10634,10597,10633,10087,10117,10595,10594,10632,10080,10593,10626:14
10621,10622,10623,10624,10605,10603,10602,1069,1070,10629,10615,10086,10105,10118:14
10602,10603,10605,10624,10623,10622,10621,10620,10619,10038,10606,72,10608,71:14
234,71,10608,10634,10597,10633,10087,10595,10594,10632,10080,10593,163,10082:14
100,10066,1001,1003,1004,1005,1006,1005,1004,1001,102,91,1056,10064:14
10057,10056,5,10602,10605,10624,10623,10622,10621,10620,10606,10608,71,1181:14
10617,10595,10594,10632,10080,10593,163,10082,10082,10593,10080,10632,10594,10595:14
10615,10602,10603,10605,10624,10623,10622,10621,10620,10619,72,10608,71,1181:14
10620,10621,10622,10623,10624,10605,10603,10602,237,10088,10130,73,10005,1:14
73,10602,10603,10605,10624,10623,10622,10621,10620,10619,10606,72,10608,1181:14
234,71,10608,72,10606,10634,10597,10633,10087,10117,10595,10594,10632,10593:14
1014,1070,10602,10603,10605,10624,10623,10622,10621,10620,10619,10606,10608,1181:14
10615,1070,10602,10603,10605,10624,10623,10622,10621,10620,10619,10606,10608,1181:14
10632,10594,10595,10117,10087,10633,10597,10634,10609,10606,10608,71,71,1181:14
234,10608,72,10634,10597,10633,10087,10117,10595,10594,10632,10080,10593,10626:14
10597,10633,10087,10117,10595,10594,10632,10632,10594,10595,10117,10087,10633,10597:14
10145,1166,1015,1074,1077,1079,1080,1080,1079,1077,1074,1015,1166,10145:14
10082,10593,10080,10632,10594,10595,10117,10117,10087,10634,10609,10606,10608,1181:14
1030,10406,10128,10632,10594,10595,10117,10087,10634,10609,72,10608,71,1181:14
10089,1034,10610,10636,10624,10605,10603,10602,1069,237,10088,10130,73,240:14
10057,10056,5,10595,10117,10087,10633,10597,10634,10609,10606,72,10608,1181:14
10621,10622,10623,10624,10605,10603,10602,1069,237,10088,10130,275,238,254:14
1070,10605,10624,10623,10622,10621,10620,181,10619,10606,72,10608,71,1181:14
10591,10082,10593,10080,10632,10594,10595,10117,10087,10634,10609,10606,10608,1181:14
1035,1034,10610,10636,10624,10605,10603,10602,1069,237,10088,10130,73,240:14
10082,10593,10080,10632,10594,10595,10117,10087,10613,10620,10619,10606,10608,1181:14
10615,10602,10603,10605,10624,10623,10622,10621,10620,10619,10606,10608,71,1181:14
234,71,10608,72,10606,10634,10597,10633,10117,10595,10594,10632,163,10082:14
10082,10593,10080,10632,10594,10595,10117,10087,10633,10597,10634,10609,10606,1181:14
10088,1069,10602,10603,10605,10624,10623,10622,10621,10620,10606,10608,71,1181:14
5,10602,10603,10605,10624,10623,10622,10621,10620,10619,10606,10608,1181,269:14
10086,10615,10602,10603,10605,10624,10623,10622,10621,10620,10619,10606,10608,1181:13
92,1057,10099,10092,91,1056,10064,1056,91,10092,10099,1057,1055,92:13
10618,10634,10597,10633,10087,10087,10117,10595,10594,10632,10080,10593,163,10082:13
10082,10593,10080,10632,10594,10595,10117,10636,10610,1034,10089,10635,1108,1181:13
1070,10605,10624,10623,10622,10621,181,10620,10619,10606,72,10608,71,1181:13
234,71,10608,72,10606,10634,10087,10117,10595,10594,10632,10593,10626,10406:13
10128,10128,10632,10594,10595,10117,10087,10634,10609,10606,72,10608,71,1181:13
234,71,10608,10606,10634,10597,10633,10087,10117,10595,10594,10632,163,10082:13
234,71,10608,10606,10620,10621,10622,10623,10624,10605,10603,10602,1069,5:13
234,71,10608,72,10606,10619,10620,10622,10623,10624,10605,10603,10602,1069:13
71,10608,72,10606,10634,10597,10633,10117,10595,10594,10632,10593,163,10082:13
10082,10593,10080,10632,10594,10595,10117,10633,10597,10634,10609,10606,10608,1181:13
160,10070,10082,10593,10080,10632,10594,10595,10117,10623,10622,10621,10620,1182:13
10082,10593,10080,10632,10594,10117,10087,10634,10609,10606,72,10608,71,1181:13
234,10608,72,10619,10620,10621,10622,10623,10624,10605,10603,10602,10056,10057:13
10140,10615,10602,10603,10605,10624,10623,10622,10621,10620,10619,10606,10608,1181:13
73,179,1069,10602,10605,10624,10623,10622,10621,10620,10606,72,10608,1181:13
234,71,10608,10606,10619,10620,10621,10622,10624,10605,10603,10602,1069,53:13
234,10608,72,10606,10620,10621,10622,10623,10624,10605,10603,10602,1069,5:13
10616,1070,10602,10603,10605,10624,10623,10622,10621,10620,10619,10606,10608,1181:13
241,5,10595,10117,10087,10633,10597,10634,10609,10606,72,10608,71,1181:13
10612,10611,10636,10610,181,1034,10089,10635,10618,10606,72,10608,71,1181:13
10082,10593,10080,10632,10594,10595,10117,10613,10620,10619,72,10608,71,1181:13
10602,10603,10605,10624,10623,10622,10621,10620,10033,10619,10606,72,10608,71:13
71,10608,10634,10597,10633,10087,10117,10595,10594,10632,10080,10593,163,10082:13
10057,10056,5,10595,10117,10087,10633,10597,10634,10609,10606,10608,71,1181:13
144,142,145,143,143,145,142,144,574,574,144,142,145,143:13
10591,10593,10632,10594,10595,10633,10597,10634,10609,10606,72,10608,71,1181:13
265,1066,1067,1068,1073,78,1077,1074,1016,1073,1068,1067,1066,10002:13
10608,10606,10619,10620,10621,10622,10623,10624,10605,10603,10602,237,10088,10130:13
5,10602,10605,10624,10623,10622,10621,10620,10619,10606,72,10608,71,1181:13
241,10602,10603,10605,10624,10623,10622,10621,10620,10619,10606,10608,71,1181:13
10612,10611,10636,10610,1034,10089,10089,10635,1108,10618,10606,72,10608,1181:13
10080,10632,10594,10595,10117,10087,10634,10609,10606,72,10608,71,1181,387:12
234,10608,72,10606,10620,10621,10622,10623,10624,10605,10602,1069,237,10130:12
234,10608,10606,10619,10620,10613,10596,10117,10595,10594,10632,10593,163,10082:12
1164,1,10072,243,252,5,10602,10603,10605,10624,10623,10622,10621,10620:12
252,10626,161,10592,10070,10126,1018,10068,10068,10126,160,10070,10082,252:12
73,10130,10088,179,10602,10603,10605,10624,10623,10622,10621,10620,1035,1182:12
10615,10602,10603,10605,10624,10623,10622,10621,10620,10619,10606,72,10608,1181:12
234,71,10608,72,10634,10087,10117,10595,10594,10632,10080,10593,10626,10406:12
234,10608,72,10606,10619,10620,10621,10622,10623,10624,10605,10602,1069,237:12
1069,10602,10603,10605,10624,10623,10621,10620,10619,10606,72,10608,71,1181:12
10618,10634,10597,10633,10087,10117,10595,10594,10632,10080,10593,163,10082,164:12
10611,10636,10610,1034,10089,10635,1108,10635,10089,1034,10610,10636,10611,10612:12
10108,10080,10632,10594,10595,10117,10087,10633,10597,10634,10609,10608,71,1181:12
10636,10610,1034,10089,10635,1108,10618,1108,10635,10089,1034,10610,10636,10611:12
1070,10612,10611,10636,10610,181,10089,10635,10618,10606,72,10608,71,1181:12
73,10088,10602,10603,10605,10624,10623,10622,10621,10620,10619,10606,10608,1181:12
10142,10602,10603,10605,10624,10623,10622,10621,10620,10619,10606,10608,71,1181:12
234,10608,72,10606,10619,10620,10621,10622,10623,10624,10605,10603,10600,10612:12
234,71,10608,72,10606,10635,10089,1034,10610,10636,10611,10612,10637,10616:12
10600,10612,10611,10636,10610,10089,10635,1108,10618,10606,72,10608,71,1181:12
10624,10605,10603,10602,1069,237,10088,10130,10088,1069,10602,10603,10605,10624:12
10608,72,10606,10619,10620,10621,10622,10623,10624,10605,10603,10602,1069,5:12
10620,10621,10622,10624,10605,10603,10602,1069,237,10088,10130,73,275,10075:12
10082,10593,10632,10594,10595,10117,10633,10597,10634,10609,72,10608,71,1181:12
10108,10080,10632,10594,10595,10117,10087,10633,10597,10634,10609,10606,10608,1181:12
252,10626,161,10592,10126,1018,10068,10068,1018,10126,160,10070,10082,252:12
10627,10406,10128,10632,10594,10595,10117,10087,10634,10609,10606,10608,71,1181:12
10088,1069,10602,10603,10605,10624,10623,10622,10621,10620,10619,10606,10608,71:12
10612,10611,10636,10610,10089,10635,1108,10618,10606,72,10608,71,71,1181:12
234,10608,10606,10619,10620,10621,10622,10617,10595,10594,10632,10593,163,10082:12
228,10618,10634,10597,10633,10087,10117,10595,10594,10632,10080,10593,163,10082:12
1030,10406,10128,10632,10594,10595,10117,10087,10634,10609,10606,72,10608,1181:12
10082,10593,10080,10632,10594,10595,10117,10087,10597,10634,10609,10606,10608,1181:12
234,10608,72,10606,10634,10597,10633,10087,10117,10595,10594,10632,163,10082:12
234,234,71,10608,10606,10619,10620,10621,10622,10624,10605,10603,10602,1069:12
10597,10633,10087,10117,10595,10594,10632,10080,10593,163,10082,2,10005,1:12
234,10608,72,10620,10621,10622,10623,10624,10605,10603,10602,237,10088,10130:12
252,10626,161,10592,10070,10126,1018,10068,10068,1018,10126,160,10070,252:12
10593,10080,10632,10594,10595,10117,10087,10633,10597,10634,10609,10608,71,1181:12
241,10602,10603,10605,10624,10623,10622,10621,10620,10619,10606,72,10608,1181:12
234,10608,10606,10619,10620,10621,10622,10623,10624,10605,10603,10602,10629,10615:12
10013,10014,248,10129,10103,87,139,137,10081,136,10084,10127,10091,97:12
10618,10619,10620,10621,10622,10623,10617,10595,10594,10632,10080,10593,163,10082:12
95,97,10091,129,584,582,522,10136,129,10084,10127,10091,97,10579:12
234,10608,72,10606,10634,10087,10117,10595,10594,10632,10593,163,10082,10070:11
5,10602,10603,10605,10624,10623,10622,10621,10620,10033,10619,10606,10608,1181:11
234,10608,72,10606,10619,10620,10621,10622,10623,10624,10605,10603,10602,10602:11
10080,10632,10594,10595,10117,10633,10597,10634,10609,10606,72,10608,71,1181:11
10104,10068,1018,10126,160,10070,10082,10593,10080,10632,10594,10595,10117,10087:11
10087,10117,10595,10594,10632,10080,10593,163,10082,10070,10126,1018,172,172:11
10082,10593,10632,10594,10595,10117,10617,10595,10594,10632,10080,10593,163,10082:11
234,10608,10606,10619,10620,10621,10622,10624,10605,10603,10602,1069,1070,10629:11
10082,10593,10080,10632,10594,10595,10117,10117,10087,10633,10597,10634,10609,10618:11
10140,10105,10086,10615,10602,10603,10605,10624,10623,10622,10621,10620,10619,10618:11
10632,10594,10595,10117,10623,10622,10621,10620,10619,10606,72,10608,71,1181:11
71,10608,10606,10619,10620,10621,10622,10623,10624,10605,10603,10602,237,10088:11
10602,10603,10605,10624,10623,10622,10621,10620,10619,10606,10608,71,1181,1181:11
234,10608,10619,10620,10622,10623,10624,10605,10603,10602,237,10088,10130,240:11
234,71,10608,72,10606,10619,10620,10613,10596,10117,10595,10594,10632,10080:11
10080,10632,10594,10595,10117,10087,10633,10597,10634,10609,10608,71,71,1181:11
10616,1070,10602,10595,10117,10087,10634,10609,10606,72,10608,71,1181,269:11
73,10130,10088,1069,10602,10603,10605,10624,10623,10622,10621,10620,1035,1182:11
266,10082,10593,10080,10632,10594,10595,10117,10087,10634,10609,10606,72,10608:11
234,71,10618,10634,10597,10633,10117,10595,10594,10632,10080,10593,163,10082:11
234,71,10608,72,10606,10619,10033,10620,10621,10622,10623,10624,10605,10603:11
10130,10088,10602,10603,10605,10624,10623,10622,10621,10620,72,10608,71,1181:11
10602,10603,10605,10624,10623,10622,10621,10620,10033,10619,10038,10606,10608,71:11
234,71,10608,10606,10634,10087,10117,10595,10594,10632,10593,163,10082,164:11
269,234,71,10608,72,10619,10620,10621,10622,10623,10624,10605,10603,10602:11
10104,10068,1018,10126,160,10070,172,10082,10593,10080,10632,10594,10595,10117:11
1164,1,2,1080,1078,1076,1075,1075,1076,1078,2,10005,1,93:11
1070,10612,10611,10636,10610,181,10089,10635,1108,10618,10606,72,10608,1181:11
10593,10080,10632,10594,10595,10117,10087,10634,10609,10606,10608,71,71,1181:11
234,10608,72,10606,10619,10620,10621,10622,10623,10624,10605,10603,10602,274:11
234,71,10608,10619,10620,10621,10622,10623,10624,10605,10603,10602,10056,10057:11
234,71,10608,10606,10634,10087,10117,10595,10594,10632,10080,10406,1030,10085:11
10612,10611,10636,10610,1034,181,10089,10635,10618,10606,72,10608,71,1181:11
97,98,100,10066,10131,10131,102,91,1056,10064,10078,10090,93,145:11
234,71,10608,10606,10634,10597,10633,10595,10594,10632,10080,10593,163,10082:11
10142,5,10602,10603,10605,10624,10623,10622,10621,10620,10619,72,10608,1181:11
10608,72,10634,10597,10633,10087,10117,10595,10594,10632,10080,10593,163,10082:11
10128,10632,10594,10595,10117,10633,10597,10634,10609,10606,72,10608,71,1181:11
10080,10594,10595,10117,10087,10633,10597,10634,10609,10606,72,10608,71,1181:11
234,71,10608,72,10606,10634,10597,10633,10087,10117,10595,10594,10632,10406:11
234,71,10608,72,10606,10619,10620,10621,10622,10624,10605,10603,10600,10612:11
10621,10622,10623,10624,10605,10603,10602,1069,1070,10615,10086,10105,10118,10140:11
10618,1108,10635,10089,1034,10610,10636,10617,10595,10594,10632,10593,163,10082:11
234,10608,10606,10620,10621,10622,10623,10624,10605,10602,1069,1070,10629,10615:11
234,71,10608,72,10038,10619,10620,10621,10622,10623,10624,10605,10603,10602:11
234,71,10608,72,10619,10620,10622,10623,10624,10605,10603,10602,10056,10057:11
234,71,10608,10606,10619,10620,10621,10622,10624,10605,10603,10602,1069,274:11
1107,243,252,252,53,1037,1107,1107,243,252,252,53,1037,1107:11
10133,1067,1068,1073,1074,1077,1079,1079,1077,1074,1016,1073,1067,10133:11
10082,10593,10080,10632,10594,10595,10117,10087,10633,10597,10634,10609,10608,71:11
71,10608,72,10606,10634,10087,10117,10595,10594,10632,10080,10593,10626,10406:11
10128,10632,10594,10595,10117,10087,10597,10634,10609,10606,72,10608,71,1181:11
234,71,10608,10620,10621,10622,10623,10624,10605,10603,10602,237,10088,10130:11
234,71,10608,72,10619,10620,10622,10623,10624,10605,10603,10602,10615,10086:11
82,10602,10603,10605,10624,10623,10622,10621,10620,10619,10606,72,10608,1181:11
10620,10621,10622,10623,10624,10605,10603,10602,1069,237,10088,10130,73,275:11
10612,181,10611,10636,10610,1034,10089,10635,1108,10618,10606,10608,71,1181:11
1164,2,266,10082,10593,10080,10632,10594,10595,10117,10087,10634,10609,10618:11
234,10608,72,10606,10620,10621,10622,10623,10624,10605,10603,10602,1069,237:11
234,71,10608,10606,10634,10597,10117,10595,10594,10632,10080,10593,163,10082:11
10128,10602,10603,10605,10624,10623,10622,10621,10620,10619,72,10608,71,1181:11
10142,5,10602,10603,10605,10624,10623,10622,10621,10620,10619,10608,71,1181:11
228,1034,10610,10636,10624,10605,10603,10602,1069,237,10088,10130,73,240:11
234,71,10608,10606,10619,10620,10621,10622,10623,10624,10605,10603,10600,1070:11
234,10608,72,10606,10619,10620,10621,10622,10623,10624,10605,10603,10602,1070:11
234,10608,72,10606,10634,10597,10633,10117,10595,10594,10632,10080,10593,10626:11
181,10612,10611,10636,10610,1034,10089,10635,1108,10618,10606,10608,71,1181:11
10620,10621,10622,10624,10605,10603,10602,1069,237,10088,10130,73,275,238:11
581,579,149,10568,10122,59,10104,10068,1018,10126,160,10070,172,10071:11
100,10066,10131,138,1048,1184,231,1048,10107,138,102,91,1056,10064:10
10620,10621,10622,10624,10605,10603,10602,1069,237,10088,10130,2,10005,1:10
10128,10602,10603,10605,10624,10623,10622,10621,10620,10619,10606,10608,71,1181:10
10080,10632,10594,10595,10117,10087,10633,10597,10609,10606,72,10608,71,1181:10
268,578,1122,143,145,142,144,107,144,142,145,143,1122,1171:10
10130,10088,10602,10603,10605,10624,10623,10622,10621,10620,10619,10606,72,10608:10
71,10608,72,10606,10634,10597,10117,10595,10594,10632,10080,10593,163,10082:10
10616,1072,10636,10610,1034,10089,10635,1108,10618,10606,72,10608,71,1181:10
10620,10621,10622,10623,10624,10605,10603,10602,237,10088,10130,2,10005,1:10
234,10608,72,10606,10634,10087,10117,10595,10594,10632,10593,163,10082,173:10
234,10608,10606,10634,10087,10117,10595,10594,10632,10080,10593,163,10082,10123:10
234,71,10608,10606,10620,10622,10623,10624,10605,10603,10602,1069,237,10088:10
234,71,10608,72,10606,10619,10620,10621,10622,10623,10624,10605,10602,274:10
234,71,10608,72,10606,10618,10618,1108,10635,10089,1034,10610,10636,10611:10
234,71,10608,72,10606,10619,10620,10621,10622,10624,10605,10603,10602,237:10
576,95,97,10091,129,582,584,522,10136,129,10084,10127,10091,97:10
10627,10128,10632,10594,10595,10117,10087,10634,10609,10606,72,10608,71,1181:10
10611,10636,10610,1034,10089,10635,1108,10618,10606,72,10608,71,1181,1181:10
10608,10606,10619,10620,10621,10622,10624,10605,10603,10602,1069,237,10088,10130:10
10038,10038,10038,10038,10038,10038,10038,10038,10038,10038,10038,10038,10038,10038:10
179,10602,10603,10605,10624,10623,10622,10621,10620,10619,72,10608,71,1181:10
234,71,10608,72,10606,10634,10597,10633,10117,10595,10594,10632,10593,10108:10
132,132,132,132,132,132,132,132,132,132,132,132,132,132:10
10080,10632,10594,10595,10117,10087,10613,10620,10619,10606,72,10608,71,1181:10
234,71,10608,10606,10618,1108,10635,10089,1034,10610,10636,10611,10612,10637:10
10068,1018,10126,160,10070,10082,10593,10080,10632,10594,10595,10117,10613,10620:10
1164,2,10627,1079,1078,1076,1075,1075,1076,1078,2,10005,1,93:10
10613,10596,10117,10595,10594,10632,10080,10593,163,10082,10070,172,172,10126:10
234,10608,72,10606,10619,10620,10621,10622,10623,10624,10605,10603,10600,1070:10
270,1173,156,10568,10122,59,10104,10068,1018,10126,160,10070,172,173:10
10568,10122,59,10104,10068,1018,10126,160,10070,172,10082,10593,10080,10632:10
1164,1,2,266,10082,10593,10080,10632,10594,10595,10117,10087,10613,10620:10
10602,10603,10605,10624,10623,10622,10621,10620,10619,72,10608,71,1181,1181:10
95,1164,2,10108,10130,10088,10602,10603,10605,10624,10623,10622,10621,10620:10
234,71,10608,72,10606,10634,10597,10633,10087,10117,10595,10625,10603,10600:10
10071,10070,10126,1018,172,172,10068,10104,59,10122,10568,156,1173,270:10
10077,10076,10405,10124,10123,264,10123,10124,10405,1025,1028,1027,10076,10077:10
234,234,71,10608,72,10606,10619,10620,10621,10622,10623,10624,10605,10602:10
228,10620,10621,10622,10624,10605,10603,10602,1069,237,10088,10130,73,240:10
73,10130,10088,179,1069,10602,10603,10605,10624,10623,10622,10621,10620,1182:10
234,10608,72,10606,10619,10620,10621,10622,10623,10624,10605,10602,10629,10615:10
10596,10117,10595,10594,10632,10080,10593,10080,10632,10594,10595,10117,10087,10613:10
234,71,72,10606,10619,10620,10621,10622,10623,10624,10605,10603,10602,1069:10
269,234,10608,72,10606,10619,10620,10621,10622,10623,10624,10605,10602,10616:10
270,1173,156,10568,10122,59,10104,10068,1018,10126,160,10070,10071,1107:10
234,10608,72,10606,10620,10621,10622,10623,10624,10605,10602,1069,237,240:10
5,10602,10603,10605,10624,10623,10621,10620,10619,10606,72,10608,71,1181:10
234,71,10608,10606,10634,10087,10117,10595,10594,10632,10593,163,10082,173:10
10618,1108,10635,10089,10610,10636,10617,10595,10594,10632,10080,10593,163,10082:10
5,10595,10117,10087,10633,10597,10634,10609,10606,72,10608,71,71,1181:10
10080,10632,10594,10595,10117,10087,10087,10634,10609,10606,72,10608,71,1181:10
234,71,10608,72,10606,10634,10597,10633,10117,10595,10594,10632,10593,10626:10
234,10608,72,10606,10619,10620,10621,10621,10620,10619,10606,10608,71,1181:10
10130,10602,10603,10605,10624,10623,10622,10621,10620,10619,10606,10608,71,1181:10
1164,1,2,10598,168,65,10017,149,579,584,582,10580,10581,124:10
10621,10622,10623,10624,10605,10603,10602,237,10088,10130,73,2,10005,1:10
1070,10612,10611,10636,10610,1034,181,10089,10635,1108,10618,10606,10608,1181:10
85,84,92,1057,10099,10092,91,1056,10078,10090,93,1164,1,1107:10
1164,1,2,10627,1078,1076,1075,1075,1076,1078,2,10005,1,93:10
252,10626,10592,10070,10126,1018,10068,10068,1018,10126,160,10070,10082,252:10
10088,1069,10602,10603,10605,10624,10623,10622,10621,10620,10619,10606,71,1181:10
73,10128,10632,10594,10595,10117,10087,10634,10609,10606,72,10608,71,1181:10
73,10602,10603,10605,10624,10623,10622,10621,10620,10619,10606,10608,71,1181:10
1167,1167,1167,1167,1167,1167,1167,1167,1167,1167,1167,1167,1167,1167:10
10591,10591,10082,10593,10080,10632,10594,10595,10117,10087,10634,10609,10618,1181:10
239,73,10130,10088,179,1069,10602,10603,10605,10624,10623,10622,10621,10620:10
254,238,275,73,10088,179,1069,10602,10603,10605,10624,10623,10622,10621:10
10620,10621,10622,10624,10605,10603,10602,1069,237,10088,10130,73,240,1028:10
10620,10613,10596,10117,10595,10594,10632,10080,10593,10626,10108,2,10005,1:10
10064,91,10092,10099,1057,92,10131,92,1055,1057,10092,91,1056,10064:10
100,10066,1001,1003,1004,1005,1006,1005,1004,1001,10091,10066,102,91:10
10082,10593,10080,10632,10594,10595,10117,10087,10633,10597,10634,10609,10618,1182:10
10140,10615,10602,10603,10605,10624,10623,10622,10621,10620,10619,72,10608,1181:10
10621,10622,10623,10624,10605,10603,10602,1070,10629,10615,10086,10105,10118,10140:10
5,1070,10629,10615,10086,10105,10118,10105,10086,10615,1070,1069,5,5:10
234,71,10608,10606,10619,10620,10621,10622,10623,10624,10605,10602,1069,237:10
234,71,10608,10606,10634,10597,10633,10117,10595,10594,10632,10080,10593,163:10
10602,10603,10605,10624,10623,10622,10621,10620,10619,10606,72,10608,71,71:10
10600,10605,10624,10623,10622,10621,10620,10619,10606,72,10608,71,71,1181:10
234,10608,72,10606,10634,10597,10633,10087,10117,10595,10594,10632,10593,163:10
83,92,1055,1057,10099,10092,91,1056,91,10092,10099,1057,1055,92:9
10602,10603,10605,10624,10623,10622,10621,10620,10619,10606,72,10608,1181,1181:9
234,71,10608,10606,10619,10620,10621,10622,10623,10624,10605,10603,10602,274:9
234,10608,10606,10619,10620,10621,10622,10623,10624,10605,10603,10602,237,240:9
1164,10072,243,252,10595,10117,10087,10634,10609,10606,72,10608,71,1181:9
1029,10077,10076,10405,10124,10123,264,10123,10124,10405,1025,1028,1027,10076:9
234,71,10608,72,10634,10597,10633,10595,10594,10632,10080,10593,163,10082:9
234,71,10608,72,10606,10634,10597,10633,10087,10117,10595,10594,10056,10057:9
266,10082,10593,10080,10632,10594,10595,10117,10087,10634,10609,72,10608,1181:9
10612,181,10611,10636,10610,10089,10635,1108,10618,10606,72,10608,71,1181:9
265,1066,1067,1068,1073,79,78,1077,1074,1073,1068,1067,1066,10002:9
234,10608,72,10606,10634,10597,10633,10087,10117,10595,10594,10632,10593,10626:9
234,71,10608,72,10606,10634,10634,10609,10606,72,10608,71,71,1181:9
137,10081,136,10084,10127,83,92,1055,1057,10099,10092,91,1056,10064:9
234,10608,10619,10620,10613,10596,10117,10595,10594,10632,10080,10593,163,10082:9
10057,10056,10602,10605,10624,10623,10622,10621,10620,10606,72,10608,71,1181:9
10071,10070,172,172,10126,1018,10068,10104,59,10122,10568,156,1173,270:9
10086,10615,10605,10624,181,10623,10622,10621,10620,10619,72,10608,71,1181:9
10620,10621,10622,10623,10617,10595,10594,10632,10080,10593,163,10082,10070,173:9
234,71,10608,72,10606,10038,10619,10033,10620,10621,10622,10623,10624,10605:9
10612,10611,10636,10610,1034,10089,10635,1108,10618,10606,10608,71,1181,1181:9
234,71,10608,72,10606,10634,10597,10633,10087,10117,10595,10625,10602,1069:9
234,10608,10620,10622,10623,10624,10605,10603,1069,237,10088,10130,73,240:9
234,71,10608,10606,10620,10621,10622,10623,10624,10605,10602,1069,237,240:9
234,71,10608,72,10606,10619,10620,10621,10622,10623,10617,10595,10594,10632:9
10406,10128,10632,10594,10595,10117,10087,10633,10597,10634,10609,72,10608,1181:9
1115,1082,1121,11,9,10582,10583,10584,10585,520,136,10081,137,139:9
10618,10635,10089,1034,10610,10636,10624,10605,10603,10602,1069,237,10088,10130:9
234,10608,10606,10620,10621,10622,10623,10624,10605,10602,1069,237,10088,10130:9
234,10608,10606,10620,10621,10622,10623,10624,10605,10602,1069,237,73,240:9
234,10608,10606,10619,10620,10621,10622,10624,10605,10603,10602,1069,1070,10616:9
274,10410,10595,10117,10087,10633,10597,10634,10609,10606,72,10608,71,1181:9
71,10608,72,10606,10619,10620,10621,10622,10623,10624,10605,10603,10602,10616:9
10568,10122,59,10104,10068,1018,10126,160,10070,10082,10593,10080,10632,10594:9
10087,10117,10595,10594,10632,10080,10593,10626,10128,10632,10594,10595,10117,10087:9
10128,10080,10632,10594,10595,10117,10087,10634,10609,10606,72,10608,71,1181:9
10634,10609,10618,10618,10634,10087,10117,10595,10594,10632,10080,10593,163,10082:9
10070,10126,1018,10068,172,172,10104,59,10122,10568,156,1173,270,270:9
234,71,10608,72,10606,10634,10087,10117,10595,10594,10632,10080,10403,253:9
10612,10611,10636,181,10610,1034,10089,10635,10618,10606,72,10608,71,1181:9
234,10608,72,10606,10620,10621,10622,10623,10624,10605,10602,1069,237,73:9
1069,10602,10603,10605,10624,10623,10622,10621,10620,10619,10606,10608,1181,269:9
234,71,10608,10606,10634,10597,10633,10117,10595,10594,10632,10080,10593,10082:9
10130,10088,10595,10117,10087,10633,10597,10634,10609,10606,72,10608,71,1181:9
231,10107,138,10110,10109,85,84,92,1057,10099,10092,91,1056,10064:9
92,1055,1057,10099,10092,91,1056,10064,91,10092,10099,1057,1055,92:9
10082,10593,10080,10594,10595,10117,10087,10634,10609,10606,10608,71,71,1181:9
10082,10593,10080,10632,10594,10595,10117,10087,10087,10633,10597,10634,10609,10618:9
1033,10128,10632,10594,10595,10117,10087,10634,10609,10606,72,10608,71,1181:9
228,1035,10620,10621,10622,10624,10605,10603,10602,1069,237,10088,10130,240:9
10618,10619,10620,10621,10622,10623,10624,10605,10603,10602,1069,237,10088,10130:9
234,10608,10606,10620,10621,10622,10623,10624,10605,10602,1069,5,10056,10057:9
238,254,275,73,10130,10088,10602,10603,10605,10624,10623,10622,10621,10620:9
73,10130,10088,1069,10602,10603,10605,10623,10620,10606,72,10608,71,1181:9
234,10608,10606,10620,10622,10623,10624,10605,10603,1069,237,10088,10130,240:9
1069,10602,10605,10624,10623,10622,10621,10620,10606,72,10608,71,1181,269:9
71,10608,72,10634,10597,10633,10117,10595,10594,10632,10080,10593,163,10082:9
10128,10632,10594,10595,10117,10087,10634,10609,10606,72,10608,71,1181,269:9
10082,10593,10632,10594,10595,10117,10633,10597,10634,10609,10606,72,10608,1181:9
10612,181,10611,10636,10610,1034,10089,10635,1108,10618,10606,72,10608,1181:9
137,10081,136,579,149,10568,10122,59,10104,10068,1018,10126,160,10070:9
10410,10142,10602,10603,10605,10624,10623,10622,10621,10620,10619,10606,10608,1181:9
10088,179,1069,10602,10603,10605,10624,10623,10622,10621,10620,10619,10606,10608:9
10088,179,10602,10603,10605,10624,10623,10622,10621,10620,10619,10606,10608,1181:9
234,71,10608,10606,10634,10087,10117,10595,10594,10632,10080,10593,10626,10108:9
10406,10128,10632,10594,10595,10117,10087,10634,10609,10606,10608,71,71,1181:9
234,71,10608,10606,10634,10087,10117,10595,10594,10632,10080,163,10593,10082:9
274,10410,10602,10603,10605,10624,10623,10622,10621,10620,10619,10606,10608,1181:9
95,1164,2,10108,10088,1069,10602,10603,10605,10624,10623,10622,10621,10620:9
234,71,10608,72,10606,10619,10620,10621,10622,10623,10624,10605,10624,10612:9
234,10608,72,10634,10087,10117,10595,10594,10632,10080,10593,163,10082,173:9
10057,10056,10602,10603,10605,10624,10623,10622,10621,10620,10619,72,10608,1181:9
10410,5,10602,10603,10605,10624,10623,10622,10621,10620,10619,72,10608,1181:9
10593,10632,10594,10595,10117,10087,10633,10597,10634,10609,10606,72,10608,1181:9
95,97,97,1413,226,95,97,97,1413,226,95,97,97,1413:9
234,10608,10606,10619,10033,10033,10620,10621,10622,10623,10624,10605,10603,10602:9
10123,10124,10405,10085,1030,10406,10128,10632,10594,10595,10117,10087,10633,10597:9
10618,10619,10620,10621,10622,10623,10624,10605,10603,10602,237,10088,10130,240:9
10128,10632,10594,10595,10117,10087,10087,10634,10609,10606,72,10608,71,1181:9
10133,1067,1073,1074,1077,1079,1079,1077,1074,1016,1073,1068,1067,10133:9
10126,1018,10068,10104,59,10122,10568,10568,10122,59,10104,10068,1018,10126:9
10608,10606,10634,10087,10117,10595,10594,10632,10080,10593,163,10082,10070,173:9
151,10068,1018,10126,160,10070,172,10082,10593,10080,10632,10594,10595,10117:9
234,10608,10606,10634,10597,10633,10087,10117,10595,10594,10632,10080,10593,10108:9
10082,10593,10080,10632,10594,10595,10117,10087,10633,10597,10634,10609,10606,72:9
234,71,10608,72,10606,10634,10087,10117,10595,10594,10632,10406,1030,10085:9
234,71,10608,72,10606,10038,10619,10620,10621,10622,10623,10624,10605,10625:9
234,71,10608,72,10606,10635,10635,1108,10618,10606,72,10608,71,1181:9
1070,10612,10611,10636,10610,181,1034,10089,10635,1108,10618,10606,10608,1181:9
264,10082,10593,10080,10632,10594,10595,10117,10087,10633,10597,10634,10609,10618:9
73,179,10602,10603,10605,10624,10623,10622,10621,10620,10619,10608,71,1181:9
92,1055,1057,10099,10092,91,1056,10064,10064,91,10092,10099,1057,92:9
234,10608,72,10606,10634,10597,10117,10595,10594,10632,10080,10593,163,10082:9
234,71,10608,72,10619,10620,10621,10622,10623,10624,10605,10603,10602,10616:9
10619,10620,10621,10622,10623,10624,10605,10603,10602,237,10088,10130,73,240:9
234,71,10608,10606,10634,10597,10633,10117,10595,10594,10632,10080,10593,10108:9
234,71,10608,10606,10634,10087,10117,10595,10594,10632,10080,10593,10626,240:9
10082,10593,10080,10632,10594,10625,10603,10600,10612,10611,10636,10610,1034,1182:9
1031,10108,10080,10632,10594,10595,10117,10087,10634,10609,72,10608,71,1181:9
10130,10088,10602,10603,10605,10624,10623,10622,10621,10620,10619,72,10608,71:9
10625,10595,10117,10087,10633,10597,10634,10609,10606,72,10608,71,71,1181:9
10620,10621,10622,10624,10605,10603,10600,1070,10629,10615,10086,10105,10118,10140:9
243,10626,10080,10632,10594,10595,10117,10087,10634,10609,10606,10608,71,1181:9
10082,10593,10080,10632,10594,10595,10087,10633,10597,10634,10609,72,10608,1181:9
10080,10632,10594,10595,10117,10117,10087,10634,10609,10606,72,10608,71,1181:9
10082,10593,10080,10632,10594,10595,10117,10087,10613,10620,10606,10608,71,1181:9
10082,10593,10080,10632,10594,10595,10117,10087,10613,10620,10606,72,10608,1181:8
1015,1016,10602,10603,10605,10624,10623,10622,10621,10620,10619,10608,71,1181:8
10632,10594,10595,10117,10087,10633,10597,10597,10633,10087,10117,10595,10594,10632:8
234,10608,72,10606,10634,10597,10633,10117,10595,10594,10632,10080,10593,10108:8
10128,10080,10632,10594,10595,10117,10087,10633,10597,10634,10609,10606,10608,1181:8
234,71,72,10606,10619,10620,10621,10622,10624,10605,10603,10602,1069,5:8
234,71,10608,72,10606,10634,10597,10087,10117,10595,10594,10632,10080,10593:8
234,10608,72,10606,10620,10621,10622,10623,10624,10605,10603,10602,1069,1070:8
10602,10603,10605,10624,10623,10622,10621,10620,10619,10606,10608,71,1181,387:8
234,71,10608,72,10619,10620,10621,10622,10623,10624,10605,10603,10602,1070:8
234,10608,72,10634,10087,10117,10595,10594,10632,10080,10593,163,10082,164:8
10087,10117,10595,10594,10632,10080,10593,10626,10080,10632,10594,10595,10117,10087:8
10130,10088,1069,10602,10603,10605,10624,10623,10622,10621,10620,10619,10608,1181:8
10612,10611,10636,10610,1034,10089,10635,10618,10635,10089,1034,10610,10636,10611:8
269,234,10608,72,10606,10634,10087,10117,10595,10594,10632,10593,163,10082:8
269,234,71,10608,72,10619,10620,10622,10623,10624,10605,10603,10602,5:8
5,10602,10603,10605,10624,10623,10622,10621,10620,10619,10038,10608,71,1181:8
228,1035,1034,10610,10636,10617,10595,10594,10632,10080,10593,163,10082,164:8
10082,10593,10632,10594,10595,10117,10633,10597,10634,10609,10606,10608,71,1181:8
234,71,10608,72,10606,10634,10087,10117,10594,10632,10080,10593,163,10082:8
72,10606,10634,10597,10633,10087,10117,10595,10594,10632,10080,10593,163,10082:8
10146,10145,1166,10568,10122,59,10104,10068,1018,10126,160,10070,172,10071:8
241,5,10602,10603,10605,10624,10623,10622,10621,10620,10619,10608,71,1181:8
234,10608,10606,10634,10597,10633,10087,10117,10595,10594,10632,10080,10593,163:8
10127,83,92,1057,10099,10092,91,1056,10078,10090,93,93,108,115:8
10602,10603,10605,10624,10623,10622,10621,10620,10606,72,10608,71,71,1181:8
100,10066,1003,1004,1005,1006,1005,1004,1003,10091,10066,102,91,1056:8
10620,10621,10622,10623,10624,10605,10603,10602,237,10088,10130,275,238,254:8
234,71,10608,10606,10619,10087,10117,10595,10594,10632,10080,10593,163,10082:8
10627,10406,10128,10632,10594,10595,10117,10087,10634,10609,72,10608,71,1181:8
234,71,10608,10634,10597,10633,10087,10117,10595,10594,10632,10080,10593,163:8
10082,10593,10080,10632,10594,10595,10117,10087,10634,10609,10606,10608,1181,269:8
234,234,10608,72,10606,10619,10620,10621,10622,10624,10605,10603,10602,1069:8
97,10091,136,10081,137,139,87,10103,1041,10129,248,10013,10014,270:8
10080,10632,10594,10595,10117,10087,10633,10597,10634,10609,10606,72,10608,71:8
1115,1114,1082,1121,11,1111,10582,10583,10584,10585,136,10081,137,139:8
270,1173,156,10568,10122,59,10104,10104,59,10122,10568,156,1173,270:8
1415,10113,10125,10062,10144,133,87,88,87,10144,10062,10125,10113,1415:8
10617,10595,10594,10632,10080,10593,10108,2,10005,1,93,93,108,115:8
5,10602,10603,10624,10623,10622,10621,10620,10619,10606,72,10608,71,1181:8
10612,10611,181,10636,10610,1034,10089,10635,10618,10606,72,10608,71,1181:8
234,10608,72,10606,10634,10597,10633,10087,10117,10595,10594,10632,10593,10108:8
1026,10058,10085,1030,10406,10128,10632,10594,10595,10117,10087,10634,10609,10618:8
269,10608,72,10606,10634,10087,10117,10595,10594,10632,10080,10593,163,10082:8
151,10068,1018,10126,160,10070,10082,10593,10080,10632,10594,10595,10117,10613:8
234,10608,72,10619,10620,10621,10622,10623,10624,10605,10603,10602,10615,10086:8
234,71,10608,72,10606,10619,10620,10621,10622,10623,10624,10605,10605,10624:8
10635,10089,1034,10610,10636,10624,10605,10603,10602,237,10088,10130,73,240:8
2,10005,1,10078,100,10066,136,10081,137,139,119,120,138,1184:8
1070,10612,10611,10636,181,10610,1034,10089,10635,1108,10618,10606,10608,1181:8
10602,10603,10625,10595,10117,10087,10633,10597,10634,10609,10606,72,10608,1181:8
10615,1070,10602,10603,10605,10624,10623,10622,10621,10620,10606,72,10608,1181:8
10068,1018,10126,160,10070,10082,10593,10080,10632,10594,10595,10117,10087,10633:8
10602,10603,10605,10624,10623,10622,10621,10033,10620,10619,10038,10608,71,1181:8
10410,1037,10005,1,93,1115,571,1115,1303,1302,1301,1082,1164,1037:8
234,10608,72,10606,10634,10597,10633,10595,10594,10632,10080,10593,163,10082:8
10621,10622,10623,10624,10605,10603,10600,1070,10629,10615,10086,10105,10118,10140:8
100,10066,1001,1003,1005,1006,1005,1004,1003,1001,10066,102,91,1056:8
234,10608,10634,10087,10117,10595,10594,10632,10080,10593,163,10082,10070,173:8
234,10608,10606,10634,10087,10117,10595,10594,10632,10080,10593,163,10082,10070:8
270,1173,156,10568,10122,59,10104,10068,1018,10126,160,10070,172,10082:8
10620,10613,10596,10117,10595,10594,10632,10080,10593,10626,10406,1030,10085,10058:8
10610,10636,10617,10595,10594,10632,10080,10593,163,10082,10070,172,172,10126:8
10128,10632,10594,10595,10117,10087,10633,10597,10609,10606,72,10608,71,1181:8
10620,10621,10622,10623,10624,10605,10602,1069,1070,10615,10086,10105,10118,10140:8
10620,10622,10623,10624,10605,10603,10602,1069,237,10088,10130,73,240,1028:8
10612,10611,10636,10610,1034,10089,10635,1108,10635,10089,1034,10610,10636,10611:8
1070,10602,10603,10605,10624,10623,10622,10621,10620,10619,10606,72,71,1181:8
10608,72,10606,10634,10087,10117,10595,10594,10632,10080,10593,163,10082,173:8
10624,10623,10622,10621,10620,10033,10619,10038,10606,72,10608,71,71,1181:8
265,1066,1067,1068,1073,10116,1077,1074,1016,1073,1068,1067,1066,10002:8
234,10608,72,10606,10619,10620,10621,10622,10623,10624,10605,10602,1069,1070:8
234,10608,72,10606,10619,10620,10621,10622,10624,10605,10603,10602,1069,10602:8
234,71,10608,10606,10620,10621,10622,10623,10624,10605,10603,10602,1069,237:8
234,10608,72,10606,10619,10620,10613,10596,10117,10595,10594,10632,10080,10593:8
10602,10603,10605,10624,10623,10622,10620,10619,10038,10606,72,10608,71,1181:8
234,10608,10606,10619,10620,10621,10622,10623,10624,10605,10603,10602,10056,10057:8
10616,10602,10603,10605,10624,10623,10622,10621,10620,10619,10606,72,10608,71:8
1029,10077,10076,10405,10124,10123,264,10123,10124,10405,1028,1027,10076,10077:8
10600,10605,10624,10623,10622,10621,10620,10619,10038,10606,72,10608,71,1181:8
10608,72,10606,10619,10620,10621,10622,10623,10624,10605,10603,10602,1069,237:8
10613,10596,10117,10595,10594,10632,10080,10593,163,10082,10070,10126,172,172:8
10128,10632,10594,10595,10117,10087,10634,10609,10606,72,10608,71,1181,1181:8
1015,1014,10636,10610,1034,10089,10635,1108,10618,10606,72,10608,71,1181:8
10620,10621,10622,10623,10624,10605,10603,10602,237,10088,10130,73,240,1028:8
10089,1034,10610,10636,10624,10605,10603,10602,1069,237,10088,10130,73,275:8
263,234,71,10608,10606,10619,10620,10621,10622,10624,10605,10603,10602,1069:8
234,71,10608,10606,10634,10597,10633,10087,10087,10117,10595,10594,10632,10080:8
234,71,10608,72,10606,10618,1108,10635,10089,1034,10610,10636,10611,181:8
243,252,10595,10117,10087,10633,10597,10634,10609,10606,72,10608,71,1181:8
71,10608,10606,10634,10087,10117,10595,10594,10632,10080,10593,163,10082,173:8
10618,10619,10620,10621,10622,10624,10605,10603,10602,1069,237,10088,10130,240:8
228,1035,10620,10621,10622,10623,10617,10595,10594,10632,10080,10593,163,10082:8
85,84,92,1057,10099,10092,91,1056,10078,10090,93,1164,1,10072:8
71,10608,72,10606,10619,10620,10621,10621,10620,10619,10606,10608,71,1181:8
234,71,10608,72,10606,10634,10087,10117,10595,10594,10632,10080,73,240:8
228,10610,10636,10611,1070,181,1070,10612,10611,10636,10610,181,1034,1182:8
234,71,10608,10606,10634,10087,10117,10595,10594,10632,10593,163,10082,10070:8
97,10091,136,10081,137,139,88,139,137,10081,136,10084,10091,97:8
234,10618,10634,10597,10633,10087,10117,10595,10594,10632,10080,10593,163,10082:8
234,10608,72,10606,10634,10087,10117,10595,10594,10632,10406,1030,10124,171:8
10130,10602,10603,10605,10624,10623,10622,10621,10620,10619,10606,72,10608,1181:8
234,10608,72,10634,10597,10633,10087,10117,10595,10594,10632,10080,10593,10108:8
269,234,71,10608,72,10619,10620,10622,10623,10624,10605,10603,10602,10616:8
85,84,92,1057,10099,10092,91,1056,10064,10078,10090,93,93,108:8
10146,10146,10145,1166,10568,10122,59,10104,10068,1018,10126,160,10070,172:8
234,71,10608,10606,10619,10620,10621,10622,10623,10624,10605,10602,5,5:8
10611,10636,10610,1034,10089,10635,1108,10618,10606,72,10608,71,1181,387:8
10612,10611,181,10636,10610,1034,10089,10635,1108,10618,10606,72,10608,1181:8
74,10128,10632,10594,10595,10117,10087,10633,10597,10634,10609,10608,71,1181:8
234,71,10608,10606,10619,10620,10621,10622,10623,10624,10605,10602,10629,10615:8
234,10608,10606,10619,10620,10621,10622,10623,10624,10605,10602,5,10056,10057:8
234,71,10608,10606,10620,10621,10622,10623,10624,10605,10602,1069,10056,10057:8
1014,1070,10602,10603,10605,10624,10623,10622,10621,10620,10619,10606,72,10608:8
234,234,71,10608,72,10606,10620,10621,10622,10623,10624,10605,10602,1069:7
234,71,10608,72,10606,10619,10620,10621,10622,10623,10624,10605,10602,53:7
268,578,10586,143,145,142,144,95,144,142,145,143,10579,1171:7
10620,10613,10596,10117,10595,10594,10632,10080,10593,163,10082,2,10005,1:7
1413,226,95,97,97,1413,226,95,97,97,1413,226,95,97:7
10142,10602,10603,10605,10624,10623,10622,10621,10620,10606,72,10608,71,1181:7
10140,10105,10615,10602,10603,10605,10624,10623,10622,10621,10620,10619,10608,1181:7
234,71,10608,72,10634,10597,10633,10087,10117,10595,10594,10632,10080,10406:7
173,10082,10593,10080,10632,10594,10595,10117,10087,10634,10609,10606,10608,1181:7
1115,144,142,145,143,1122,261,1122,143,145,142,144,1115,1121:7
520,581,10084,10127,10091,97,1164,1037,1037,10005,1,93,97,10091:7
269,234,10608,10606,10619,10620,10621,10622,10623,10624,10605,10603,10602,5:7
10624,10605,10603,10605,10624,10623,10622,10621,10620,10619,10606,10608,71,1181:7
71,10608,10606,10619,10620,10621,10622,10623,10624,10605,10603,10602,237,10130:7
270,1173,156,156,10568,10122,59,10104,10068,1018,10126,160,10070,172:7
71,10608,72,10606,10634,10597,10633,10087,10117,10595,10594,10632,10080,10593:7
179,10602,10603,10605,10624,10623,10622,10621,10620,10619,10606,10608,71,1181:7
234,71,10608,72,10606,10634,10087,10117,10595,10632,10080,10593,163,10082:7
95,1164,1,2,10108,10088,10602,10603,10605,10624,10623,10622,10621,10620:7
10593,10632,10594,10595,10117,10633,10597,10634,10609,10606,72,10608,71,1181:7
228,1035,1034,10610,10636,10624,10605,10603,10602,1069,237,237,10088,10130:7
265,1066,1067,1068,1073,78,78,1077,1074,1073,1068,1067,1066,10002:7
10130,10088,179,10602,10603,10605,10624,10623,10622,10621,10620,10608,71,1181:7
10082,10593,10080,10632,10594,10595,10117,10117,10595,10594,10632,10593,163,10082:7
234,10608,10619,10620,10621,10622,10623,10624,10605,10603,10602,5,10056,10057:7
71,10608,72,10606,10634,10597,10633,10087,10117,10595,10594,10632,10080,10406:7
181,10611,10636,10610,1034,10089,10635,1108,10618,10606,72,10608,71,1181:7
10088,179,1069,10602,10605,10624,10623,10622,10621,10620,10606,10608,71,1181:7
100,10066,1001,1003,1004,1005,1006,1005,1004,1001,10091,102,91,1056:7
10612,10611,10636,10610,10089,10089,10635,1108,10618,10606,72,10608,71,1181:7
10605,10624,10623,10622,10621,181,10620,10619,10038,10606,72,10608,71,1181:7
10602,10603,10605,10624,10623,10621,10620,10619,10038,10606,72,10608,71,1181:7
72,10606,10619,10620,10621,10622,10624,10605,10603,10602,1069,237,10088,10130:7
10612,10611,10636,10610,1034,10089,10089,10635,10618,10606,72,10608,71,1181:7
10622,10623,10624,10605,10603,10602,1069,1070,10629,10615,10086,10105,10118,10140:7
160,10593,10632,10594,10595,10633,10597,10634,10609,10606,72,10608,71,1181:7
10602,10603,10605,10624,10623,10622,10621,10620,10619,10606,72,10608,1181,387:7
85,84,92,1055,1057,10099,10092,91,1056,10064,10078,10090,93,118:7
69,275,73,10088,179,1069,10602,10603,10605,10624,10623,10622,10621,10620:7
10618,10634,10087,10117,10595,10594,10632,10080,10406,1030,10085,10124,10123,264:7
10620,10621,10622,10624,10605,10603,10602,1069,237,10088,10130,73,10005,1:7
10634,10597,10633,10087,10117,10595,10594,237,10595,10117,10087,10633,10597,10634:7
10638,1180,253,10403,10626,10406,1030,10085,10058,1026,75,175,1019,166:7
10142,5,10595,10117,10087,10633,10597,10634,10609,10606,72,10608,71,1181:7
275,73,10130,10088,179,10602,10603,10605,10624,10623,10622,10621,10620,10619:7
234,71,10608,10634,10597,10633,10087,10117,10595,10594,10632,10080,10593,10626:7
10080,10632,10594,10595,10117,10087,10597,10634,10609,10606,72,10608,71,1181:7
10612,10612,10611,10636,10610,1034,10089,10635,1108,10618,10606,72,10608,1181:7
10128,10632,10594,10595,10117,10087,10633,10597,10634,10609,10606,72,71,1181:7
234,10608,72,10606,10619,10033,10620,10621,10622,10623,10624,10605,10603,10602:7
234,71,10608,72,10620,10622,10623,10624,10605,10603,1069,237,10088,10130:7
10057,10056,5,10595,10117,10087,10633,10597,10634,10609,72,10608,71,1181:7
266,10082,10593,10632,10594,10595,10117,10634,10609,10606,72,10608,71,1181:7
234,10608,10606,10038,10619,10033,10620,10621,10622,10623,10624,10605,10603,10602:7
10406,10128,10632,10594,10595,10117,10087,10613,10620,10619,72,10608,71,1181:7
1015,1016,1014,10636,10610,1034,10089,10635,10618,10606,72,10608,71,1181:7
1187,5,10602,10603,10605,10624,10623,10622,10621,10620,10619,10606,10608,1181:7
234,10608,10606,10620,10613,10596,10117,10595,10594,10632,10080,10593,163,10082:7
1187,10602,10603,10605,10624,10623,10622,10621,10620,10619,10606,10608,71,1181:7
234,71,10608,10606,10619,10620,10621,10622,10623,10624,10605,10602,1069,1070:7
234,71,10608,10606,10634,10087,10117,10595,10625,10602,1069,5,10056,10057:7
228,10610,10636,10611,1070,181,1070,10612,10611,10636,10610,1034,181,1182:7
228,10610,10636,10617,10595,10594,10632,10080,10593,163,10082,2,10005,1:7
234,71,10608,72,10606,10619,10620,10613,10596,10117,10595,10594,10632,10593:7
234,10608,72,10606,10038,10619,10033,10620,10621,10622,10623,10624,10605,10603:7
74,10128,10632,10594,10595,10117,10087,10633,10597,10634,10609,72,10608,1181:7
71,10608,10606,10619,10620,10621,10622,10624,10605,10603,10602,1069,1070,10615:7
71,10608,10606,10619,10620,10621,10622,10624,10605,10603,10602,1069,10056,10057:7
10615,10605,10624,10623,10622,10621,181,10620,10619,10606,72,10608,71,1181:7
10638,1180,53,10072,10005,1,10078,1056,91,10092,10099,1057,1055,92:7
234,71,10608,72,10606,10634,10597,10633,10595,10594,10632,10593,163,173:7
234,71,10608,10635,10089,1034,10610,10636,10611,10612,10637,1014,1016,1015:7
10620,10613,10596,10117,10595,10594,10632,10593,163,10082,10070,10126,1018,10068:7
254,275,73,10130,10088,1069,10602,10603,10605,10624,10623,10622,10621,10620:7
10636,10610,1034,10089,10635,10618,10635,10089,1034,10610,10636,10611,10612,10637:7
234,10608,10606,10038,10619,10620,10621,10622,10623,10624,10605,10603,10602,237:7
10620,10621,10622,10623,10624,10605,10603,10602,237,10088,10130,73,275,238:7
1014,10602,10603,10605,10624,10623,10622,10621,10620,10619,10606,72,10608,1181:7
234,71,10608,72,10606,10634,10597,10633,10087,10117,10595,10080,163,10082:7
10620,10621,10622,10623,10624,10605,10603,10600,10629,10615,10086,10105,10118,10140:7
228,10620,10613,10596,10117,10595,10594,10632,10080,10593,163,10082,10070,173:7
234,71,10608,72,10619,10620,10613,10596,10117,10595,10594,10632,10080,10593:7
10082,10593,10080,10632,10594,10595,10117,10087,10613,10620,10619,10608,71,1181:7
1070,10612,10611,10636,10610,1034,10089,10635,1108,10618,10606,10608,71,1181:7
234,71,10608,10606,10619,10620,10621,10622,10624,10605,10603,10600,1070,181:7
1009,1008,1007,1006,1005,1004,1003,1001,579,149,10568,10122,59,10104:7
234,71,10608,10606,10634,10597,10633,10087,10117,10595,10594,5,10056,10057:7
234,71,10608,10619,10620,10621,10622,10623,10624,10605,10603,10602,237,240:7
1180,253,10403,252,5,10602,10603,10605,10624,10623,10622,10621,10620,10619:7
234,10608,10606,10634,10087,10117,10595,10594,10632,10080,10593,163,10082,164:7
10605,10624,10623,10622,10621,10620,10619,10038,10606,72,10608,71,71,1181:7
234,71,10608,72,10606,10634,10087,10117,10595,10594,10632,10406,1030,1030:7
10608,72,10606,10038,10619,10620,10621,10622,10623,10624,10605,10603,10602,1069:7
10612,181,10611,10636,10610,1034,10089,10635,10618,10606,72,10608,71,1181:7
269,234,71,10608,10606,10619,10620,10621,10622,10623,10624,10605,10602,5:7
228,1035,10620,10621,10622,10624,10605,10603,10602,1069,237,10088,10130,73:7
237,10602,10603,10605,10624,10623,10622,10621,10620,10619,72,10608,71,1181:7
10608,72,10606,10619,10620,10621,10622,10623,10624,10605,10603,10602,237,10088:7
269,234,71,10608,10619,10620,10621,10622,10623,10624,10605,10603,10602,237:7
1033,179,1069,10602,10605,10624,10623,10622,10621,10620,10606,10608,71,1181:7
234,71,10608,10634,10597,10633,10087,10117,10595,10594,10632,10080,10593,10108:7
269,234,10608,72,10606,10619,10620,10621,10622,10623,10624,10605,10602,5:7
10620,10621,10622,10623,10624,10605,10603,10602,1069,237,10088,10130,10105,10118:7
10620,10621,10622,10623,10624,10605,10602,1069,237,10088,10130,73,275,254:7
71,10608,72,10606,10634,10087,10117,10595,10594,10632,10080,10406,1030,10085:7
255,10132,67,257,10122,59,10104,10068,1018,10126,160,10070,172,10071:7
10593,10080,10632,10594,10595,10117,10087,10633,10597,10634,10609,72,10608,1181:7
10128,10632,10594,10595,10117,10117,10087,10634,10609,10606,72,10608,71,1181:7
10611,10636,10610,1034,181,10089,10635,1108,10618,10606,72,10608,71,1181:7
234,10608,72,10606,10620,10621,10622,10623,10624,10605,10602,1069,10056,10057:7
234,71,10608,10606,10619,10033,10620,10621,10622,10623,10624,10605,10603,10600:7
234,71,10608,10606,10619,10033,10033,10620,10621,10622,10623,10624,10605,10603:7
274,10410,10142,5,10602,10603,10605,10624,10623,10622,10621,10620,1035,1182:7
10064,1056,91,10092,10099,1055,92,92,1055,1057,10099,10092,91,10064:7
234,10608,72,10606,10038,10619,10620,10621,10622,10624,10605,10603,10602,1069:7
97,10091,136,10081,137,139,1042,87,10103,1041,10129,248,10013,10014:7
234,10608,10619,10620,10622,10623,10624,10605,10603,10602,237,10088,10130,73:7
10080,10602,10603,10605,10624,10623,10622,10621,10620,10619,72,10608,71,1181:7
10620,10622,10623,10624,10605,10603,1069,1070,10629,10615,10086,10105,10118,10140:7
5,1070,10629,10615,10086,10105,10118,10140,10140,10118,10105,10086,10615,1070:7
10064,91,10092,10099,1057,1055,92,1055,1057,10099,10092,91,1056,10064:7
10082,10593,10080,10632,10632,10594,10595,10117,10087,10634,10609,10606,10608,1181:7
10118,10105,10086,10615,10602,10603,10605,10624,10623,10622,10621,10620,1035,1182:7
1069,10602,10605,10624,10623,10622,10621,10620,10606,72,10608,71,1181,1181:7
234,10608,72,10606,10634,10087,10117,10595,10594,10632,10080,10593,10626,240:7
234,71,10608,10619,10620,10621,10622,10623,10624,10605,10603,10602,10615,10086:7
1414,10628,2,1107,182,182,1107,2,1414,1414,10628,2,1107,182:7
234,10608,10606,10634,10597,10087,10117,10595,10594,10632,10080,10593,163,10082:7
10080,10632,10594,10595,10117,10623,10622,10621,10620,10619,10606,10608,71,1181:7
234,10608,72,10606,10619,10620,10621,10622,10624,10605,10603,10602,1069,82:7
10127,83,92,1055,1057,10099,10092,91,1056,10064,10078,10090,93,93:7
10128,1069,10602,10603,10605,10624,10623,10622,10621,10620,10619,10606,10608,1181:7
1164,2,10627,1079,1080,1078,1076,1075,1075,1076,1078,10005,1,93:7
234,71,10608,72,10606,10634,10087,10117,10595,10594,10632,10080,10593,240:7
1108,10635,10089,1034,10610,10636,10617,10595,10594,10632,10080,10593,10626,10406:7
239,73,10130,10088,179,1069,10602,10603,10605,10624,10623,10622,10621,10613:7
10080,10632,10594,10595,10117,10087,10634,10609,10606,72,10608,71,1181,269:7
10145,1166,255,236,254,238,275,2,10005,1,93,93,108,115:7
10600,10605,10624,10623,10622,10621,10620,10033,10619,10038,10606,10608,71,1181:7
92,1057,10099,10092,91,1056,10064,10064,91,10092,10099,1057,1055,92:7
10133,1067,1068,1073,1074,1077,1079,1079,1077,1074,1073,1068,1067,10133:7
10071,10070,10126,1018,172,10068,172,10104,59,10122,10568,156,1173,270:7
10088,179,10602,10603,10605,10624,10623,10622,10621,10620,72,10608,71,1181:7
10097,10095,230,10096,10096,230,10097,10097,10095,230,10096,10096,230,10097:7
1122,143,145,142,144,1115,1114,1121,1115,144,142,145,143,1122:7
234,71,10608,72,10606,10619,10620,10613,10596,10595,10594,10632,10593,163:7
228,1035,1034,10610,10636,10624,10605,10603,10602,237,10088,10130,73,240:7
234,71,10608,72,10606,10634,10597,10117,10595,10594,10632,10593,163,10082:7
10108,10080,10632,10594,10595,10117,10087,10634,10609,10606,10608,71,71,1181:7
10088,1069,10602,10603,10605,10624,10623,10622,10621,10620,10619,72,10608,1181:7
269,234,71,10608,72,10620,10621,10622,10623,10624,10605,10603,10602,10616:6
243,10626,10080,10632,10594,10595,10117,10087,10634,10609,72,10608,71,1181:6
10064,91,10092,10099,1057,1055,92,92,1057,10099,10092,91,1056,10064:6
5,10602,10603,10605,10624,10623,10622,10621,10620,10619,10606,10608,1181,1181:6
10602,10603,10625,10595,10117,10087,10633,10597,10634,10609,10606,10608,71,1181:6
100,10066,1001,1003,1005,1006,1005,1004,1003,1001,10066,102,91,10064:6
234,10608,72,10606,10634,10596,10117,10595,10594,10632,10080,10593,163,10082:6
234,10608,72,10634,10597,10633,10087,10117,10595,10594,10632,10080,10406,10085:6
234,10608,72,10606,10619,10620,10622,10623,10624,10605,10603,10602,1069,5:6
10082,10593,10080,10632,10594,10595,10117,10636,10610,1034,10089,10089,10635,1108:6
69,275,10130,10088,179,1069,10602,10603,10605,10624,10623,10622,10621,10620:6
10082,10593,10080,1069,10602,10603,10605,10624,10623,10622,10621,10620,1035,1182:6
10068,1018,10126,160,10070,172,10082,10593,10080,10632,10594,10625,10603,10600:6
10635,10089,1034,10610,10636,10611,10612,10611,10636,10610,1034,10089,10635,1108:6
234,234,71,10608,10606,10619,10620,10621,10622,10623,10624,10605,10603,10602:6
234,10608,72,10606,1108,10635,10089,1034,10610,10636,10611,10612,10637,10616:6
139,137,10081,136,149,10568,10122,59,10104,10068,1018,10126,160,10070:6
10086,10615,10602,10603,10605,10624,10623,10622,10621,10620,10619,10608,71,1181:6
10624,10605,10603,10602,1069,237,10088,10130,73,275,238,254,254,238:6
234,10608,10606,10619,10620,10621,10622,10623,10624,10605,10603,10600,10612,10637:6
1070,10612,10611,10636,181,10610,10089,10635,10618,10606,72,10608,71,1181:6
10619,10620,10621,10622,10624,10605,10603,10602,1069,237,10088,10130,73,240:6
228,10610,10636,10624,10605,10603,10602,237,10088,10130,73,275,238,254:6
10617,10595,10594,10632,10080,10593,163,10082,10082,10593,10632,10594,10595,10117:6
10088,179,1069,10602,10605,10624,10623,10622,10621,10620,10606,72,10608,1181:6
1070,10612,10611,10636,181,10610,10089,10635,1108,10618,10606,72,10608,1181:6
10611,10636,10610,10089,10635,10618,1108,10635,10089,1034,10610,10636,10611,10612:6
10088,10602,10603,10605,10624,10623,10622,10621,10620,10619,10606,72,10608,71:6
1082,1121,11,9,136,10081,137,139,88,137,10081,136,581,584:6
234,71,10608,10606,10618,1108,10635,10089,1034,10610,10636,10611,1070,181:6
234,71,10608,10606,10620,10622,10623,10624,10605,10603,1069,237,10088,10130:6
234,10608,72,10606,10634,10597,10633,10117,10595,10594,10632,10080,10593,163:6
10056,10057,10064,1056,91,10092,10099,1057,1055,92,84,85,10109,10110:6
234,71,10608,72,10606,10620,10621,10622,10623,10624,10605,10603,10600,1070:6
1035,10620,10621,10622,10624,10605,10603,10602,1069,237,10088,10130,73,240:6
137,10081,136,149,10568,10122,59,10104,10068,1018,10126,160,10070,172:6
10620,10621,10622,10623,10624,10605,10603,10602,1069,252,53,10072,10005,1:6
234,71,10608,72,10606,10634,10087,10117,10595,10594,10632,10080,10403,53:6
269,234,10608,10606,10619,10620,10621,10622,10624,10605,10603,10602,1069,237:6
10603,10605,10624,10623,10622,10621,10620,10619,1108,10606,72,10608,1181,269:6
10621,10622,10623,10624,10605,10602,1069,1070,10629,10615,10086,10105,10118,10140:6
71,10608,72,10606,10619,10620,10621,10622,10623,10624,10605,10602,1069,5:6
73,1069,10602,10605,10624,10623,10622,10621,10620,10606,72,10608,71,1181:6
10082,10593,10080,1069,10602,10603,10605,10624,10623,10622,10621,10620,10619,10618:6
252,10626,161,10592,10070,10126,172,1018,10068,1018,10126,160,10070,252:6
234,10608,72,10606,10634,10087,10117,10595,10594,10632,10593,163,10082,10123:6
92,1055,1057,10099,10092,91,1056,1056,91,10092,10099,1057,1055,92:6
239,73,1033,10130,10088,179,10602,10603,10605,10624,10623,10622,10621,10620:6
582,582,582,582,582,582,582,582,582,582,582,582,582,582:6
10114,10408,10626,10080,10632,10594,10595,10117,10087,10634,10609,10606,10608,1181:6
255,255,10132,67,257,10122,59,10104,10068,1018,10126,160,10070,10071:6
228,1035,1034,10610,10636,10624,10605,10625,10594,10632,10080,10593,163,10082:6
71,10608,10606,10038,10619,10620,10621,10622,10623,10624,10605,10603,10602,5:6
243,10626,10108,1030,10085,10075,254,236,68,10140,10105,10086,10615,5:6
234,71,10608,72,10606,10619,10033,10033,10620,10621,10622,10623,10624,10605:6
10406,10128,10632,10594,10595,10623,10622,10621,10620,10619,72,10608,71,1181:6
10128,10632,10594,10595,10117,10087,10634,10609,10606,72,10608,71,1181,387:6
92,1055,1057,10099,10092,91,1056,10064,10078,10090,93,1164,1,2:6
1014,1070,10602,10595,10117,10087,10634,10609,10606,72,10608,71,1181,269:6
234,71,10608,72,10620,10621,10622,10623,10624,10605,10603,10602,237,10088:6
10602,10603,10605,10624,10623,10622,10621,10620,10038,10606,72,10608,71,1181:6
1173,10013,10014,231,10107,10106,10129,1053,10106,1048,1184,10013,10014,1173:6
92,1057,10099,10092,91,1056,10064,10064,1056,91,10092,10099,1057,92:6
10613,10596,10117,10595,10594,10632,10080,10593,163,10082,10070,172,10126,151:6
179,10602,10603,10605,10624,10623,10622,10621,10620,10619,10606,72,10608,1181:6
10608,72,10606,10634,10597,10633,10087,10117,10595,10594,10632,10593,163,10082:6
234,71,10608,10634,10087,10117,10595,10594,10632,10080,10593,163,10082,173:6
10621,10622,10623,10624,10605,10603,10602,237,10088,10130,73,275,254,151:6
1122,143,145,142,144,142,145,143,1122,1122,143,145,142,144:6
234,10608,10606,10619,10620,10621,10622,10623,10624,10605,10603,10600,10629,10615:6
234,71,10608,72,10606,10620,10621,10622,10623,10624,10605,10602,1069,274:6
10080,10080,10632,10594,10595,10117,10087,10634,10609,10606,72,10608,71,1181:6
234,71,10608,72,10619,10620,10621,10622,10623,10624,10605,10603,10602,274:6
143,145,142,144,142,145,143,143,145,142,144,142,145,143:6
234,10608,72,10606,10619,10620,10621,10622,10623,10624,10605,10603,10602,53:6
10592,10593,10080,10594,10595,10117,10087,10634,10609,10606,72,10608,71,1181:6
10592,10593,10080,10632,10594,10595,10617,10595,10594,10632,10080,10593,163,10082:6
10617,10595,10594,10632,10080,10593,10108,10108,10080,10632,10594,10625,10603,10605:6
1115,1082,1081,1121,11,9,10582,10583,10584,10585,136,10081,137,139:6
100,10066,10131,138,10107,1048,1184,1048,10107,138,102,91,1056,10064:6
1164,1,2,10598,168,65,10017,579,149,584,582,10580,10581,124:6
10602,10603,10605,10624,10623,10622,10621,10620,10606,72,10608,71,1181,269:6
5,10602,10603,10605,10624,10623,10622,10621,10620,10033,10619,10606,72,10608:6
10620,10621,10622,10623,10624,10605,10603,10602,1069,237,10088,10130,275,1026:6
253,10403,10626,163,10082,10070,10126,1018,10068,10104,59,10122,10568,10145:6
10621,10622,10623,10624,10605,10603,10602,237,10088,10130,73,275,254,236:6
10403,10626,10080,10632,10594,10595,10117,10087,10634,10609,10606,72,10608,1181:6
1015,1016,1014,10636,10610,1034,10089,10635,1108,10618,10606,72,10608,1181:6
10057,10056,10602,10603,10605,10624,10623,10622,10621,10620,10619,10606,10608,71:6
73,10088,10602,10603,10605,10624,10623,10622,10621,10620,10619,10606,72,10608:6
240,73,10130,10088,179,1069,10602,10603,10605,10624,10623,10622,10621,10620:6
10082,10593,10080,10632,10594,10595,10087,10634,10609,72,10608,71,71,1181:6
10612,10603,10625,10594,10632,10080,10593,10080,10632,10594,10625,10603,10600,10612:6
234,10608,10606,10620,10621,10622,10623,10624,10605,10602,1069,1070,1014,1016:6
82,5,10595,10117,10087,10633,10597,10634,10609,10606,72,10608,71,1181:6
10064,1056,91,10092,10099,102,10066,1055,1057,10099,10092,91,1056,10064:6
10087,10613,10621,10622,10623,10624,10605,10603,10602,237,10088,10130,73,240:6
10410,5,10602,10603,10605,10624,10623,10622,10621,10620,10619,10608,71,1181:6
10071,10070,10126,1018,10068,172,172,10104,59,10122,10568,257,67,10132:6
234,10608,72,10619,10620,10621,10622,10623,10624,10605,10603,10602,1069,1070:6
92,1055,1057,10099,10092,91,1056,10064,10064,91,10092,10099,1055,92:6
234,71,10608,10606,10620,10622,10623,10624,10605,10603,10602,1069,5,274:6
10619,10620,10621,10622,10623,10624,10605,10603,10602,1069,237,10088,10130,240:6
10064,91,10092,10099,1057,1055,92,92,1055,1057,10092,91,1056,10064:6
270,1173,156,10568,10122,59,10104,10104,10068,1018,10126,160,10070,172:6
234,71,10608,10606,10619,10620,10621,10621,10620,10619,10606,10608,71,1181:6
10057,10056,5,10602,10603,10605,10624,10623,10622,10621,10620,10619,10606,10608:6
73,1033,179,1069,10602,10605,10624,10623,10622,10621,10620,10606,10608,1181:6
10602,10603,10605,10624,10623,10622,10621,10620,10619,10606,10608,71,1181,388:6
10600,10612,10611,10610,1034,10089,10635,1108,10618,10606,72,10608,71,1181:6
71,10608,10619,10620,10621,10622,10623,10624,10605,10603,10602,237,10088,10130:6
10620,10621,10622,10623,10624,10605,10603,10602,237,237,10088,10130,73,240:6
10084,10127,10091,10066,102,91,1056,10064,10078,10090,93,1164,1107,10409:6
234,10608,72,10606,10620,10621,10622,10623,10624,10605,10602,1069,1070,10615:6
95,10057,10056,5,10595,10117,10087,10634,10609,10606,72,10608,71,1181:6
234,10608,72,10634,10597,10633,10087,10117,10595,10594,10632,10080,10593,163:6
234,71,10608,10606,10619,10620,10613,10596,10117,10595,10594,10632,10080,10593:6
10620,10621,10622,10623,10624,10605,10603,10602,237,10088,10130,10128,10403,253:6
10071,10070,10126,172,172,1018,10068,10104,59,10122,10568,156,1173,270:6
234,71,10608,72,10606,10620,10621,10621,10620,10606,72,10608,71,1181:6
10613,10596,10117,10595,10594,10632,10080,10593,163,10082,10070,10126,1018,10104:6
10620,10622,10623,10624,10605,10603,10602,1069,1070,10629,10615,10086,10105,10118:6
270,1173,156,10568,10122,59,10104,10068,1018,10126,160,10070,172,164:6
231,1048,10107,138,10125,10110,1042,119,10125,10062,138,10107,1048,1184:6
10082,10593,10080,10632,10594,10595,10623,10622,10621,10620,10619,10606,10608,1181:6
71,10608,72,10606,10619,10620,10621,10622,10623,10624,10605,10602,10056,10057:6
10077,10076,10405,10124,10123,264,171,10123,10124,10405,171,1028,10076,10077:6
10620,10619,10606,72,10608,71,1181,234,71,10608,72,10606,10619,10620:6
10118,10105,10086,10130,10088,1069,10602,10603,10605,10624,10623,10622,10621,10620:6
234,71,10608,10606,10634,10597,10633,10087,10117,10595,10625,10603,10600,1070:6
10064,1056,91,10092,10099,1057,92,1055,1057,10099,10092,91,1056,10064:6
234,10608,10606,10634,10087,10117,10595,10594,10632,10080,10593,10626,73,240:6
10592,10593,10080,10632,10594,10595,10117,10087,10634,10609,72,10608,71,1181:6
234,10608,72,10619,10620,10621,10622,10623,10624,10605,10603,10602,5,274:6
1108,10635,10089,1034,10610,10636,10611,10612,10611,10636,10610,1034,10089,10635:6
10624,10605,10603,10602,1069,237,10088,10130,10130,10088,1069,10602,10603,10605:6
270,10013,10014,231,1048,10107,138,138,10107,1048,1184,10013,10014,270:6
10568,10122,59,10104,10068,10126,160,10070,172,10082,10593,10080,10632,10594:6
10082,10593,10080,10594,10595,10117,10087,10633,10597,10634,10609,10606,72,10608:6
10602,10602,10603,10605,10624,10623,10622,10621,10620,10619,10606,72,10608,1181:6
5,10602,10603,10605,10624,10622,10621,10620,10619,10606,72,10608,71,1181:6
10128,10632,10594,10595,10117,10623,10622,10621,10620,10619,10606,72,10608,1181:6
234,10608,10606,10038,10619,10033,10033,10620,10621,10622,10623,10624,10605,10603:6
576,95,97,10091,129,582,582,522,10136,129,10084,10127,10091,97:6
10618,1108,10635,10089,1034,10610,10636,10617,10595,10594,10632,10080,10593,10108:6
1031,10108,10080,10594,10595,10117,10087,10634,10609,10606,72,10608,71,1181:6
261,1122,143,145,142,144,1115,1114,1121,1115,144,142,145,143:6
10616,1070,10602,10603,10605,10624,10623,10622,10621,10620,10606,10608,71,1181:6
274,10410,5,10602,10605,10624,10623,10622,10621,10620,10606,10608,71,1181:6
10608,72,10606,10038,10619,10620,10621,10622,10623,10624,10605,10603,10602,5:6
234,71,10608,72,10038,10619,10620,10621,10622,10623,10624,10605,10603,10600:6
100,10066,1001,1003,1005,1006,1005,1004,1001,10066,102,91,1056,10064:6
234,10608,72,10619,10620,10621,10622,10623,10624,10605,10603,10602,5,5:6
5,10602,10603,10605,10624,10623,10622,10621,10620,10619,10608,71,71,1181:6
5,10602,10603,10605,10624,10623,10622,10621,10620,10033,10619,10038,10606,10608:6
234,71,10608,72,10619,10620,10622,10623,10624,10605,10603,10602,5,53:6
264,10082,10593,10080,10632,10594,10595,10117,10087,10634,10609,10606,10608,1181:6
269,234,10608,72,10606,10620,10621,10622,10623,10624,10605,10602,1069,237:6
10620,10613,10596,10117,10595,10594,10632,10080,10593,163,10082,10070,172,172:6
10613,10596,10117,10595,10594,10632,10080,10593,163,10082,10070,10126,1018,10068:6
234,10608,72,10606,10619,10620,10621,10622,10623,10624,10605,10602,237,10088:6
10130,10088,179,1069,10602,10603,10605,10624,10623,10622,10621,10620,1035,1182:6
10088,1069,10602,10603,10605,10624,10623,10622,10621,10620,10619,10608,71,1181:6
226,97,10091,136,10081,137,139,137,10081,136,10084,10127,10091,97:6
10591,10082,10593,10080,10632,10594,10625,10603,10605,10624,10636,10610,1034,1182:6
234,10608,72,10606,10619,10620,10621,10622,10624,10605,10603,10602,1069,10056:6
1169,229,10094,1115,1082,1121,11,9,10582,10583,10584,10585,1003,1005:6
1187,5,10632,10080,10593,163,10082,10082,10593,10080,10632,10594,1187,10007:6
234,10608,10606,10619,10620,10621,10622,10624,10605,10603,10602,1069,53,10072:6
234,71,10608,72,10606,10619,10620,10621,10622,10623,10624,10605,10625,10594:6
10087,10117,10595,10625,10602,1069,237,1069,10602,10603,10625,10595,10117,10087:6
10082,10593,10080,10632,10594,10595,10117,10087,10633,10597,10634,10606,10608,1181:6
10594,10595,10117,10087,10633,10597,10634,10609,10606,72,10608,71,71,1181:6
1167,10073,252,53,10072,10005,1,1164,1,10072,243,252,10073,1167:6
1164,1,2,266,10082,10593,10080,10632,10594,10595,10117,10636,10610,1034:6
234,10608,72,10606,10634,10087,10117,10595,10594,10632,10593,163,10082,164:6
1070,10612,10611,10636,10610,181,1034,10089,10635,10618,10606,72,10608,1181:6
10600,10605,10624,10623,10622,10621,10620,10033,10619,10606,72,10608,71,1181:6
234,71,10608,10606,10619,10620,10621,10622,10623,10624,10605,10602,237,10088:6
10068,10068,1018,10126,160,10070,10082,10593,10080,10632,10594,10595,10117,10087:6
270,1173,156,10568,10122,59,10104,10068,1018,10126,160,10070,173,173:6
10620,10621,10622,10623,10624,10605,10603,10602,237,10088,73,2,10005,1:6
228,10610,10636,10617,10595,10594,10632,10080,10593,163,10082,10070,10126,1018:6
576,95,97,10091,129,582,584,582,10136,129,10084,10127,10091,97:6
137,10081,136,10084,10127,10091,97,1413,226,97,10091,136,10081,137:6
97,136,10081,137,139,88,139,137,10081,136,10084,10127,10091,97:6
181,10612,10611,10636,10610,1034,10089,10635,10618,10606,72,10608,71,1181:6
10593,10632,10594,10595,10633,10597,10634,10609,10606,72,10608,71,71,1181:6
10636,10610,1034,10089,10635,1108,10635,10089,1034,10610,10636,10611,10612,10637:6
234,10608,10606,10620,10622,10623,10624,10605,10603,10602,1069,5,10056,10057:6
71,10608,10606,10619,10620,10621,10622,10623,10624,10605,10603,10602,1069,5:6
1066,1067,1068,1073,1016,1074,1077,1079,1080,1079,1077,1074,1016,1015:6
181,10612,10611,10636,10610,10089,10635,1108,10618,10606,72,10608,71,1181:6
10602,10603,10605,10624,10623,10622,10621,10621,10622,10624,10605,10603,10602,1069:6
234,10608,72,10619,10620,10621,10622,10623,10624,10605,10603,10602,5,10142:6
234,10608,72,10606,10619,10620,10621,10622,10623,10624,10605,10602,237,73:6
228,10610,10636,10624,10605,10603,10602,1069,237,10088,10130,73,275,1026:6
234,10608,72,10606,10619,10620,10621,10622,10624,10605,10603,10600,1070,1014:6
10057,10056,5,10602,10605,10624,10623,10622,10621,10620,10606,72,10608,1181:6
10130,10088,10602,10603,10605,10624,10623,10622,10621,10620,10033,10619,10038,10618:6
10082,10593,10080,10632,10594,10595,10117,10087,10634,10609,10606,10608,71,71:6
10406,10128,10602,10603,10605,10624,10623,10622,10621,10620,10619,10608,71,1181:6
160,10070,10082,10593,10080,10632,10594,10595,10117,10087,10613,10620,1035,1182:6
10608,72,10606,10038,10619,10620,10621,10622,10623,10624,10605,10603,10602,237:6
10130,10602,10603,10605,10624,10623,10622,10621,10620,10619,72,10608,71,1181:6
234,72,10606,10619,10620,10621,10622,10623,10624,10605,10603,10602,1069,5:6
234,71,10608,10606,10038,10619,10033,10620,10621,10622,10623,10624,10605,10624:6
10128,10602,10603,10605,10624,10623,10622,10621,10620,10619,10606,72,10608,1181:6
97,10091,136,10081,137,139,88,139,137,10081,10084,10127,10091,97:6
228,1035,1034,10610,10636,10624,10605,10603,10602,1069,237,10088,10130,240:6
10612,10611,10636,10610,1034,10089,181,10635,1108,10618,10606,72,10608,1181:6
10633,10117,10595,10594,10632,10080,10406,10080,10632,10594,10595,10117,10087,10633:6
234,10608,10606,10038,10619,10620,10621,10622,10623,10624,10605,10603,10602,5:6
97,10091,136,10081,137,139,88,139,137,10081,136,10084,10127,97:6
10082,10080,10632,10594,10595,10117,10087,10633,10597,10634,10609,10606,10608,1181:6
234,71,10608,10634,10087,10117,10595,10594,10632,10080,10593,10626,10406,10085:6
10620,10621,10622,10623,10624,10605,10603,10602,237,10088,10130,73,275,166:6
581,10084,10127,10091,10066,102,91,1056,10078,10090,93,1164,1,1107:6
239,10130,10088,1069,10602,10605,10623,10622,10620,10606,72,10608,71,1181:6
10605,10624,10623,10622,10621,10620,181,10619,10038,10606,72,10608,71,1181:6
100,10066,1001,1003,1004,1005,1006,1005,1004,1003,1001,10066,102,91:6
234,71,10608,72,10606,10619,10620,10621,10622,10624,10605,10624,10624,10605:6
234,71,10608,72,10606,10619,10620,10621,10622,10624,10605,10603,10602,10602:6
10091,136,10081,137,139,88,139,137,10081,136,10084,10127,10091,97:6
10077,10076,10405,10124,10123,264,10070,10126,1018,10068,10104,59,10122,10568:6
1173,10013,10014,231,1048,10107,10106,1053,10106,1048,1184,10013,10014,1173:6
579,149,1015,1016,1014,1070,10602,10603,10605,10624,10623,10622,10621,10620:6
1164,1,10072,243,252,5,10602,10603,10605,10624,10636,10610,1034,1182:6
252,53,10072,10005,1,10078,91,10092,10099,1057,1055,92,84,85:6
10107,138,1046,10110,10109,85,84,92,1055,1057,10092,91,1056,10064:6
234,71,10608,10606,10619,10620,10613,10596,10595,10594,10632,10593,163,10082:6
73,10088,179,10602,10603,10605,10624,10623,10622,10621,10620,72,10608,1181:6
261,1122,143,145,142,144,1115,1121,1115,144,142,145,143,1122:6
10620,10621,10622,10623,10624,10605,10603,10602,237,10088,10088,10130,73,240:6
10089,1034,10610,10636,10617,10595,10594,10632,10080,10593,163,10082,10070,173:6
10082,10080,10632,10594,10595,10117,10633,10597,10634,10609,10606,10608,71,1181:6
160,10070,10082,10593,10080,10632,10594,10595,10117,10636,10610,1034,10089,10635:6
265,1066,1067,1068,1073,10116,78,1077,1074,1016,1073,1068,1067,1066:6
10128,10632,10594,10595,10117,10087,10633,10597,10634,10609,10606,72,10608,71:6
