10082,10593,10080,10632,10594,10595,10117,10087,10634,10609,10606,72,10608,71,1181:794
234,71,10608,72,10606,10634,10087,10117,10595,10594,10632,10080,10593,163,10082:656
5,10602,10603,10605,10624,10623,10622,10621,10620,10619,10606,72,10608,71,1181:480
1069,10602,10603,10605,10624,10623,10622,10621,10620,10619,10606,72,10608,71,1181:377
234,71,10608,72,10606,10619,10620,10621,10622,10624,10605,10603,10602,1069,5:247
234,71,10608,72,10606,10619,10620,10621,10622,10623,10624,10605,10603,10602,5:229
10128,10632,10594,10595,10117,10087,10633,10597,10634,10609,10606,72,10608,71,1181:214
10082,10593,10080,10632,10594,10595,10117,10087,10633,10597,10634,10609,10606,10608,1181:183
10080,10632,10594,10595,10117,10087,10633,10597,10634,10609,10606,72,10608,71,1181:173
1070,10602,10603,10605,10624,10623,10622,10621,10620,10619,10606,72,10608,71,1181:173
234,71,10608,72,10606,10619,10620,10621,10622,10624,10605,10603,10602,1069,237:171
234,71,10608,72,10606,10619,10620,10621,10622,10623,10624,10605,10603,10602,1069:168
10088,10602,10603,10605,10624,10623,10622,10621,10620,10619,10606,72,10608,71,1181:137
10602,10603,10605,10624,10623,10622,10621,10620,10619,10038,10606,72,10608,71,1181:130
10088,1069,10602,10603,10605,10624,10623,10622,10621,10620,10619,10606,10608,71,1181:128
10602,10603,10605,10624,10623,10622,10621,10620,10033,10619,10038,10606,10608,71,1181:107
10602,10603,10605,10624,10623,10622,10621,10620,10619,10606,72,10608,71,71,1181:103
234,71,10608,72,10606,10619,10620,10621,10622,10624,10605,10603,10602,1069,1070:102
234,10608,72,10606,10634,10597,10633,10117,10595,10594,10632,10080,10593,163,10082:101
234,71,10608,72,10606,10619,10620,10621,10622,10623,10624,10605,10603,10602,237:97
10082,10593,10080,10632,10594,10595,10117,10087,10633,10597,10634,10609,10608,71,1181:87
234,71,10608,10606,10634,10597,10633,10117,10595,10594,10632,10080,10593,163,10082:81
234,10608,10606,10619,10620,10621,10622,10624,10605,10603,10602,1069,237,10088,10130:81
10602,10603,10605,10624,10623,10622,10621,10620,10033,10619,10038,10606,72,10608,1181:80
10602,10603,10605,10624,10623,10622,10621,10620,10619,10606,72,10608,71,1181,269:78
234,10608,10606,10634,10597,10633,10087,10117,10595,10594,10632,10080,10593,163,10082:76
10130,10088,10602,10603,10605,10624,10623,10622,10621,10620,10619,72,10608,71,1181:75
10088,1069,10602,10603,10605,10624,10623,10622,10621,10620,10619,10606,72,10608,1181:74
10082,10593,10080,10632,10594,10595,10117,10087,10633,10597,10634,10609,72,10608,1181:72
234,10608,72,10634,10597,10633,10087,10117,10595,10594,10632,10080,10593,163,10082:71
10616,10602,10603,10605,10624,10623,10622,10621,10620,10619,10606,72,10608,71,1181:71
10602,10603,10605,10624,10623,10622,10621,10620,10033,10619,10606,72,10608,71,1181:71
10133,1067,1068,1073,1074,1077,1079,1079,1077,1074,1016,1073,1068,1067,10133:69
10600,10612,10611,10636,10610,1034,10089,10635,1108,10618,10606,72,10608,71,1181:69
234,71,10608,72,10606,10634,10597,10633,10117,10595,10594,10632,10593,163,10082:66
10082,10593,10080,10632,10594,10595,10117,10617,10595,10594,10632,10080,10593,163,10082:64
234,10608,72,10606,10619,10620,10621,10622,10623,10624,10605,10603,10602,1069,5:63
234,71,10608,72,10634,10597,10633,10117,10595,10594,10632,10080,10593,163,10082:62
10082,10593,10080,10632,10594,10595,10117,10613,10620,10619,10606,72,10608,71,1181:61
234,71,10608,72,10606,10038,10619,10620,10621,10622,10623,10624,10605,10603,10602:59
10130,10088,1069,10602,10603,10605,10624,10623,10622,10621,10620,10619,10606,10608,1181:59
10617,10595,10594,10632,10080,10593,163,10082,10082,10593,10080,10632,10594,10595,10117:58
234,71,10608,10606,10634,10597,10633,10087,10117,10595,10594,10632,10593,163,10082:58
266,10082,10593,10080,10632,10594,10595,10117,10087,10634,10609,10606,10608,71,1181:57
234,10608,10606,10619,10620,10621,10622,10623,10624,10605,10603,10602,237,10088,10130:54
234,71,10608,10634,10597,10633,10087,10117,10595,10594,10632,10080,10593,163,10082:54
1030,10406,10128,10632,10594,10595,10117,10087,10634,10609,10606,72,10608,71,1181:54
10057,10056,5,10602,10603,10605,10624,10623,10622,10621,10620,10619,10606,10608,1181:54
10410,10602,10603,10605,10624,10623,10622,10621,10620,10619,10606,72,10608,71,1181:54
97,10091,136,10081,137,139,88,139,137,10081,136,10084,10127,10091,97:53
10057,10056,10602,10603,10605,10624,10623,10622,10621,10620,10619,10606,10608,71,1181:53
234,10608,72,10606,10619,10620,10621,10622,10624,10605,10603,10602,1069,10056,10057:51
234,71,10608,10606,10619,10620,10621,10622,10624,10605,10603,10602,1069,10056,10057:51
10130,10088,10602,10603,10605,10624,10623,10622,10621,10620,10619,10606,10608,71,1181:50
234,71,10608,10606,10619,10620,10621,10622,10623,10624,10605,10603,10602,1069,5:50
234,71,10608,72,10619,10620,10622,10623,10624,10605,10603,10602,237,10088,10130:50
10612,10611,10636,10610,181,1034,10089,10635,1108,10618,10606,72,10608,71,1181:50
10612,10611,10636,10610,1034,10089,10635,1108,10618,10606,72,10608,71,71,1181:50
234,10608,72,10606,10619,10620,10621,10622,10624,10605,10603,10602,1069,237,10088:49
10082,10593,10080,10632,10594,10595,10117,10087,10634,10609,10606,10608,71,71,1181:49
10618,1108,10635,10089,1034,10610,10636,10617,10595,10594,10632,10080,10593,163,10082:48
234,71,10608,10606,10619,10620,10621,10622,10624,10605,10603,10602,1069,237,10088:48
10603,10605,10624,10623,10622,10621,10620,10033,10619,10038,10606,72,10608,71,1181:46
252,10626,161,10592,10070,10126,1018,10068,10068,1018,10126,160,10070,10082,252:43
266,10082,10593,10080,10632,10594,10595,10117,10087,10634,10609,10606,72,10608,1181:43
234,10608,72,10606,10634,10597,10633,10087,10117,10595,10594,10632,10593,163,10082:42
10592,10593,10080,10632,10594,10595,10117,10087,10634,10609,10606,72,10608,71,1181:41
234,71,10608,10619,10620,10621,10622,10623,10624,10605,10603,10602,237,10088,10130:41
1031,10108,10080,10632,10594,10595,10117,10087,10634,10609,10606,72,10608,71,1181:41
234,71,10608,72,10606,10634,10597,10633,10087,10117,10595,10594,10632,10080,10593:39
1164,1,2,1079,1080,1078,1076,1075,1075,1076,1078,2,10005,1,93:39
234,10608,72,10606,10619,10620,10621,10622,10623,10624,10605,10603,10602,237,10088:39
10410,5,10602,10603,10605,10624,10623,10622,10621,10620,10619,10606,10608,71,1181:39
10057,10056,10602,10603,10605,10624,10623,10622,10621,10620,10619,10606,72,10608,1181:38
10608,72,10606,10634,10597,10633,10087,10117,10595,10594,10632,10080,10593,163,10082:37
10406,10128,10632,10594,10595,10117,10087,10633,10597,10634,10609,72,10608,71,1181:37
10130,10088,179,10602,10603,10605,10624,10623,10622,10621,10620,10619,10608,71,1181:37
10130,10088,10602,10603,10605,10624,10623,10622,10621,10620,10619,10606,72,10608,1181:37
1164,2,10627,1079,1080,1078,1076,1075,1075,1076,1078,2,10005,1,93:36
10612,10611,10636,181,10610,1034,10089,10635,1108,10618,10606,72,10608,71,1181:36
10130,10088,1069,10602,10603,10605,10624,10623,10622,10621,10620,10606,10608,71,1181:36
234,71,10608,72,10606,10038,10619,10620,10621,10622,10623,10624,10605,10603,10600:36
73,179,1069,10602,10605,10624,10623,10622,10621,10620,10606,72,10608,71,1181:35
10082,10593,10080,10632,10594,10595,10117,10087,10613,10620,10619,10606,10608,71,1181:35
10082,10593,10080,10594,10595,10117,10087,10633,10597,10634,10609,10606,72,10608,1181:33
71,10608,72,10606,10634,10597,10633,10117,10595,10594,10632,10080,10593,163,10082:33
73,10088,10602,10603,10605,10624,10623,10622,10621,10620,10619,10606,10608,71,1181:33
10612,10611,10636,10610,1034,181,10089,10635,1108,10618,10606,72,10608,71,1181:33
234,71,10608,72,10606,10619,10620,10621,10622,10624,10605,10603,10602,1069,274:32
1069,10602,10603,10605,10624,10623,10622,10621,10620,10619,10606,10608,71,71,1181:32
234,71,10608,72,10606,10619,10620,10621,10622,10623,10624,10605,10603,10602,10616:32
10082,10593,10080,10632,10594,10595,10117,10087,10633,10597,10634,10609,10606,72,10608:31
10082,10593,10080,10632,10594,10595,10117,10087,10613,10620,10619,10606,72,10608,1181:31
265,1066,1067,1068,1073,10116,78,1077,1074,1016,1073,1068,1067,1066,10002:31
269,234,71,10608,72,10606,10619,10620,10621,10622,10624,10605,10603,10602,1069:31
10057,10056,5,10602,10603,10605,10624,10623,10622,10621,10620,10619,72,10608,1181:31
234,71,10608,72,10606,10634,10087,10117,10595,10594,10632,10080,163,10593,10082:31
234,71,10608,72,10606,10634,10087,10117,10595,10594,10632,10080,10593,10626,10406:30
234,71,10608,72,10606,10634,10597,10633,10117,10595,10594,10632,10080,10593,10626:30
234,71,10608,10606,10634,10087,10117,10595,10594,10632,10080,10593,163,10082,173:30
10033,10033,10033,10033,10033,10033,10033,10033,10033,10033,10033,10033,10033,10033,10033:30
10406,10128,10632,10594,10595,10117,10087,10633,10597,10634,10609,10606,10608,71,1181:30
10088,179,1069,10602,10603,10605,10624,10623,10622,10621,10620,10619,10606,10608,1181:30
10612,10611,10636,10610,1034,10089,10089,10635,1108,10618,10606,72,10608,71,1181:29
10593,10080,10632,10594,10595,10117,10087,10633,10597,10634,10609,10606,10608,71,1181:29
10593,10080,10632,10594,10595,10117,10087,10633,10597,10634,10609,10606,72,10608,1181:29
234,71,10608,10606,10619,10620,10621,10622,10623,10624,10605,10602,237,10088,10130:29
10082,10593,10080,10594,10595,10117,10087,10633,10597,10634,10609,10606,10608,71,1181:29
234,71,10608,72,10634,10597,10633,10087,10595,10594,10632,10080,10593,163,10082:29
10082,10593,10080,10632,10594,10595,10117,10087,10087,10634,10609,10606,10608,71,1181:28
10602,10603,10605,10624,10623,10622,10621,10620,10619,10606,72,10608,71,1181,1181:28
10591,10082,10593,10080,10632,10594,10595,10117,10087,10634,10609,72,10608,71,1181:28
10410,5,10602,10603,10605,10624,10623,10622,10621,10620,10619,10606,72,10608,1181:28
234,10608,72,10606,10619,10620,10613,10596,10117,10595,10594,10632,10593,163,10082:28
10088,1069,10602,10603,10605,10624,10623,10622,10621,10620,10606,72,10608,71,1181:28
234,71,10608,72,10606,10619,10620,10621,10622,10623,10624,10605,10602,1069,5:28
234,71,10608,72,10606,10619,10620,10621,10622,10624,10605,10603,10602,1069,53:28
234,10608,72,10619,10620,10621,10622,10623,10624,10605,10603,10602,237,10088,10130:28
10057,10056,5,10602,10603,10605,10624,10623,10622,10621,10620,10619,10608,71,1181:28
73,10088,10602,10603,10605,10624,10623,10622,10621,10620,10619,10606,72,10608,1181:27
234,71,10608,10606,10620,10621,10622,10623,10624,10605,10602,1069,1070,10629,10615:27
234,10608,72,10606,10634,10087,10117,10595,10594,10632,10080,10593,163,10082,173:27
5,10602,10603,10605,10624,10623,10622,10621,10620,10619,10606,10608,71,71,1181:27
82,10602,10603,10605,10624,10623,10622,10621,10620,10619,10606,72,10608,71,1181:27
71,10608,10606,10634,10597,10633,10087,10117,10595,10594,10632,10080,10593,163,10082:27
241,10602,10603,10605,10624,10623,10622,10621,10620,10619,10606,72,10608,71,1181:27
10130,10088,179,10602,10603,10605,10624,10623,10622,10621,10620,10619,72,10608,1181:27
10082,10593,10632,10594,10595,10117,10087,10633,10597,10634,10609,10606,72,10608,1181:27
234,71,10608,72,10619,10620,10621,10622,10623,10624,10605,10603,10602,1069,5:26
10406,10128,10632,10594,10595,10117,10087,10633,10597,10634,10609,10606,72,10608,1181:26
10591,10082,10593,10080,10632,10594,10595,10117,10087,10634,10609,10606,10608,71,1181:26
5,10602,10603,10605,10624,10623,10622,10621,10620,10619,10038,10606,72,10608,1181:26
234,10608,72,10606,10619,10620,10621,10622,10624,10605,10603,10602,1069,1070,1014:26
234,71,10608,10606,10619,10620,10621,10622,10623,10624,10605,10603,10602,1069,237:26
234,10608,72,10606,10619,10620,10621,10622,10623,10624,10605,10603,10602,1069,1070:26
71,10608,10606,10619,10620,10621,10622,10624,10605,10603,10602,1069,237,10088,10130:25
5,10602,10603,10605,10624,10623,10622,10621,10620,10619,10038,10606,10608,71,1181:25
234,10608,10606,10634,10087,10117,10595,10594,10632,10080,10593,163,10082,10070,173:25
234,10608,72,10606,10619,10620,10621,10622,10623,10624,10605,10603,10602,1069,237:25
269,234,10608,72,10606,10634,10087,10117,10595,10594,10632,10080,10593,163,10082:24
234,10608,10606,10619,10620,10613,10596,10117,10595,10594,10632,10080,10593,163,10082:24
265,1066,1067,1068,1073,78,10116,78,1077,1074,1073,1068,1067,1066,10002:24
234,71,10608,72,10606,10619,10033,10620,10621,10622,10623,10624,10605,10603,10602:24
234,71,10608,10606,10619,10620,10621,10622,10624,10605,10603,10602,1069,1070,1014:24
10082,10593,10080,10632,10594,10595,10117,10087,10634,10609,10606,10608,71,1181,1181:23
10057,10056,10602,10603,10605,10624,10623,10622,10621,10620,10619,72,10608,71,1181:23
5,10602,10603,10605,10624,10623,10622,10621,10620,10033,10619,10606,72,10608,1181:23
241,5,10602,10603,10605,10624,10623,10622,10621,10620,10619,10606,10608,71,1181:23
265,1066,1067,1068,1073,79,10116,78,1077,1074,1073,1068,1067,1066,10002:23
10130,10602,10603,10605,10624,10623,10622,10621,10620,10619,10606,72,10608,71,1181:23
10082,10593,10080,10632,10594,10595,10117,10087,10634,10609,10606,10608,71,1181,269:23
274,10410,5,10602,10603,10605,10624,10623,10622,10621,10620,10619,10606,10608,1181:23
1014,1070,10602,10603,10605,10624,10623,10622,10621,10620,10619,10606,10608,71,1181:23
234,71,10608,72,10606,10634,10087,10117,10595,10594,10632,10080,10406,1030,10085:23
234,71,10608,72,10606,10634,10597,10633,10087,10117,10595,10594,10632,10593,10626:23
74,10128,10632,10594,10595,10117,10087,10633,10597,10634,10609,10606,10608,71,1181:23
10082,10593,10080,10632,10594,10595,10117,10633,10597,10634,10609,10606,10608,71,1181:22
234,71,10608,72,10619,10620,10621,10622,10623,10624,10605,10603,10602,1069,237:22
234,71,10608,10606,10619,10620,10621,10622,10623,10624,10605,10603,10602,10629,10615:22
10591,10082,10593,10080,10632,10594,10595,10117,10087,10633,10597,10634,10609,10618,1181:22
234,71,10608,72,10606,10619,10620,10621,10622,10623,10624,10605,10603,10600,1070:22
234,71,10608,10619,10620,10622,10623,10624,10605,10603,10602,237,10088,10130,240:22
5,10602,10603,10605,10624,10623,10622,10621,10620,10033,10619,10038,10606,10608,1181:22
234,10608,10619,10620,10621,10622,10623,10624,10605,10603,10602,237,10088,10130,240:22
234,71,10608,10606,10619,10620,10621,10622,10623,10624,10605,10603,10602,1069,1070:22
234,71,10608,10606,10620,10622,10623,10624,10605,10603,10602,1069,237,10088,10130:22
234,71,10608,72,10606,10634,10087,10117,10595,10594,10632,10593,163,10082,164:21
234,71,10608,72,10619,10620,10621,10622,10623,10624,10605,10603,10602,237,10088:21
266,10082,10593,10080,10632,10594,10595,10117,10087,10634,10609,72,10608,71,1181:21
234,71,10608,72,10606,10620,10621,10622,10623,10624,10605,10602,1069,237,240:21
234,10608,72,10606,10620,10621,10622,10623,10624,10605,10602,1069,1070,10629,10615:21
10627,10406,10128,10632,10594,10595,10117,10087,10634,10609,10606,72,10608,71,1181:21
228,1035,1034,10610,10636,10624,10605,10603,10602,1069,237,10088,10130,73,240:21
10068,1018,10126,160,10070,10082,10593,10080,10632,10594,10595,10117,10087,10633,10597:21
10057,10056,5,10595,10117,10087,10633,10597,10634,10609,10606,72,10608,71,1181:21
234,71,10608,10606,10619,10620,10621,10622,10623,10624,10605,10603,10602,237,10088:21
234,10608,72,10606,10634,10597,10087,10117,10595,10594,10632,10080,10593,163,10082:21
10616,1070,10602,10603,10605,10624,10623,10622,10621,10620,10619,10606,10608,71,1181:20
234,10608,72,10606,10038,10619,10620,10621,10622,10623,10624,10605,10603,10602,5:20
10128,10632,10594,10595,10117,10087,10633,10597,10634,10609,10606,10608,71,71,1181:20
234,10608,72,10606,10620,10622,10623,10624,10605,10603,10602,1069,237,10088,10130:20
10130,10088,1069,10602,10603,10605,10624,10623,10622,10621,10620,10606,72,10608,1181:20
10632,10594,10595,10117,10087,10633,10597,10634,10609,10606,72,10608,71,71,1181:20
269,234,71,10608,10606,10634,10087,10117,10595,10594,10632,10080,10593,163,10082:20
10592,10593,10080,10632,10594,10595,10117,10617,10595,10594,10632,10080,10593,163,10082:20
10130,10088,1069,10602,10603,10605,10624,10623,10622,10621,10620,10619,10606,72,10608:20
234,71,10608,72,10606,10619,10620,10621,10622,10623,10624,10605,10602,1069,237:20
234,71,10608,72,10606,10619,10620,10621,10622,10623,10624,10605,10602,10629,10615:20
234,71,10608,72,10606,10634,10597,10633,10117,10595,10594,10632,10080,10593,10108:19
234,10608,72,10606,10619,10620,10621,10622,10623,10624,10605,10602,237,10088,10130:19
234,71,10608,72,10634,10087,10117,10595,10594,10632,10080,10593,163,10082,164:19
10616,1070,10602,10603,10605,10624,10623,10622,10621,10620,10619,10606,72,10608,1181:19
234,71,10608,72,10606,10620,10621,10622,10623,10624,10605,10602,1069,237,10130:19
234,71,10608,72,10606,10634,10597,10633,10087,10117,10595,10594,10632,163,10082:19
10128,10632,10594,10595,10117,10623,10622,10621,10620,10619,10606,72,10608,71,1181:19
241,5,10602,10603,10605,10624,10623,10622,10621,10620,10619,10606,72,10608,1181:19
234,10608,72,10606,10619,10620,10621,10621,10620,10619,10606,72,10608,71,1181:19
234,71,10608,72,10620,10621,10622,10623,10624,10605,10603,10602,237,10088,10130:19
234,10608,72,10606,10634,10087,10117,10595,10594,10632,10080,10593,163,10082,164:19
73,10130,10088,179,10602,10603,10605,10624,10623,10622,10621,10620,10619,10608,1181:19
10130,10088,10602,10603,10605,10624,10623,10622,10621,10620,10619,10038,10606,10608,1181:19
10612,10611,181,10636,10610,1034,10089,10635,1108,10618,10606,72,10608,71,1181:19
10082,10593,10632,10594,10595,10117,10087,10633,10597,10634,10609,10606,10608,71,1181:19
10602,10603,10605,10624,10623,10622,10621,10620,10033,10619,10038,10606,72,10608,71:18
234,10608,10619,10620,10622,10623,10624,10605,10603,10602,237,10088,10130,73,240:18
10608,72,10606,10619,10620,10621,10622,10624,10605,10603,10602,1069,237,10088,10130:18
234,71,10608,72,10606,10620,10621,10622,10623,10624,10605,10603,10602,1069,5:18
234,71,10608,10606,10634,10597,10633,10087,10117,10595,10594,10632,10080,10593,10626:18
234,71,10608,10606,10634,10597,10087,10117,10595,10594,10632,10080,10593,163,10082:18
10615,10602,10603,10605,10624,10623,10622,10621,10620,10619,10606,72,10608,71,1181:18
10057,10056,5,10602,10605,10624,10623,10622,10621,10620,10606,72,10608,71,1181:18
10082,10593,10080,10632,10594,10595,10117,10623,10622,10621,10620,10619,10606,10608,1181:18
10082,10593,10080,10632,10594,10595,10117,10087,10087,10634,10609,10606,72,10608,1181:18
10602,10603,10605,10624,10623,10622,10621,10033,10620,10619,10038,72,10608,71,1181:18
10128,1069,10602,10603,10605,10624,10623,10622,10621,10620,10619,10606,10608,71,1181:18
5,10602,10603,10605,10624,10623,10622,10621,10620,10033,10619,10606,10608,71,1181:18
10082,10593,10080,10632,10594,10595,10117,10087,10633,10597,10609,10606,10608,71,1181:18
234,71,10608,10606,10038,10619,10620,10621,10622,10623,10624,10605,10603,10602,5:18
10620,10621,10622,10624,10605,10603,10602,1069,237,10088,10130,73,2,10005,1:18
10088,179,10602,10603,10605,10624,10623,10622,10621,10620,10619,72,10608,71,1181:17
241,5,10602,10603,10605,10624,10623,10622,10621,10620,10619,72,10608,71,1181:17
10593,10080,10632,10594,10595,10117,10087,10633,10597,10634,10609,72,10608,71,1181:17
269,234,10608,72,10606,10619,10620,10621,10622,10624,10605,10603,10602,1069,5:17
10142,5,10602,10603,10605,10624,10623,10622,10621,10620,10619,72,10608,71,1181:17
10088,179,10602,10603,10605,10624,10623,10622,10621,10620,10619,10606,10608,71,1181:17
234,71,10608,10606,10619,10620,10621,10622,10623,10624,10605,10602,5,10056,10057:17
234,10608,72,10606,10619,10620,10621,10622,10623,10624,10605,10603,10602,10629,10615:17
100,10066,10131,138,10107,1048,1184,231,1048,10107,138,102,91,1056,10064:17
10082,10593,10632,10594,10595,10117,10633,10597,10634,10609,10606,72,10608,71,1181:17
10082,10593,10080,10632,10594,10595,10117,10087,10634,10609,10606,72,10608,1181,269:17
234,71,10608,10606,10619,10620,10613,10596,10117,10595,10594,10632,10593,163,10082:17
181,10612,10611,10636,10610,1034,10089,10635,1108,10618,10606,72,10608,71,1181:17
234,10608,72,10606,10634,10597,10633,10087,10117,10595,10594,10632,10080,10593,10108:17
10082,10593,10080,10632,10594,10595,10117,10087,10634,10609,72,10608,71,71,1181:17
10108,10080,10632,10594,10595,10117,10087,10633,10597,10634,10609,10606,10608,71,1181:17
10602,10603,10605,10624,10623,10622,10621,10620,10619,10038,10606,10608,71,71,1181:16
274,10410,10602,10603,10605,10624,10623,10622,10621,10620,10619,10606,10608,71,1181:16
10620,10621,10622,10623,10624,10605,10603,10602,237,10088,10130,73,2,10005,1:16
234,71,10608,72,10606,10634,10087,10117,10595,10594,10632,10593,163,10082,173:16
100,10066,1001,1003,1004,1005,1006,1005,1004,1003,1001,10066,102,91,1056:16
234,71,10608,72,10606,10634,10597,10633,10117,10595,10594,10632,10080,10593,163:16
10082,10593,10080,10632,10594,10595,10117,10117,10087,10634,10609,10606,10608,71,1181:16
269,234,71,10608,72,10606,10619,10620,10621,10622,10623,10624,10605,10603,10602:16
252,10626,161,10592,10070,10126,1018,172,10068,1018,10126,160,10070,10082,252:16
234,71,10608,72,10619,10620,10621,10622,10623,10624,10605,10603,10602,10056,10057:16
234,10608,72,10606,10619,10620,10621,10622,10623,10624,10605,10603,10602,237,10130:16
10082,10593,10080,10632,10594,10595,10117,10087,10633,10597,10634,10606,10608,71,1181:16
10080,10632,10594,10595,10117,10623,10622,10621,10620,10619,10606,72,10608,71,1181:16
234,10608,10606,10619,10620,10621,10622,10623,10624,10605,10603,10602,237,10130,240:15
71,10608,72,10606,10619,10620,10621,10622,10623,10624,10605,10603,10602,1069,5:15
234,10608,72,10606,10619,10620,10621,10622,10624,10605,10603,10602,1069,1070,10629:15
10620,10621,10622,10623,10624,10605,10603,10602,10602,10603,10605,10624,10623,10622,10621:15
10615,1070,10602,10603,10605,10624,10623,10622,10621,10620,10619,10606,72,10608,1181:15
234,71,10608,72,10606,10619,10620,10622,10623,10624,10605,10603,10602,1069,5:15
10602,10603,10605,10624,10623,10622,10621,10620,10619,10606,72,10608,71,1181,387:15
1070,10612,10611,10636,10610,1034,10089,10635,1108,10618,10606,72,10608,71,1181:15
10130,10088,1069,10602,10603,10605,10624,10623,10622,10621,10620,10619,10608,71,1181:15
234,71,10608,10619,10620,10622,10623,10624,10605,10603,10602,237,10088,10130,73:15
71,10608,72,10619,10620,10621,10622,10623,10624,10605,10603,10602,237,10088,10130:15
234,10608,72,10606,10634,10597,10633,10087,10117,10595,10594,10632,10080,10593,163:15
10064,91,10092,10099,1057,1055,92,92,1055,1057,10099,10092,91,1056,10064:15
234,10608,72,10606,10619,10620,10621,10622,10623,10624,10605,10602,5,10056,10057:15
234,71,10608,72,10606,10634,10597,10117,10595,10594,10632,10080,10593,163,10082:15
234,71,10608,72,10606,10619,10620,10621,10622,10623,10624,10605,10602,237,10088:15
234,10608,72,10606,10619,10620,10621,10622,10617,10595,10594,10632,10593,163,10082:15
10082,10593,10080,10632,10594,10595,10117,10633,10597,10634,10609,10606,72,10608,1181:15
234,71,10608,72,10606,10620,10622,10623,10624,10605,10603,10602,1069,237,10088:15
243,10626,10080,10632,10594,10595,10117,10087,10634,10609,10606,72,10608,71,1181:15
10088,1069,10602,10603,10605,10624,10623,10622,10621,10620,10619,10606,72,10608,71:15
228,1035,10620,10621,10622,10624,10605,10603,10602,1069,237,10088,10130,73,240:15
1014,1070,10602,10603,10605,10624,10623,10622,10621,10620,10619,10606,72,10608,1181:14
269,234,71,10608,72,10634,10087,10117,10595,10594,10632,10080,10593,163,10082:14
1029,10077,10076,10405,10124,10123,264,10123,10124,10405,1025,1028,1027,10076,10077:14
234,10608,72,10606,10634,10597,10633,10087,10117,10595,10594,10632,10080,10593,10626:14
1070,10612,10611,10636,10610,181,10089,10635,1108,10618,10606,72,10608,71,1181:14
234,71,10608,72,10606,10634,10087,10117,10595,10594,10632,10080,10593,10626,10108:14
269,234,71,10608,10606,10619,10620,10621,10622,10624,10605,10603,10602,1069,237:14
264,10082,10593,10080,10632,10594,10595,10117,10087,10634,10609,10606,10608,71,1181:14
269,234,71,10608,72,10606,10634,10087,10117,10595,10594,10632,10593,163,10082:14
10615,1070,10602,10603,10605,10624,10623,10622,10621,10620,10619,10606,10608,71,1181:14
234,71,10608,72,10634,10087,10117,10595,10594,10632,10080,10593,163,10082,173:14
10591,10082,10593,10080,10632,10594,10595,10117,10087,10634,10609,10606,72,10608,1181:14
10056,10602,10603,10605,10624,10623,10622,10621,10620,10619,10606,72,10608,71,1181:14
234,71,10608,10606,10619,10620,10621,10622,10617,10595,10594,10632,10593,163,10082:14
74,10128,10632,10594,10595,10117,10087,10633,10597,10634,10609,10606,72,10608,1181:14
10082,10593,10080,10632,10594,10595,10087,10633,10597,10634,10609,72,10608,71,1181:14
10602,10603,10605,10624,10623,10622,10621,10620,10621,10622,10623,10624,10605,10603,10602:14
1015,1016,1014,10636,10610,1034,10089,10635,1108,10618,10606,72,10608,71,1181:14
10620,10621,10622,10623,10624,10605,10603,10602,237,10088,10130,73,275,238,254:14
234,10608,10606,10619,10620,10621,10622,10624,10605,10603,10602,1069,5,10056,10057:14
10620,10621,10622,10624,10605,10603,10602,1069,237,10088,10130,73,275,238,254:14
10082,10593,10080,10632,10594,10595,10117,10087,10634,10609,10606,72,10608,1181,1181:14
234,71,10608,10606,10634,10597,10633,10087,10117,10595,10594,10632,10080,10593,10108:14
234,10608,10606,10619,10620,10621,10622,10623,10624,10605,10602,237,10088,10130,240:14
234,10608,72,10619,10620,10622,10623,10624,10605,10603,10602,237,10088,10130,240:14
10082,10593,10080,10632,10594,10595,10117,10087,10633,10597,10634,10609,10618,10618,10634:14
10614,10615,10602,10603,10605,10624,10623,10622,10621,10620,10619,72,10608,71,1181:13
10082,10593,10080,10632,10594,10595,10117,10087,10633,10597,10634,10609,10606,10608,71:13
10068,1018,10126,160,10070,10082,10593,10080,10632,10594,10595,10117,10087,10613,10620:13
234,71,10608,72,10606,10618,1108,10635,10089,1034,10610,10636,10611,10612,10637:13
10088,1069,10602,10603,10605,10624,10623,10622,10621,10620,10619,10606,72,71,1181:13
269,234,71,10608,10606,10619,10620,10621,10622,10624,10605,10603,10602,1069,5:13
5,10602,10603,10605,10624,10623,10622,10621,10620,10619,10606,10608,71,1181,269:13
10600,10605,10624,10623,10622,10621,10620,10033,10619,10038,10606,72,10608,71,1181:13
71,10608,72,10606,10634,10597,10633,10087,10117,10595,10594,10632,10593,163,10082:13
234,10608,72,10619,10620,10613,10596,10117,10595,10594,10632,10080,10593,163,10082:13
10621,10622,10624,10605,10603,10602,1069,1069,10602,10603,10605,10624,10623,10622,10621:13
10117,10595,10594,10632,10080,10593,163,10082,10082,10593,10080,10632,10594,10595,10117:13
234,71,10608,72,10606,10620,10622,10623,10624,10605,10603,10602,1069,10056,10057:13
234,234,71,10608,72,10606,10619,10620,10621,10622,10624,10605,10603,10602,1069:13
234,71,10608,10606,10634,10087,10117,10595,10594,10632,10080,10593,163,10082,164:13
234,10608,72,10606,10619,10620,10621,10622,10623,10624,10605,10602,237,73,240:13
100,10066,1001,1003,1004,1005,1006,1005,1004,1001,10066,102,91,1056,10064:13
234,71,10608,72,10606,10619,10620,10621,10622,10623,10624,10605,10602,10056,10057:13
10082,10593,10080,10632,10594,10595,10117,10087,10633,10597,10634,10609,10606,71,1181:13
10592,10593,10080,10632,10594,10595,10117,10087,10633,10597,10634,10609,10606,10608,1181:12
10621,10622,10623,10624,10605,10603,10602,1069,1070,10629,10615,10086,10105,10118,10140:12
10602,10603,10625,10595,10117,10087,10633,10597,10634,10609,10606,72,10608,71,1181:12
234,71,10608,72,10606,10634,10597,10633,10087,10117,10595,10594,10632,10080,10406:12
92,1057,10099,10092,91,1056,10064,10064,1056,91,10092,10099,1057,1055,92:12
234,10608,72,10606,10634,10087,10117,10595,10594,10632,10080,10593,163,10082,10123:12
82,5,10602,10603,10605,10624,10623,10622,10621,10620,10619,10606,72,10608,1181:12
10142,10602,10603,10605,10624,10623,10622,10621,10620,10619,10606,72,10608,71,1181:12
234,71,10608,10606,10619,10620,10621,10621,10620,10619,10606,72,10608,71,1181:12
10082,10593,10080,10632,10594,10595,10117,10087,10613,10620,10619,72,10608,71,1181:12
10130,10088,179,10602,10603,10605,10624,10623,10622,10621,10620,72,10608,71,1181:12
10082,10593,10080,10632,10594,10595,10117,10087,10597,10634,10609,10606,10608,71,1181:12
274,10410,10602,10603,10605,10624,10623,10622,10621,10620,10619,10606,72,10608,1181:12
10602,10603,10605,10624,10623,10622,10621,10620,10619,10606,72,10608,71,1181,388:12
1414,1078,1076,1075,10616,10088,10130,10128,10130,10088,10616,1075,1076,1078,1414:12
10068,1018,10126,160,10070,172,10082,10593,10080,10632,10594,10595,10117,10087,10613:12
71,10608,10606,10619,10620,10621,10622,10623,10624,10605,10603,10602,237,10088,10130:12
10086,10615,10605,10624,10623,10622,10621,181,10620,10619,10606,72,10608,71,1181:12
10410,5,10602,10603,10605,10624,10623,10622,10621,10620,10619,72,10608,71,1181:12
10128,10602,10603,10605,10624,10623,10622,10621,10620,10619,10606,72,10608,71,1181:12
10608,72,10606,10619,10620,10613,10596,10117,10595,10594,10632,10080,10593,163,10082:12
234,10608,10606,10619,10620,10621,10622,10624,10605,10603,10602,1069,1070,10629,10615:12
10086,10615,10602,10603,10605,10624,10623,10622,10621,10620,10619,10606,10608,71,1181:12
234,71,10608,72,10619,10620,10621,10622,10623,10624,10605,10603,10602,1069,1070:12
234,10608,10606,10620,10621,10622,10623,10624,10605,10602,1069,237,10088,10130,240:12
234,71,10608,72,10606,10619,10620,10621,10622,10623,10624,10605,10602,5,274:12
100,10066,1001,1003,1004,1005,1006,1005,1004,1001,10091,10066,102,91,1056:12
234,71,10608,72,10606,10619,10620,10621,10622,10623,10624,10605,10603,10602,274:12
234,71,10608,72,10606,10620,10621,10622,10623,10624,10605,10602,1069,10056,10057:11
234,71,10608,72,10606,10038,10619,10033,10620,10621,10622,10623,10624,10605,10603:11
10620,10621,10622,10623,10624,10605,10603,10602,1069,237,10088,10130,73,10005,1:11
10082,10593,10080,10594,10595,10117,10087,10634,10609,10606,72,10608,71,71,1181:11
234,10608,72,10606,10619,10620,10621,10622,10624,10605,10603,10602,1069,237,10130:11
10620,10621,10622,10624,10605,10603,10602,1069,1070,10629,10615,10086,10105,10118,10140:11
234,71,10608,10606,10634,10087,10117,10595,10594,10632,10593,163,10082,10070,173:11
10128,10080,10632,10594,10595,10117,10087,10633,10597,10634,10609,10606,10608,71,1181:11
228,1035,10620,10621,10622,10623,10624,10605,10603,10602,237,10088,10130,73,240:11
234,71,10608,72,10606,10634,10597,10633,10087,10117,10595,10594,10632,10593,10108:11
10130,10088,10602,10603,10605,10624,10623,10622,10621,10620,10033,10619,10606,10608,1181:11
5,10602,10603,10605,10624,10623,10622,10621,10620,10619,72,10608,71,1181,269:11
269,234,10608,72,10606,10619,10620,10621,10622,10623,10624,10605,10603,10602,5:11
268,1122,143,145,142,144,116,116,107,144,142,145,143,1122,1171:11
73,10130,10088,179,10602,10603,10605,10624,10623,10622,10621,10620,10608,71,1181:11
234,71,10608,72,10606,10619,10620,10613,10596,10117,10595,10594,10632,10080,10593:11
2,10005,1,10078,100,10066,10131,136,10081,137,139,119,120,138,1184:11
234,71,10608,72,10606,10619,10620,10621,10622,10623,10624,10605,10603,10602,1070:11
10086,10615,10602,10603,10605,10624,10623,10622,10621,10620,10619,72,10608,71,1181:11
10608,72,10606,10619,10620,10621,10622,10623,10624,10605,10603,10602,237,10088,10130:11
234,10608,72,10606,10620,10621,10622,10623,10624,10605,10602,1069,237,73,240:11
10598,10599,1030,10406,10128,10632,10594,10595,10117,10087,10634,10609,10606,10608,1181:11
243,252,10602,10603,10605,10624,10623,10622,10621,10620,10619,10606,10608,71,1181:11
73,10130,10088,10602,10603,10605,10624,10623,10622,10621,10620,10619,10606,10608,1181:11
10142,5,10602,10603,10605,10624,10623,10622,10621,10620,10619,10606,10608,71,1181:11
10618,10619,10620,10621,10622,10624,10605,10603,10602,1069,237,10088,10130,73,240:11
10088,179,10602,10603,10605,10624,10623,10622,10621,10620,10619,10606,72,10608,1181:11
10140,10105,10615,10602,10603,10605,10624,10623,10622,10621,10620,10619,10606,10608,1181:11
10128,1069,10602,10603,10605,10624,10623,10622,10621,10620,10619,10606,72,10608,1181:11
1070,10612,10611,10636,181,10610,1034,10089,10635,1108,10618,10606,10608,71,1181:11
71,10608,72,10606,10634,10597,10087,10117,10595,10594,10632,10080,10593,163,10082:11
10593,10080,10632,10594,10595,10117,10087,10634,10609,10606,72,10608,71,71,1181:11
1014,10602,10603,10605,10624,10623,10622,10621,10620,10619,10606,72,10608,71,1181:11
10108,10080,10632,10594,10595,10117,10087,10633,10597,10634,10609,72,10608,71,1181:11
234,71,10608,72,10634,10597,10633,10087,10117,10595,10594,10632,10080,10593,10108:11
5,10602,10603,10605,10624,10623,10622,10621,10620,10619,10606,10608,71,1181,1181:11
71,10608,72,10606,10634,10087,10117,10595,10594,10632,10080,10593,163,10082,164:11
234,71,10608,72,10606,10619,10620,10621,10622,10624,10605,10603,10600,1070,1014:10
234,71,10608,72,10606,10634,10087,10117,10595,10594,10632,10593,163,10082,10082:10
1015,1016,1014,10602,10603,10605,10624,10623,10622,10621,10620,10619,10608,71,1181:10
234,10608,10606,10619,10620,10621,10622,10623,10624,10605,10603,10602,10629,10615,10086:10
10082,10593,10080,10602,10603,10605,10624,10623,10622,10621,10620,10619,10606,10608,1181:10
1164,2,10628,1031,10108,10130,10088,10602,10603,10605,10624,10623,10622,10621,10620:10
179,10602,10603,10605,10624,10623,10622,10621,10620,10619,10606,72,10608,71,1181:10
1108,10635,10089,10089,1034,10610,10636,10617,10595,10594,10632,10080,10593,163,10082:10
234,71,10608,72,10619,10620,10622,10623,10624,10605,10603,10602,1014,1016,1015:10
73,10088,179,10602,10603,10605,10624,10623,10622,10621,10620,72,10608,71,1181:10
10605,10624,10623,10622,10621,181,10620,10033,10619,10038,10606,72,10608,71,1181:10
10612,10612,10611,10636,10610,1034,10089,10635,1108,10618,10606,72,10608,71,1181:10
1108,10635,10089,1034,10610,10636,10617,10595,10594,10632,10080,10593,163,10082,164:10
10618,10634,10087,10117,10595,10594,10632,10632,10594,10595,10117,10087,10634,10609,10618:10
1069,10602,10603,10605,10624,10623,10622,10621,10620,10619,10606,10608,71,1181,269:10
10602,10603,10605,10624,10623,10622,10621,10613,10621,10622,10623,10624,10605,10603,10602:10
10612,10611,10636,10610,1034,10089,10635,1108,10618,10635,10089,1034,10610,10636,10611:10
71,10608,72,10606,10619,10620,10621,10622,10623,10624,10605,10603,10602,237,10088:10
10057,10056,5,10602,10603,10605,10624,10623,10622,10621,10620,10606,10608,71,1181:10
234,10608,72,10606,10619,10620,10621,10622,10623,10624,10605,10603,10600,10629,10615:10
247,10602,10603,10605,10624,10623,10622,10621,10620,10619,10606,72,10608,71,1181:10
102,91,1056,10064,10078,10090,93,145,145,142,144,97,100,10066,10131:10
234,71,10618,10634,10597,10633,10087,10117,10595,10594,10632,10080,10593,163,10082:10
234,71,10608,72,10606,10619,10620,10621,10621,10620,10619,10606,72,10608,1181:10
1164,1,2,266,10082,10593,10080,10632,10594,10595,10117,10087,10634,10609,10618:10
234,10608,10619,10620,10621,10622,10623,10624,10605,10603,10602,10615,10086,10105,10118:10
10088,1069,179,10602,10603,10605,10624,10623,10622,10621,10620,10619,10606,10608,1181:10
234,71,10608,72,10606,10620,10621,10622,10623,10624,10605,10602,1069,237,73:10
264,10082,10593,10080,10632,10594,10595,10117,10087,10634,10609,72,10608,71,1181:10
10082,10593,10080,10632,10594,10595,10117,10087,10633,10597,10634,10609,72,71,1181:10
10598,10599,10406,10128,10632,10594,10595,10117,10087,10634,10609,72,10608,71,1181:10
10612,10611,10636,10610,1034,10089,181,10635,1108,10618,10606,72,10608,71,1181:10
10088,1069,10602,10603,10605,10624,10623,10622,10621,10620,10619,72,10608,71,1181:10
234,71,10608,10606,10619,10620,10621,10622,10624,10605,10603,10602,1069,1070,10629:10
73,10128,179,10632,10594,10595,10117,10087,10634,10609,10606,72,10608,71,1181:10
5,10602,10603,10605,10624,10623,10622,10621,10620,10619,10606,72,10608,1181,269:10
234,10608,72,10606,10634,10597,10633,10087,10595,10594,10632,10080,10593,163,10082:10
234,71,10608,72,10606,10619,10620,10621,10622,10623,10624,10605,10602,237,240:10
1070,10612,10611,10636,10610,181,1034,10089,10635,1108,10618,10606,10608,71,1181:10
234,71,10608,10606,10620,10621,10622,10623,10624,10605,10602,1069,237,10088,10130:10
1164,2,10108,2,10005,1,93,11,1164,2,10108,2,10005,1,93:10
1030,10128,10632,10594,10595,10117,10087,10633,10597,10634,10609,10606,10608,71,1181:10
234,71,10608,10606,10619,10620,10621,10622,10623,10624,10605,10603,10602,10056,10057:10
1108,10635,10089,1034,10610,10636,10624,10605,10603,10602,237,10088,10130,73,240:10
10618,10635,10089,1034,10610,10636,10611,10612,10611,10636,10610,1034,10089,10635,1108:10
234,71,10608,72,10606,10634,10597,10633,10117,10595,10594,10632,10080,10593,10082:10
71,10608,72,10606,10619,10620,10621,10622,10624,10605,10603,10602,1069,237,10088:10
10621,10622,10623,10624,10605,10603,10602,1069,10602,10603,10605,10624,10623,10622,10621:10
10606,10619,10620,10621,10622,10624,10605,10603,10602,1069,237,10088,10130,73,240:10
228,10620,10621,10622,10623,10624,10605,10603,10602,1069,237,10088,10130,73,240:10
10130,10088,179,1069,10602,10603,10605,10624,10623,10622,10621,10620,10606,10608,1181:10
10608,10606,10619,10620,10621,10622,10624,10605,10603,10602,1069,237,10088,10130,240:10
234,71,10608,72,10606,10619,10620,10621,10622,10623,10624,10605,10603,10602,10629:10
1070,10612,10611,10636,10610,1034,181,10089,10635,1108,10618,10606,10608,71,1181:10
1015,1016,10602,10603,10605,10624,10623,10622,10621,10620,10619,72,10608,71,1181:10
10093,10093,10098,10093,10093,10098,10093,10093,10098,10093,10093,10098,10093,10093,10098:10
95,1164,2,10628,10108,10088,1069,10602,10603,10605,10624,10623,10622,10621,10620:10
234,71,10608,10606,10619,10620,10621,10622,10624,10605,10603,10602,1069,5,53:10
10406,10128,10632,10594,10595,10117,10087,10634,10609,10606,72,10608,71,71,1181:10
234,10608,72,10619,10620,10621,10622,10623,10624,10605,10603,10602,10615,10086,10105:10
234,71,10608,72,10606,10634,10597,10633,10117,10595,10594,10080,10593,163,10082:9
234,71,10608,10619,10620,10613,10596,10117,10595,10594,10632,10080,10593,163,10082:9
10611,10636,10610,1034,10089,10635,1108,10618,10635,10089,1034,10610,10636,10611,10612:9
10097,10095,230,10096,10096,230,10097,10097,10095,230,10096,10096,230,10095,10097:9
1070,10612,10611,181,10636,10610,1034,10089,10635,1108,10618,10606,72,10608,1181:9
1164,1,10072,243,252,10595,10117,10087,10634,10609,10606,72,10608,71,1181:9
10082,10593,10080,10632,10594,10595,10117,10087,10633,10597,10634,10606,72,10608,1181:9
234,71,10608,72,10606,10619,10033,10620,10621,10622,10623,10624,10605,10603,10600:9
234,10608,10606,10619,10620,10621,10622,10623,10624,10605,10603,10602,1069,237,10088:9
234,10608,72,10606,10619,10620,10613,10596,10117,10595,10594,10632,10080,10593,163:9
234,10608,10606,10634,10597,10633,10117,10595,10594,10632,10080,10593,163,10082,164:9
234,71,10608,72,10606,10634,10597,10633,10087,10117,10595,10594,10632,10593,10406:9
10085,1030,10406,10128,10632,10594,10595,10117,10087,10634,10609,10606,10608,71,1181:9
234,71,10608,10634,10087,10117,10595,10594,10632,10080,10593,163,10082,10070,173:9
5,10602,10603,10605,10624,10623,10622,10621,10620,10619,72,10608,71,71,1181:9
160,10070,10082,10593,10080,10632,10594,10595,10117,10087,10634,10609,10606,10608,1181:9
234,10608,10606,10634,10087,10117,10595,10594,10632,10080,10593,10108,2,10005,1:9
234,71,10608,10606,10619,10620,10621,10622,10623,10624,10605,10603,10602,5,274:9
1070,10612,10611,10636,10610,1034,181,10089,10635,1108,10618,10606,72,10608,1181:9
10068,1018,10126,160,10070,172,10082,10593,10080,10632,10594,10625,10603,10600,10612:9
10612,10611,10636,10610,1034,10089,10635,1108,10618,10606,72,10608,71,1181,1181:9
234,10608,72,10606,10619,10620,10621,10622,10623,10624,10605,10603,10602,237,240:9
10140,10086,10615,10602,10603,10605,10624,10623,10622,10621,10620,10619,72,10608,1181:9
234,71,10608,72,10606,10620,10621,10622,10623,10624,10605,10602,1069,1070,10615:9
10600,1070,10602,10603,10605,10624,10623,10622,10621,10620,10619,10606,72,10608,1181:9
234,71,10608,10606,10619,10620,10621,10622,10623,10624,10605,10603,10602,5,53:9
84,92,1055,1057,10099,10092,91,1056,10064,10078,10090,93,93,108,115:9
1164,1,2,1079,1080,1078,1076,1075,1075,1076,1078,10628,10005,1,93:9
10620,10621,10622,10623,10624,10605,10603,10602,1069,237,10088,10130,73,275,10075:9
10621,10622,10623,10624,10605,10603,10602,237,10088,10130,73,275,238,254,236:9
10127,83,92,1057,10099,10092,91,1056,10064,10078,10090,93,93,108,115:9
234,71,10608,10606,10619,10620,10621,10622,10624,10605,10603,10602,1069,10073,1167:9
10612,181,10611,10636,10610,1034,10089,10635,1108,10618,10606,72,10608,71,1181:9
234,71,10608,72,10606,10620,10621,10622,10623,10624,10605,10603,10602,1069,1070:9
234,71,10608,72,10619,10620,10621,10622,10623,10624,10605,10603,10602,10615,10086:9
270,1173,156,10568,10122,59,10104,10068,1018,10126,160,10070,172,10071,1107:9
1030,10406,10128,10632,10594,10595,10117,10087,10633,10597,10634,10609,10606,10608,1181:9
10145,1166,1015,1016,1074,1077,1080,1080,1079,1077,1074,1016,1015,1166,10145:9
234,71,10608,72,10606,10619,10620,10613,10596,10117,10595,10594,10632,10593,163:9
1069,10602,10603,10605,10624,10623,10622,10621,10620,10619,10606,72,10608,1181,269:9
234,71,10608,10606,10634,10597,10633,10087,10117,10595,10594,10632,10080,10593,163:9
82,5,10602,10603,10605,10624,10623,10622,10621,10620,10619,10606,10608,71,1181:9
234,71,10608,72,10634,10597,10633,10087,10117,10595,10594,10632,10080,10593,10626:9
269,234,71,10608,72,10606,10619,10620,10621,10622,10623,10624,10605,10602,10616:9
10620,10621,10622,10623,10624,10605,10603,10602,1069,237,10088,10130,73,275,1026:9
10591,10082,10593,10080,10632,10117,10087,10633,10597,10634,10606,72,10608,71,1181:9
10128,10080,10632,10594,10595,10117,10087,10633,10597,10634,10609,10606,72,10608,1181:9
265,1066,1067,1068,1073,78,78,1077,1074,1016,1073,1068,1067,1066,10002:9
234,10608,10606,10619,10620,10621,10622,10623,10624,10605,10603,10602,237,10088,240:9
85,84,92,1055,1057,10099,10092,91,1056,10064,10078,10090,93,1164,1:9
10089,1034,10610,10636,10611,1070,181,10602,10603,10605,10624,10623,10622,10621,10620:9
269,234,71,10608,72,10619,10620,10621,10622,10623,10624,10605,10603,10602,10616:9
1033,179,1069,10602,10605,10624,10623,10622,10621,10620,10606,72,10608,71,1181:9
10108,10080,10632,10594,10595,10117,10087,10633,10597,10634,10609,10606,72,10608,1181:9
269,234,10608,72,10606,10619,10620,10621,10622,10624,10605,10603,10602,1069,237:9
132,1177,1177,127,132,132,1177,1177,127,132,132,1177,1177,127,132:9
10621,10622,10624,10605,10603,10602,1069,237,10088,10130,73,275,238,254,236:9
234,71,10608,10619,10620,10621,10622,10623,10624,10605,10603,10602,1014,1016,1015:9
10613,10596,10117,10595,10594,10632,10080,10593,163,10082,10070,10126,1018,172,172:9
10133,1067,1068,1073,1016,1074,1077,1079,1079,1077,1074,1016,1073,1068,1067:9
10088,10602,10603,10605,10624,10623,10622,10621,10620,10033,10619,10038,10606,10608,1181:9
234,10608,72,10606,10619,10620,10621,10622,10623,10624,10605,10602,10629,10615,10086:9
234,71,10608,72,10606,10634,10597,10633,10117,10595,10594,10632,10080,10593,10406:9
234,71,10608,72,10619,10620,10622,10623,10624,10605,10603,10602,5,10056,10057:9
1033,10088,179,10602,10603,10605,10624,10623,10622,10621,10620,10619,10606,10608,1181:9
10405,10085,10406,10128,10632,10594,10595,10117,10087,10634,10609,72,10608,71,1181:9
10088,179,1069,10602,10605,10624,10623,10622,10621,10620,10606,72,10608,71,1181:9
234,10608,72,10606,10619,10620,10621,10622,10624,10605,10603,10602,1069,5,274:9
243,252,10602,10603,10605,10624,10623,10622,10621,10620,10619,10606,72,10608,1181:9
239,10602,10603,10605,10624,10623,10622,10621,10620,10619,10606,72,10608,71,1181:9
71,10608,72,10634,10597,10633,10087,10117,10595,10594,10632,10080,10593,163,10082:9
234,71,10608,10606,10634,10087,10117,10595,10594,10632,10080,10406,1030,10085,10058:9
10082,10593,10080,10632,10594,10595,10623,10622,10621,10620,10619,72,10608,71,1181:9
10598,10599,1030,10128,10632,10594,10595,10117,10087,10634,10609,10606,10608,71,1181:9
10608,72,10606,10634,10087,10117,10595,10594,10632,10080,10593,163,10082,10070,173:9
92,1055,1057,10099,10092,91,1056,10064,10078,91,10092,10099,1057,1055,92:9
234,71,10608,72,10606,10620,10621,10622,10623,10624,10605,10602,1069,5,274:9
234,71,10608,10606,10620,10613,10596,10117,10595,10594,10632,10080,10593,163,10082:9
269,234,71,10608,72,10619,10620,10621,10622,10623,10624,10605,10603,10602,5:9
234,71,10608,72,10634,10087,10117,10595,10594,10632,10080,10593,163,10082,10123:9
520,581,10084,10127,10091,97,1164,1037,1037,10005,1,93,97,10091,584:8
92,1055,1057,10099,10092,91,1056,10064,10064,1056,91,10092,10099,1057,92:8
10088,10602,10603,10605,10624,10623,10622,10621,10620,10619,10606,10608,71,71,1181:8
252,10626,10108,161,10592,10070,10126,1018,10068,1018,10126,160,10070,10082,252:8
234,10608,72,10606,10619,10620,10621,10622,10623,10624,10605,10603,10600,10612,10637:8
10621,10622,10623,10624,10605,10603,10602,1069,237,10088,10130,73,275,238,254:8
234,71,10608,72,10634,10087,10117,10595,10594,10632,10080,10593,163,10082,10082:8
264,10082,10593,10080,10632,10594,10595,10117,10087,10634,10609,10606,72,10608,1181:8
10082,10593,10080,10632,10594,10117,10087,10633,10597,10634,10609,10606,72,10608,1181:8
10131,92,1055,1057,10099,10092,91,1056,10064,10078,10090,93,93,108,115:8
10410,5,10602,10603,10605,10624,10623,10622,10621,10620,10606,72,10608,71,1181:8
234,10608,72,10606,10619,10620,10621,10622,10624,10605,10603,10602,1069,5,5:8
1066,1067,1068,1073,1074,1077,1079,1079,1077,1074,1073,1068,1067,1066,139:8
234,71,10608,72,10606,10634,10087,10117,10595,10594,10632,10080,10408,10114,10071:8
10057,10056,10602,10603,10605,10624,10623,10622,10621,10620,10606,72,10608,71,1181:8
10593,10632,10594,10595,10117,10087,10633,10597,10634,10609,10606,72,10608,71,1181:8
10602,10602,10603,10605,10624,10623,10622,10621,10620,10619,10606,72,10608,71,1181:8
234,10608,72,10606,10619,10620,10621,10622,10623,10624,10605,10603,10602,5,274:8
10406,10128,10632,10594,10595,10117,10087,10633,10597,10634,10609,10606,72,10608,71:8
10128,10128,10632,10594,10595,10117,10087,10633,10597,10634,10609,10606,10608,71,1181:8
234,10608,72,10619,10620,10621,10622,10623,10624,10605,10603,10602,5,10056,10057:8
95,1164,1,2,10108,10088,1069,10602,10603,10605,10624,10623,10622,10621,10620:8
10105,10086,10615,10602,10603,10605,10624,10623,10622,10621,10620,10619,72,10608,1181:8
234,10608,72,10606,10634,10087,10117,10595,10594,10632,10593,163,10082,10070,173:8
234,71,10608,72,10606,10619,10087,10117,10595,10594,10632,10080,10593,163,10082:8
234,71,10608,10606,10619,10620,10621,10622,10623,10624,10605,10602,237,73,240:8
234,71,10608,72,10606,10634,10087,10117,10595,10625,10602,1069,5,10056,10057:8
163,10082,10082,10593,10080,10632,10594,10595,10117,10087,10633,10597,10634,10609,10618:8
10608,10606,10619,10620,10621,10622,10623,10624,10605,10603,10602,1069,237,10088,10130:8
10603,10605,10624,10623,10622,10621,10620,10619,10038,10606,72,10608,71,1181,269:8
73,179,10602,10603,10605,10624,10623,10622,10621,10620,10619,72,10608,71,1181:8
234,71,10608,72,10606,10619,10620,10621,10622,10623,10624,10605,10602,1069,1070:8
234,71,10608,72,10606,10619,10620,10621,10622,10623,10624,10605,10603,10602,10602:8
234,10608,72,10619,10620,10621,10622,10623,10624,10605,10603,10602,1069,237,10088:8
10597,10633,10087,10117,10595,10594,10632,10080,10593,163,10082,10070,172,172,10126:8
10603,10625,10594,10632,10080,10593,163,10082,10082,10593,10080,10632,10594,10625,10603:8
10086,10615,10602,10603,10605,10624,10623,10622,10621,10620,10619,10606,72,10608,1181:8
1035,1034,10610,10636,10624,10605,10603,10602,1069,237,10088,10130,73,275,1026:8
10082,10593,10080,10632,10594,10625,10603,10605,10624,10623,10622,10621,10620,10619,10618:8
10064,91,10092,10099,1057,1055,92,10131,92,1057,10099,10092,91,1056,10064:8
10617,10595,10594,10632,10080,10593,163,10082,10070,10126,1018,10104,59,10122,10568:8
234,71,10608,10634,10597,10633,10117,10595,10594,10632,10080,10593,163,10082,164:8
71,10608,72,10606,10619,10620,10621,10622,10624,10605,10603,10602,1069,10056,10057:8
10130,10088,1069,10602,10603,10605,10624,10623,10622,10621,10620,10619,10606,10608,71:8
10405,10085,1030,10128,10632,10594,10595,10117,10087,10634,10609,10606,10608,71,1181:8
73,10602,10603,10605,10624,10623,10622,10621,10620,10619,10606,72,10608,71,1181:8
1070,10602,10603,10605,10624,10623,10622,10621,10620,10606,72,10608,71,71,1181:8
1031,10108,10080,10632,10594,10595,10117,10087,10633,10597,10634,10609,10608,71,1181:8
234,71,10608,10606,10038,10619,10620,10621,10622,10623,10624,10605,10603,10602,1069:8
234,71,10608,72,10606,10619,10620,10621,10622,10623,10624,10605,10603,10602,53:8
10082,10593,10080,10632,10594,10595,10117,10087,10633,10597,10609,10606,72,10608,1181:8
73,10088,179,1069,10602,10605,10624,10623,10622,10621,10620,10606,72,10608,1181:8
10082,10593,10080,10632,10594,10595,10623,10622,10621,10620,10619,10606,10608,71,1181:8
1122,143,145,142,144,1115,1114,1121,10079,1115,144,142,145,143,1122:8
234,71,10608,72,10606,10620,10621,10622,10623,10624,10605,10603,10602,1069,237:8
10568,10122,59,10104,10068,1018,10126,160,10070,10070,10126,1018,10104,10122,10568:8
265,1066,1067,1068,1073,79,78,10116,1077,1074,1073,1068,1067,1066,10002:8
100,10066,1001,1003,1005,1006,1005,1004,1003,1001,10066,102,91,1056,10064:8
73,10088,179,10602,10603,10605,10624,10623,10622,10621,10620,10619,10608,71,1181:8
234,71,10608,72,10606,10619,10620,10621,10622,10623,10624,10605,10603,10600,10612:8
73,10088,1069,10602,10603,10605,10624,10623,10622,10621,10620,10619,10606,10608,1181:8
10612,10611,10636,10610,1034,10089,10635,1108,10618,10606,72,10608,71,1181,269:8
234,71,10608,72,10619,10620,10621,10622,10623,10624,10605,10603,10602,237,240:8
234,10608,10606,10620,10621,10622,10623,10624,10605,10603,10602,1069,237,10088,10130:8
10013,10014,248,10129,1041,10103,87,139,137,10081,136,10084,10127,10091,97:8
10602,10603,10605,10624,10623,10622,10621,10620,10621,10622,10624,10605,10603,10602,1069:8
10082,10593,10080,10632,10594,10595,10117,10117,10087,10634,10609,10606,72,10608,1181:8
234,71,10608,72,10606,10634,10597,10087,10117,10595,10594,10632,10593,163,10082:8
10602,10603,10605,10624,10623,10622,10621,10621,10622,10623,10624,10605,10603,10602,1069:8
234,71,10608,72,10620,10622,10623,10624,10605,10603,1069,237,10088,10130,240:8
234,71,72,10606,10619,10620,10621,10622,10623,10624,10605,10603,10602,1069,1070:8
10064,91,10092,10099,1057,92,10131,92,1055,1057,10099,10092,91,1056,10064:8
10082,10593,10632,10594,10595,10117,10087,10633,10597,10634,10609,72,10608,71,1181:8
234,71,10608,72,10606,10634,10087,10117,10595,10594,10632,10080,10593,10626,240:8
266,10082,10593,10080,10632,10594,10595,10117,10087,10634,10609,10606,72,10608,71:8
234,10608,72,10606,10620,10621,10622,10623,10624,10605,10602,1069,237,10088,10130:8
234,234,10608,72,10606,10634,10087,10117,10595,10594,10632,10080,10593,163,10082:8
92,1055,1057,10099,10092,91,1056,10064,1056,91,10092,10099,1057,1055,92:8
10130,10088,10602,10603,10605,10624,10623,10622,10621,10620,10619,10038,10606,72,10608:8
100,10066,10131,138,10107,1048,1184,231,10107,138,10131,102,91,1056,10064:8
10140,10615,1070,10602,10603,10605,10624,10623,10622,10621,10620,10619,10606,10608,1181:8
234,71,10608,72,10606,10619,10620,10613,10596,10117,10595,10594,10632,163,10082:8
85,84,92,1057,10099,10092,91,1056,10064,10078,10090,93,93,108,115:8
1069,10602,10603,10605,10624,10623,10622,10621,10620,10606,72,10608,71,71,1181:8
10602,10603,10605,10624,10623,10622,10621,10621,10622,10623,10624,10605,10603,10602,5:8
234,10608,72,10606,10620,10622,10623,10624,10605,10603,10602,1069,5,10056,10057:8
10620,10621,10622,10623,10624,10605,10603,10602,1069,1070,10629,10615,10086,10105,10118:8
1070,10612,181,10611,10636,10610,10089,10635,1108,10618,10606,72,10608,71,1181:8
269,234,71,10608,72,10606,10620,10621,10622,10623,10624,10605,10602,1069,237:8
10087,10117,10595,10594,10632,163,10082,10082,10593,10080,10632,10594,10595,10117,10087:8
234,10608,10619,10620,10621,10622,10623,10624,10605,10603,10602,1069,237,10088,10130:8
10087,10117,10595,10594,10632,10080,10593,10626,10406,10080,10632,10594,10595,10117,10087:8
234,10608,72,10606,10038,10619,10620,10621,10622,10623,10624,10605,10603,10602,1069:8
10082,10080,10632,10594,10595,10117,10087,10633,10597,10634,10609,10606,72,10608,1181:8
10082,10080,10632,10594,10595,10117,10087,10633,10597,10634,10609,10606,10608,71,1181:8
10080,10632,10594,10595,10117,10087,10633,10597,10634,10609,10606,10608,71,71,1181:8
234,10608,72,10606,10634,10597,10633,10087,10117,10595,10594,10080,10593,163,10082:8
10105,10086,10615,10602,10603,10605,10624,10623,10622,10621,10620,10619,10608,71,1181:8
10082,10593,10080,10632,10594,10595,10117,10087,10634,10609,10606,10608,71,1181,387:8
10406,10406,10128,10632,10594,10595,10117,10087,10634,10609,10606,72,10608,71,1181:8
234,10608,10606,10620,10622,10623,10624,10605,10603,10602,1069,237,10088,10130,240:8
10620,10613,10596,10117,10595,10594,10632,10080,10593,163,10082,10070,172,172,10126:8
1066,1067,1068,1073,1074,1077,1079,10414,1077,1074,1073,1068,1067,1066,139:8
10130,10088,10602,10603,10605,10624,10623,10622,10621,10620,10033,10619,10038,10606,10608:8
10057,10056,5,10602,10603,10605,10624,10623,10622,10621,10620,10619,10606,10608,71:8
237,1069,10602,10603,10605,10624,10623,10622,10621,10620,10619,10606,10608,71,1181:8
10082,10082,10593,10080,10632,10594,10595,10117,10087,10634,10609,10606,10608,71,1181:8
239,73,179,1069,10602,10605,10624,10623,10622,10621,10620,10606,72,10608,1181:8
234,71,10608,10634,10087,10117,10595,10594,10632,10080,10593,163,10082,10070,10126:8
10406,10128,10594,10595,10117,10087,10633,10597,10634,10609,10606,72,10608,71,1181:7
1164,1,10072,243,252,5,10602,10603,10605,10624,10623,10622,10621,10620,10619:7
173,10082,10593,10080,10632,10594,10595,10117,10087,10634,10609,10606,72,10608,1181:7
234,71,10608,72,10606,10634,10087,10117,10595,10594,10632,10403,253,10056,10057:7
95,100,10066,102,91,10064,1413,226,95,100,10066,102,91,10064,1413:7
10620,10621,10622,10623,10624,10605,10603,10602,1069,1070,10615,10086,10105,10118,10140:7
10602,10603,10605,10624,10623,10622,10621,10620,10619,10606,10608,71,71,1181,269:7
234,10608,72,10606,10634,10087,10117,10595,10594,10632,10080,10406,1030,10085,10058:7
234,71,10608,10606,10634,10087,10117,10595,10594,10632,10080,10593,163,10082,10070:7
234,10608,72,10619,10620,10621,10622,10623,10624,10605,10603,10602,237,10088,240:7
160,10070,10082,10593,10080,10632,10594,10595,10117,10087,10633,10597,10634,10609,10618:7
234,10608,72,10619,10620,10621,10622,10623,10624,10605,10603,10602,237,73,240:7
234,71,10608,10606,10619,10620,10621,10622,10624,10605,10603,10602,1069,237,10130:7
234,1108,10635,10089,1034,10610,10636,10617,10595,10594,10632,10080,10593,163,10082:7
164,10082,10593,10080,10632,10594,10595,10117,10087,10634,10609,10606,10608,71,1181:7
73,10088,179,1069,10602,10605,10624,10623,10622,10621,10620,10606,10608,71,1181:7
1070,10602,10603,10605,10624,10623,10622,10621,10620,10619,10606,10608,71,1181,269:7
234,71,10608,72,10606,10634,10597,10633,10087,10117,10595,10594,10632,10593,163:7
234,10608,72,10606,10620,10621,10622,10623,10624,10605,10602,1069,5,10056,10057:7
237,10602,10603,10605,10624,10623,10622,10621,10620,10619,10606,72,10608,71,1181:7
1069,10602,10603,10605,10624,10623,10622,10621,10620,10619,10038,10606,72,10608,1181:7
266,10082,10593,10080,10632,10594,10595,10117,10087,10634,10609,10606,72,71,1181:7
234,71,10608,10606,10619,10620,10621,10622,10624,10605,10603,10602,1069,1070,10616:7
234,71,10608,72,10606,10038,10619,10620,10621,10622,10624,10605,10603,10602,1069:7
234,10608,72,10606,10620,10622,10623,10624,10605,10603,10602,1069,1070,10629,10615:7
234,71,10608,10606,10634,10597,10633,10087,10595,10594,10632,10080,10593,163,10082:7
234,234,71,10608,72,10606,10619,10620,10621,10622,10623,10624,10605,10603,10602:7
10082,10593,10080,10632,10594,10595,10117,10087,10634,10609,10606,72,10608,1181,387:7
95,1164,2,10628,10108,10130,10088,10602,10603,10605,10624,10623,10622,10621,10620:7
10608,10606,10619,10620,10621,10622,10623,10624,10605,10603,10602,237,10088,10130,240:7
10088,10602,10603,10605,10624,10623,10622,10621,10620,10619,10606,10608,71,1181,269:7
263,234,71,10608,72,10606,10619,10620,10621,10622,10624,10605,10603,10602,1069:7
10133,1067,1068,1073,1074,1077,1079,1079,1077,1074,1073,1068,1067,1066,1166:7
10130,10088,10602,10603,10605,10624,10623,10622,10621,10620,10033,10619,10606,72,10608:7
10140,10615,10602,10603,10605,10624,10623,10622,10621,10620,10619,10606,72,10608,1181:7
139,137,10081,136,10084,10127,10091,97,95,97,10091,136,10081,137,139:7
10086,10615,1070,10602,10603,10605,10624,10623,10622,10621,10620,10606,72,10608,1181:7
234,71,10608,72,10606,10634,10087,10117,10595,10625,10602,1069,10056,10057,95:7
1108,10635,10089,1034,10610,10636,10624,10605,10603,10602,1069,237,10088,10130,73:7
239,179,1069,10602,10605,10624,10623,10622,10621,10620,10606,72,10608,71,1181:7
265,1066,1067,1068,1073,78,10116,78,1077,1074,1016,1073,1068,1066,10002:7
1069,10602,10603,10605,10624,10623,10622,10621,10620,10033,10619,10606,10608,71,1181:7
1031,10108,10080,10632,10594,10595,10117,10087,10633,10597,10634,10609,10606,10608,1181:7
10082,10593,10594,10595,10117,10087,10633,10597,10634,10609,10606,72,10608,71,1181:7
10082,10593,10080,10632,10594,10595,10117,10087,10633,10597,10634,10609,72,10608,71:7
5,10602,10603,10605,10624,10623,10622,10621,10620,10619,10038,72,10608,71,1181:7
10597,10633,10087,10117,10595,10594,10632,10080,10593,10626,10406,1030,10085,10058,1026:7
10130,10088,10602,10603,10605,10624,10623,10622,10621,10620,10619,10606,72,10608,71:7
10624,10605,10603,10602,1069,237,10088,10130,10130,10088,1069,10602,10603,10605,10624:7
10600,10602,10603,10605,10624,10623,10622,10621,10620,10619,10606,72,10608,71,1181:7
255,255,10132,67,257,10122,59,10104,10068,1018,10126,160,10070,172,10071:7
234,71,10606,10619,10620,10621,10622,10624,10605,10603,10602,1069,237,10088,10130:7
234,10608,72,10606,10619,10620,10621,10622,10623,10624,10605,10603,10602,237,10080:7
243,252,5,10595,10117,10087,10633,10597,10634,10609,10606,72,10608,71,1181:7
10140,10105,10086,10615,10602,10603,10605,10624,10623,10622,10621,10620,10619,10608,1181:7
238,254,275,73,10130,10088,179,10602,10603,10605,10624,10623,10622,10621,10620:7
234,71,10608,72,10038,10619,10033,10620,10621,10622,10623,10624,10605,10603,10602:7
234,71,10608,72,10606,10634,10597,10633,10087,10117,10595,10625,10603,10600,1070:7
71,10608,72,10606,10038,10619,10620,10621,10622,10623,10624,10605,10603,10602,5:7
234,71,10608,10606,10634,10087,10117,10595,10594,10632,10080,10593,10108,10005,1:7
243,10626,10080,10632,10594,10595,10117,10087,10633,10597,10634,10609,10606,10608,1181:7
71,10608,72,10606,10038,10619,10620,10621,10622,10623,10624,10605,10603,10602,237:7
234,71,10608,10606,10038,10619,10620,10621,10622,10623,10624,10605,10603,10602,237:7
1019,75,166,1026,175,10058,10085,1030,10406,10128,10632,10594,10595,10117,10087:7
95,1164,1,2,10108,10130,10088,10602,10603,10605,10624,10623,10622,10621,10620:7
234,10608,72,10606,10634,10087,10117,10595,10594,10632,10080,10593,163,10082,10082:7
10630,10627,10128,10632,10594,10595,10117,10087,10634,10609,10606,72,10608,71,1181:7
73,10130,10088,10602,10603,10605,10624,10623,10622,10621,10620,10619,72,10608,1181:7
1122,143,145,142,144,144,142,145,143,1122,1122,143,145,142,144:7
71,10608,72,10606,10634,10597,10633,10087,10117,10595,10594,10632,10080,10593,10626:7
71,10608,72,10606,10619,10620,10621,10622,10624,10605,10603,10602,1069,1070,1014:7
160,10070,10082,10593,10080,10632,10594,10595,10117,10087,10634,10609,10608,71,1181:7
234,71,10608,72,10606,10619,10620,10613,10634,10609,10606,72,10608,71,1181:7
234,10608,72,10606,10634,10087,10117,10595,10594,10632,10632,10080,10593,163,10082:7
10615,1070,10602,10603,10605,10624,10623,10622,10621,10620,10619,10606,72,10608,71:7
234,10608,72,10606,10619,10033,10620,10621,10622,10623,10624,10605,10603,10602,5:7
234,71,10608,72,10606,10634,10087,10117,10595,10594,10632,10080,10593,10108,10108:7
10568,10122,59,10104,10068,1018,10126,160,10070,172,10082,10593,10080,10632,10594:7
234,10608,72,10606,10634,10087,10117,10595,10594,10632,10080,10593,10406,1030,10085:7
234,10608,72,10606,10619,10620,10621,10622,10624,10605,10603,10602,1069,1070,10615:7
234,71,10608,72,10606,10634,10597,10633,10087,10117,10595,10594,10632,10406,1030:7
234,71,10608,10606,10634,10597,10633,10087,10117,10595,10594,10080,10593,163,10082:7
10128,10632,10594,10595,10117,10087,10633,10597,10634,10609,72,10608,71,71,1181:7
234,71,10608,72,10606,10634,10087,10117,10595,10594,10632,10593,163,10082,10070:7
234,71,10608,72,10606,10619,10620,10622,10623,10624,10605,10603,10602,1069,1070:7
10410,1037,10005,1,93,1115,1301,571,1115,1303,1302,1301,1082,1164,1037:7
10130,10088,1069,10602,10603,10605,10624,10623,10622,10621,10620,10033,10619,10038,10618:7
269,234,71,10608,72,10606,10619,10620,10621,10622,10623,10624,10605,10603,10600:7
234,71,10608,72,10606,10634,10087,10117,10595,10594,10632,10593,10626,73,240:7
97,1413,226,95,97,97,1413,226,95,97,97,1413,226,95,97:7
10082,10593,10080,10632,10594,10595,10117,10087,10634,10609,10618,10618,10606,10608,1181:7
234,71,10608,72,10606,10619,10620,10621,10622,10623,10624,10605,10603,10605,10624:7
234,10608,72,10606,10619,10620,10621,10622,10623,10624,10605,10603,10602,10056,10057:7
234,10608,72,10606,10619,10620,10621,10622,10623,10624,10605,10603,10602,1069,53:7
234,71,10608,10606,10620,10621,10622,10623,10624,10605,10602,1069,237,1032,10130:7
234,10608,72,10620,10622,10623,10624,10605,10603,1069,237,10088,10130,73,240:7
234,10608,72,10606,10619,10620,10613,10596,10117,10595,10594,10632,10080,10593,10108:7
10612,10611,10636,10610,1034,10089,10635,1108,10618,10606,72,10608,71,1181,387:7
10621,10622,10623,10624,10605,10603,10602,10602,10603,10605,10624,10623,10622,10621,10613:7
234,71,10608,10606,10619,10620,10613,10596,10117,10595,10594,10632,10080,10593,10108:7
234,71,10608,10606,10619,10620,10621,10622,10623,10624,10605,10603,10602,237,240:7
10127,83,92,1057,10099,10092,91,1056,91,10092,10099,1057,1055,92,10127:7
71,10608,72,10606,10619,10620,10621,10622,10623,10624,10605,10603,10602,10629,10615:7
269,234,71,10608,10606,10619,10620,10621,10622,10623,10624,10605,10603,10602,1069:7
104,106,112,143,1122,1122,143,111,106,104,104,106,112,143,1122:7
10620,10621,10622,10623,10624,10605,10603,10602,1069,237,10088,10130,73,275,254:7
234,10608,10606,10619,10620,10621,10622,10623,10624,10605,10602,237,10088,10130,73:7
234,10608,72,10606,10620,10621,10622,10623,10624,10605,10602,1069,237,10130,73:7
234,10608,10606,10619,10620,10621,10622,10624,10605,10603,10602,1069,237,10088,240:7
234,71,10608,72,10606,10620,10622,10623,10624,10605,10603,10602,1069,5,274:7
10568,10122,59,10104,10068,1018,10126,160,10126,1018,10068,10104,59,10122,10568:7
234,10608,72,10634,10087,10117,10595,10594,10632,10080,10593,163,10082,10070,173:7
269,234,71,10608,10606,10619,10620,10621,10622,10623,10624,10605,10603,10602,5:7
10568,10122,59,10104,10068,1018,10126,160,10070,173,10123,10124,10405,1025,1028:7
10105,10086,10615,10602,10603,10605,10624,10623,10622,10621,10620,10619,10606,10608,1181:7
234,10608,72,10606,10619,10620,10621,10622,10623,10624,10605,10602,1069,10056,10057:7
74,10128,10632,10594,10595,10117,10087,10613,10620,10619,10606,72,10608,71,1181:7
234,10608,72,10606,10038,10619,10620,10621,10622,10623,10624,10605,10603,10602,237:7
10591,10082,10593,10080,10632,10594,10595,10117,10087,10633,10597,10634,10609,10608,1181:7
1070,10612,181,10611,10636,10610,1034,10089,10635,10618,10606,72,10608,71,1181:7
73,10130,10088,10602,10603,10605,10624,10623,10622,10621,10620,10619,10608,71,1181:7
5,10602,10603,10605,10624,10623,10622,10621,10620,10033,10619,10038,10606,72,10608:7
234,10618,10635,10089,1034,10610,10636,10617,10595,10594,10632,10080,10593,163,10082:7
237,1069,10602,10603,10605,10624,10623,10622,10621,10620,10619,10606,72,10608,1181:7
234,71,10608,72,10606,10619,10620,10621,10622,10623,10624,10605,10602,252,53:7
265,1066,1067,1068,1073,79,10116,1077,1074,1016,1073,1068,1067,1066,10002:7
71,10608,10619,10620,10621,10622,10623,10624,10605,10603,10602,237,10088,10130,240:7
73,10088,179,10602,10603,10605,10624,10623,10622,10621,10620,10619,72,10608,1181:7
234,71,10608,72,10606,10634,10597,10633,10087,10117,10595,10594,10632,10080,240:7
234,71,10608,72,10606,10619,10620,10621,10622,10623,10624,10605,10602,237,10130:7
10140,10086,10615,10602,10603,10605,10624,10623,10622,10621,10620,10619,10606,10608,1181:7
234,71,10608,72,10606,10620,10622,10623,10624,10605,10603,1069,237,10088,10130:7
10087,10117,10595,10594,10632,10080,10593,163,10593,10080,10632,10594,10595,10117,10087:7
1070,10602,10603,10605,10624,10623,10622,10621,10620,10033,10619,10606,10608,71,1181:7
10108,10632,10594,10595,10117,10087,10633,10597,10634,10609,10606,72,10608,71,1181:7
234,71,10608,72,10606,10619,10620,10621,10621,10620,10619,10606,10608,71,1181:7
234,71,10608,72,10634,10087,10117,10595,10594,10632,10080,10593,10626,73,240:7
73,1033,179,1069,10602,10605,10624,10623,10622,10621,10620,10606,10608,71,1181:7
72,10606,10619,10620,10621,10622,10624,10605,10603,10602,1069,237,10088,10130,240:7
10082,10593,10080,10632,10594,10595,10623,10622,10621,10620,10619,10606,72,10608,1181:7
10064,91,10092,10099,1057,92,84,85,10109,10110,1046,138,10107,1048,1184:6
10592,10593,10080,10632,10594,10595,10117,10087,10634,10609,10606,10608,71,71,1181:6
10064,91,10092,10099,1057,1055,92,10131,92,1055,1057,10092,91,1056,10064:6
10406,10128,10632,10594,10595,10117,10623,10622,10621,10620,10619,10606,10608,71,1181:6
10064,1056,91,10092,10099,1057,1055,92,92,1055,1057,10099,10092,91,10064:6
10602,10603,10605,10624,10623,10622,10621,10620,10033,10619,10606,10608,71,71,1181:6
234,71,10608,72,10619,10620,10621,10622,10623,10624,10605,10603,10602,5,274:6
92,1055,1057,10099,10092,91,1056,10064,10064,91,10092,10099,1057,1055,92:6
100,10066,1001,1003,1004,1005,1006,1005,1004,1003,1001,10066,102,91,10064:6
1069,10602,10603,10605,10624,10623,10622,10621,10620,10619,10606,10608,71,1181,388:6
10593,10080,10632,10594,10595,10117,10087,10634,10609,10606,72,10608,71,1181,1181:6
1164,10072,243,252,5,10595,10117,10087,10634,10609,10606,72,10608,71,1181:6
234,71,10608,72,10606,10634,10597,10633,10087,10117,10595,10625,10602,1069,5:6
10602,10603,10605,10624,10623,10622,10621,10033,10620,10038,10619,72,10608,71,1181:6
1070,10612,181,10611,10636,10610,1034,10089,10635,1108,10618,10606,10608,71,1181:6
239,10088,10602,10603,10605,10624,10623,10622,10621,10620,10619,10606,10608,71,1181:6
234,71,10608,72,10606,10634,10087,10117,10595,10594,10632,10593,163,10082,10071:6
112,110,112,1001,1003,1004,1005,1006,1007,1008,1010,1002,10013,10014,270:6
10088,10602,10603,10605,10624,10623,10622,10621,10620,10619,10606,72,10608,1181,269:6
5,10602,10603,10605,10624,10623,10622,10621,10621,10622,10623,10624,10605,10602,5:6
10620,10621,10622,10623,10624,10605,10603,10602,237,10088,10130,73,275,254,151:6
10064,1056,91,10092,10099,1057,92,92,1055,1057,10099,10092,91,1056,10064:6
10087,10595,10594,10632,10593,163,10082,10082,10593,10080,10632,10594,10595,10117,10087:6
10410,10142,10602,10603,10605,10624,10623,10622,10621,10620,10619,72,10608,71,1181:6
71,10608,72,10606,10634,10087,10117,10595,10594,10632,10080,10593,163,10082,173:6
234,10608,72,10606,10634,10087,10117,10595,10594,10632,10080,10593,163,10082,10070:6
74,10128,10632,10594,10595,10117,10087,10634,10609,10606,72,10608,71,71,1181:6
234,10608,72,10606,10634,10087,10087,10117,10595,10594,10632,10080,10593,163,10082:6
234,71,10608,10619,10620,10621,10622,10623,10624,10605,10603,237,10088,10130,240:6
266,10082,10593,10080,10594,10595,10117,10087,10634,10609,10606,72,10608,71,1181:6
582,520,581,10084,10127,10091,97,1164,1037,1037,10005,1,93,97,10091:6
1414,1078,1076,1075,1072,10616,10088,10130,10128,10088,10616,1075,1076,1078,1414:6
10130,1069,10602,10603,10605,10624,10623,10622,10621,10620,10619,10606,10608,71,1181:6
10087,10117,10595,10594,10632,10080,10593,163,10082,10080,10632,10594,10595,10117,10087:6
10637,10637,10611,10636,10610,1034,10089,10635,1108,10618,10606,72,10608,71,1181:6
10082,10593,10080,10632,10594,10595,10117,10087,10634,10634,10609,10606,72,10608,1181:6
10108,10080,10632,10594,10595,10117,10623,10622,10621,10620,10619,10606,10608,71,1181:6
10568,10122,10104,10068,1018,10126,160,10070,10070,10126,1018,10104,59,10122,10568:6
234,71,10608,72,10606,10619,10620,10621,10622,10624,10605,10603,10602,1069,10056:6
10406,10128,10632,10594,10595,10117,10087,10633,10597,10609,10606,72,10608,71,1181:6
234,71,10608,72,10634,10597,10633,10633,10597,10634,10609,72,10608,71,1181:6
5,241,10602,10603,10605,10624,10623,10622,10621,10620,10619,10606,10608,71,1181:6
10082,10593,10080,10632,10594,10117,10087,10633,10597,10634,10609,10606,10608,71,1181:6
234,10608,10606,10634,10597,10633,10087,10117,10595,10594,10632,10080,163,10593,10082:6
234,71,10608,72,10634,10597,10633,10117,10595,10594,10632,10080,10593,10626,10108:6
234,71,10608,72,10606,10620,10621,10622,10623,10624,10605,10600,1070,10629,10615:6
92,1055,1057,10092,91,1056,10064,10064,1056,91,10092,10099,1057,1055,92:6
10621,10622,10623,10624,10605,10603,10602,237,10088,10130,73,275,238,254,151:6
234,71,10608,10606,10619,10620,10621,10622,10623,10624,10605,10603,10600,10612,10637:6
10616,10602,10603,10605,10624,10623,10622,10621,10620,10619,10038,10606,10608,71,1181:6
234,71,10608,10606,10634,10087,10117,10595,10594,10632,10080,10593,163,10082,10082:6
10620,10621,10622,10623,10624,10605,10603,10602,237,10088,10130,73,275,254,236:6
234,10608,10606,10619,10620,10621,10622,10623,10624,10605,10602,1069,237,10088,10130:6
10620,10621,10622,10623,10624,10605,10602,10602,10603,10605,10624,10623,10622,10621,10620:6
265,1066,1067,1068,1073,79,78,10116,78,1077,1074,1073,1068,1067,1066:6
10620,10621,10622,10623,10624,10605,10602,1069,237,10088,10130,73,2,10005,1:6
234,71,10608,10606,10620,10621,10622,10623,10624,10605,10602,1069,237,73,240:6
234,71,10608,10619,10620,10621,10622,10623,10624,10605,10603,10602,237,73,240:6
10593,10080,10632,10594,10595,10117,10633,10597,10634,10609,10606,72,10608,71,1181:6
228,10624,10605,10603,10602,10602,10603,10605,10624,1182,228,10624,10605,10603,10602:6
10080,10602,10603,10605,10624,10623,10622,10621,10620,10619,10606,72,10608,71,1181:6
10082,10593,10080,10080,10632,10594,10595,10117,10087,10634,10609,10606,10608,71,1181:6
10140,10086,10615,10602,10603,10605,10624,10623,10622,10621,10620,10619,10608,71,1181:6
10082,10593,10080,10632,10594,10595,10117,10087,10613,10620,10619,10606,72,71,1181:6
234,71,10608,72,10606,10634,10087,10117,10595,10594,10632,10080,10593,10108,74:6
234,10608,72,10606,10619,10620,10621,10622,10623,10624,10605,10603,10602,252,53:6
234,71,10608,10606,10619,10620,10621,10622,10623,10624,10605,10603,10602,1014,1016:6
239,73,1069,10602,10605,10624,10623,10622,10621,10620,10606,72,10608,71,1181:6
234,71,10608,10620,10621,10622,10623,10624,10605,10603,10602,237,10088,10130,240:6
10617,10595,10594,10632,10080,10593,163,10082,10070,10126,1018,10068,10104,10122,10568:6
1030,10128,10632,10594,10595,10117,10087,10634,10609,10606,72,10608,71,71,1181:6
234,71,10608,72,10606,10619,10620,10621,10622,10623,10624,10605,10603,10602,10142:6
234,10608,72,10606,10634,10597,10633,10117,10595,10594,10632,10593,163,10082,173:6
1164,1,10627,1079,1080,1078,1076,1075,1075,1076,1078,2,10005,1,93:6
1115,1114,1082,1121,11,1111,10582,10583,10584,10585,582,136,10081,137,139:6
10598,10599,1030,10128,10632,10594,10595,10117,10087,10634,10609,10606,72,10608,1181:6
234,71,10608,72,10606,10618,1108,10635,10089,1034,10610,10636,10611,1070,181:6
234,10608,72,10606,10619,10620,10621,10622,10624,10605,10603,10602,1069,1070,10616:6
10140,10615,10602,10603,10605,10624,10623,10622,10621,10620,10619,72,10608,71,1181:6
10603,10605,10624,10623,10622,10621,10620,10033,10619,10038,10606,10608,71,71,1181:6
10637,10611,10636,10610,1034,10089,10635,1108,10618,10606,72,10608,71,71,1181:6
160,10070,10082,10593,10080,10632,10594,10595,10117,10087,10634,10609,10606,72,10608:6
1031,10108,10080,10632,10594,10595,10117,10087,10633,10597,10634,10606,10608,71,1181:6
10632,10594,10595,10117,10087,10633,10597,10634,10609,10606,72,10608,71,1181,269:6
10082,10593,10080,10632,10594,10595,10117,10087,10634,10609,10618,10618,10634,1187,10007:6
1164,1,2,10627,1078,1076,1075,1075,1076,1078,10628,2,10005,1,93:6
139,137,10081,136,579,149,10568,10122,59,10104,10068,1018,10126,160,10070:6
10410,1037,10005,1,93,1115,571,1115,1303,1302,1301,1082,1164,1,1037:6
1019,75,275,73,10088,179,1069,10602,10603,10605,10624,10623,10622,10621,10620:6
234,71,10608,10606,10634,10087,10117,10595,10594,10632,10080,10593,163,10082,10123:6
1187,5,10602,10603,10605,10624,10623,10622,10621,10620,10619,10606,10608,71,1181:6
234,234,71,10608,10606,10634,10087,10117,10595,10594,10632,10080,10593,163,10082:6
10568,10122,59,10104,10068,1018,10126,160,10070,10082,10593,10080,10632,10594,10625:6
234,71,10618,10619,10620,10613,10596,10117,10595,10594,10632,10080,10593,163,10082:6
234,10608,72,10606,10634,10087,10117,10595,10594,10632,10080,10593,10626,73,240:6
234,71,10608,10606,10634,10597,10633,10087,10117,10595,10594,10632,10080,10593,10406:6
234,71,10608,72,10606,10038,10619,10033,10033,10620,10621,10622,10623,10624,10605:6
10410,10142,10602,10603,10605,10624,10623,10622,10621,10620,10606,72,10608,71,1181:6
10082,10593,10080,10632,10594,10595,10087,10633,10597,10634,10609,10606,72,10608,1181:6
234,71,10608,72,10606,10634,10087,10117,10595,10594,10632,10406,1030,10058,1026:6
10082,10593,10080,10632,10594,10595,10117,10634,10609,10606,72,10608,71,71,1181:6
100,10066,1001,1003,1005,1006,1005,1004,1001,10091,10066,102,91,1056,10064:6
234,71,10608,10606,10619,10620,10621,10622,10624,10605,10603,10602,237,10088,10130:6
1070,10612,10611,181,10636,10610,1034,10089,10635,1108,10618,10606,10608,71,1181:6
139,137,10081,136,10084,10127,10091,97,97,10091,136,10081,137,139,1042:6
10605,10624,10623,10622,10621,10620,10033,10619,10038,10606,72,10608,71,71,1181:6
10619,10620,10621,10622,10624,10605,10603,10602,1069,1070,10629,10615,10086,10105,10118:6
71,10608,72,10606,10619,10620,10621,10622,10623,10624,10605,10603,10602,10056,10057:6
10080,10632,10594,10595,10117,10087,10613,10613,10596,10117,10595,10594,10632,10080,10593:6
10118,10105,10086,10615,10602,10603,10605,10624,10623,10622,10621,10620,10619,10608,1181:6
10615,1070,10605,10624,10623,10622,10621,10620,181,10619,10606,72,10608,71,1181:6
10130,10088,10602,10603,10605,10624,10623,10622,10621,10620,10619,10038,10608,71,1181:6
243,252,5,10602,10603,10605,10624,10623,10622,10621,10620,10619,10606,10608,1181:6
1164,1,2,1080,1078,1076,1075,1075,1076,1078,10628,2,10005,1,93:6
10406,10128,10632,10594,10595,10117,10087,10613,10620,10619,10606,72,10608,71,1181:6
239,10088,10602,10603,10605,10624,10623,10622,10621,10620,10619,10606,72,10608,1181:6
234,10608,72,10606,10619,10620,10621,10622,10624,10605,10603,10602,1069,252,53:6
234,71,10608,10606,10634,10597,10633,10117,10595,10594,10632,10080,10593,10626,10406:6
234,10608,72,10606,10619,10620,10621,10622,10623,10624,10605,10603,10602,1069,274:6
234,71,10608,10619,10620,10621,10622,10623,10624,10605,10603,10602,5,10056,10057:6
1187,5,10602,10603,10605,10624,10623,10622,10621,10620,10619,10606,72,10608,1181:6
10128,10632,10594,10595,10117,10087,10633,10597,10634,10609,10606,10608,71,1181,1181:6
1108,10635,10089,1034,10610,10636,10617,10595,10594,10632,10080,10593,163,10082,10123:6
1070,10612,10611,10636,10610,181,1034,10089,10635,1108,10618,10606,72,10608,1181:6
265,1066,1067,1068,1073,78,10116,1077,1074,1016,1073,1068,1067,1066,10002:6
234,71,10608,72,10606,10634,10087,10117,10595,10594,10632,10632,10593,163,10082:6
71,10608,72,10606,10619,10620,10621,10622,10623,10624,10605,10603,10602,1069,1070:6
265,1066,1067,1068,1073,79,78,1077,1074,1016,1073,1068,1067,1066,10002:6
234,71,10608,72,10606,10634,10087,10117,10595,10594,10632,10080,10593,10108,1031:6
173,10082,10593,10080,10632,10594,10595,10117,10087,10634,10609,10606,10608,71,1181:6
234,10608,10606,10619,10620,10621,10622,10623,10624,10605,10603,10602,237,73,240:6
1070,10602,10603,10605,10624,10623,10622,10621,10620,10619,10606,10608,71,71,1181:6
1115,1082,1081,1121,11,9,10582,10583,10584,10585,582,136,10081,137,139:6
234,10608,72,10606,10619,10620,10621,10622,10623,10624,10605,10603,10602,237,237:6
234,71,10608,10606,10619,10033,10620,10621,10622,10623,10624,10605,10603,10602,5:6
231,10107,138,10110,10109,85,84,92,1055,1057,10099,10092,91,1056,10064:6
234,71,10608,10620,10622,10623,10624,10605,10603,1069,237,10088,10130,73,240:6
234,71,10608,72,10634,10597,10633,10087,10117,10595,10594,10632,10080,10593,163:6
10082,10593,10080,10632,10594,10595,10117,10087,10633,10597,10634,10609,10606,72,1181:6
10082,10593,10080,10632,10594,10595,10117,10087,10634,10609,10606,72,71,1181,269:6
234,71,10608,10606,10620,10622,10623,10624,10605,10603,10602,1069,5,10056,10057:6
234,10608,72,10606,10634,10597,10633,10087,10117,10595,10594,10632,10080,10593,10406:6
1108,10619,10620,10621,10622,10624,10605,10603,10602,1069,237,10088,10130,73,240:6
239,73,10602,10603,10605,10624,10623,10622,10621,10620,10619,72,10608,71,1181:6
5,10602,10603,10605,10624,10623,10622,10621,10621,10622,10623,10624,10605,10603,10602:6
10608,72,10606,10619,10620,10621,10622,10617,10595,10594,10632,10080,10593,163,10082:6
1070,10612,10611,10636,181,10610,1034,10089,10635,10618,10606,72,10608,71,1181:6
576,95,97,10091,129,582,584,582,522,10136,129,10084,10127,10091,97:6
1070,10602,10603,10605,10624,10623,10622,10621,10620,10033,10619,10038,10606,10608,1181:6
234,71,10608,10619,10620,10622,10623,10624,10605,10603,10602,237,10088,73,240:6
1122,143,111,106,104,104,106,112,143,1122,1122,143,111,106,104:6
10080,10632,10594,10595,10117,10087,10633,10597,10634,10609,72,10608,71,71,1181:6
234,10608,72,10619,10620,10622,10623,10624,10605,10603,10602,237,10088,73,240:6
132,132,132,132,132,132,132,132,132,132,132,132,132,132,132:6
234,71,10608,72,10619,10620,10622,10623,10624,10605,10603,10602,10615,10086,10105:6
234,71,10608,72,10606,10619,10620,10621,10622,10623,10624,10605,10603,10600,181:6
234,71,10608,72,10619,10620,10621,10622,10623,10624,10605,10603,10602,252,253:6
234,71,10608,10606,10619,10620,10621,10622,10624,10605,10603,10602,1069,5,274:6
92,1055,1057,10099,10092,91,1056,10064,10064,1056,91,10092,10099,1055,92:6
10591,10082,10593,10080,10632,10594,10595,10117,10087,10633,10597,10634,10609,72,10608:6
234,71,10608,72,10620,10621,10622,10623,10624,10605,10603,10602,1014,1016,1015:6
71,10608,72,10606,10619,10620,10621,10622,10623,10624,10605,10603,10602,5,10142:6
10130,1069,10602,10603,10605,10624,10623,10622,10621,10620,10619,10606,72,10608,1181:6
10618,10635,10089,1034,10610,10636,10617,10595,10594,10632,10080,10593,163,10082,164:6
10620,10621,10622,10623,10624,10605,10603,10602,1069,237,10088,10130,73,240,1030:6
1015,1016,1014,1070,10602,10605,10624,10623,10622,10621,10620,10606,10608,71,1181:6
234,71,10608,72,10606,10620,10622,10623,10624,10605,10603,10602,1069,237,10130:6
234,71,10608,72,10606,10634,10597,10087,10117,10595,10594,10632,10080,10593,163:6
10068,1018,10126,160,10070,172,10082,10593,10080,10632,10594,10595,10117,10613,10620:6
5,10602,10603,10605,10624,10623,10622,10621,10621,10622,10624,10605,10603,10602,1069:6
1164,2,10628,10108,10130,10088,1069,10602,10603,10605,10624,10623,10622,10621,10620:6
234,234,71,10608,10606,10619,10620,10621,10622,10623,10624,10605,10603,10602,5:6
10616,1070,10602,10603,10605,10624,10623,10622,10621,10620,10606,72,10608,71,1181:6
71,10608,72,10606,10620,10622,10623,10624,10605,10603,10602,1069,237,10088,10130:6
234,10608,10606,10038,10619,10620,10621,10622,10623,10624,10605,10603,10602,1069,5:6
265,1066,1067,1068,1073,79,10116,78,1077,1074,1016,1073,1068,1067,1066:6
234,71,10608,72,10606,10634,10087,10117,10595,10594,10632,10593,163,10082,10123:6
268,1165,579,149,10568,10122,59,10104,10068,1018,10126,160,10070,173,172:6
10130,10088,10602,10603,10605,10624,10623,10622,10621,10620,10606,72,10608,71,1181:6
10082,10593,10080,10632,10594,10595,10117,10087,10597,10634,10609,10606,72,10608,1181:6
234,71,10608,72,10606,10634,10633,10087,10117,10595,10594,10632,10593,163,10082:6
73,10088,179,10602,10603,10605,10624,10623,10622,10621,10620,10619,10606,10608,1181:6
10611,10636,10610,10089,10635,1108,10618,1108,10635,10089,1034,10610,10636,10611,10612:6
10082,10593,10080,10594,10595,10117,10087,10633,10597,10634,10609,10606,72,10608,71:6
234,71,10608,10606,10620,10621,10622,10623,10624,10605,10602,1069,1070,1014,1016:6
269,234,71,10608,10606,10619,10620,10621,10622,10624,10605,10603,10602,1069,1070:6
85,84,92,1055,1057,10099,10092,91,1056,10064,10078,10090,93,1164,1107:6
234,71,10608,72,10606,10620,10621,10622,10623,10617,10595,10594,10632,10593,163:6
1033,10128,179,10632,10594,10595,10117,10087,10634,10609,10606,72,10608,71,1181:6
234,10608,72,10606,10634,10597,10633,10117,10595,10594,10632,10080,10593,10626,10406:6
10082,10593,10080,10632,10594,10595,10117,10117,10595,10594,10632,10080,10593,163,10082:6
10406,10128,10602,10603,10605,10624,10623,10622,10621,10620,10619,72,10608,71,1181:6
1069,10602,10603,10605,10624,10623,10622,10621,10620,10619,10606,10608,71,1181,387:6
10600,1070,10602,10603,10605,10624,10623,10622,10621,10620,10619,10606,10608,71,1181:6
10620,10622,10623,10624,10605,10603,10602,1069,1070,10629,10615,10086,10105,10118,10140:6
234,10608,10606,10619,10620,10621,10622,10624,10605,10603,10602,1069,1070,1014,1015:6
