(71,19)
(72,10)
(73,20)
(74,11)
(75,15)
(77,1)
(78,33)
(79,3)
(82,22)
(119,11)
(120,6)
(121,6)
(122,14)
(124,45)
(126,21)
(127,12)
(129,38)
(132,17)
(182,38)
(202,1)
(225,12)
(226,48)
(227,15)
(228,45)
(229,11)
(230,47)
(231,4)
(274,58)
(275,33)
(277,3)
(387,7)
(388,24)
(520,2)
(522,1)
(570,72)
(571,22)
(1074,7)
(1075,14)
(1076,6)
(1077,7)
(1078,7)
(1079,5)
(1080,4)
(1081,27)
(1082,27)
(1083,2)
(1084,19)
(1085,11)
(1087,23)
(1088,11)
(1089,17)
(1090,4)
(1091,10)
(1092,12)
(1093,2)
(1095,2)
(1096,5)
(1097,25)
(1103,27)
(1104,2)
(1107,51)
(1108,14)
(1111,19)
(1166,115)
(1167,73)
(1168,28)
(1169,29)
(1170,23)
(1171,124)
(1173,45)
(1175,59)
(1176,15)
(10403,25)
(10405,1)
(10406,25)
(10408,17)
(10409,21)
(10410,21)
(10412,5)
(10414,20)
(10424,45)
(1,56)
(2,58)
(5,76)
(9,9)
(11,17)
(52,3)
(53,21)
(56,28)
(57,20)
(59,5)
(94,28)
(95,25)
(97,97)
(98,10)
(99,8)
(100,20)
(101,23)
(102,16)
(103,19)
(60,8)
(62,7)
(63,6)
(64,10)
(65,1)
(66,10)
(67,14)
(68,15)
(69,29)
(83,8)
(84,12)
(85,22)
(86,3)
(87,31)
(88,19)
(91,7)
(92,13)
(93,33)
(146,8)
(149,135)
(151,45)
(156,24)
(160,3)
(161,6)
(163,6)
(164,4)
(166,25)
(104,11)
(106,12)
(107,32)
(108,2)
(110,43)
(111,25)
(112,36)
(115,19)
(116,11)
(118,6)
(243,13)
(247,26)
(248,13)
(252,52)
(253,46)
(254,48)
(255,64)
(257,11)
(259,72)
(168,17)
(169,4)
(170,103)
(171,27)
(172,12)
(173,17)
(176,30)
(179,51)
(181,104)
(133,16)
(136,31)
(137,40)
(138,39)
(139,27)
(142,24)
(143,99)
(144,9)
(145,68)
(232,54)
(233,6)
(234,8)
(236,47)
(237,7)
(238,11)
(239,27)
(240,51)
(241,5)
(242,20)
(263,143)
(264,9)
(265,17)
(266,10)
(267,13)
(268,31)
(269,35)
(270,145)
(272,23)
(1019,11)
(1020,8)
(1021,15)
(1022,41)
(1023,18)
(1024,18)
(1025,14)
(1026,32)
(1027,10)
(572,13)
(573,9)
(574,44)
(575,27)
(576,18)
(577,7)
(578,8)
(579,36)
(581,21)
(1048,5)
(1049,13)
(1051,3)
(1052,9)
(1053,6)
(1054,2)
(1055,2)
(1056,6)
(1057,8)
(582,60)
(584,25)
(586,77)
(587,6)
(589,10)
(591,24)
(1001,60)
(1002,87)
(1003,12)
(1004,6)
(1005,4)
(1006,19)
(1007,3)
(1008,1)
(1010,1)
(1014,139)
(1015,173)
(1016,114)
(1018,5)
(1038,5)
(1039,18)
(1040,12)
(1041,15)
(1042,14)
(1043,9)
(1045,3)
(1046,23)
(1047,10)
(10017,15)
(10053,19)
(10056,42)
(10057,44)
(10058,5)
(10062,43)
(10064,47)
(10065,16)
(10066,25)
(1028,21)
(1029,17)
(1031,5)
(1032,1)
(1033,4)
(1034,30)
(1035,6)
(1036,41)
(1037,34)
(10068,33)
(10069,19)
(10070,7)
(10071,38)
(10072,30)
(10073,26)
(10075,10)
(10076,68)
(10077,51)
(1059,2)
(1061,17)
(1062,9)
(1066,1)
(1067,5)
(1068,7)
(1069,5)
(1070,8)
(1072,10)
(1073,3)
(1177,10)
(1180,126)
(1181,108)
(1182,83)
(1184,20)
(1186,14)
(1187,55)
(1301,43)
(1302,2)
(1303,6)
(10088,24)
(10089,12)
(10090,8)
(10091,71)
(10092,17)
(10093,47)
(10094,29)
(10095,25)
(10096,44)
(1112,7)
(1113,26)
(1114,5)
(1115,67)
(1121,26)
(1122,17)
(1123,25)
(1164,17)
(1165,160)
(10078,11)
(10079,40)
(10080,35)
(10081,4)
(10082,36)
(10084,10)
(10085,49)
(10086,31)
(10087,37)
(1413,110)
(1414,187)
(1415,20)
(10002,40)
(10005,1)
(10006,1)
(10007,67)
(10013,1)
(10014,70)
(10121,21)
(10122,14)
(10123,8)
(10124,11)
(10127,29)
(10128,22)
(10130,9)
(10131,27)
(10132,33)
(10568,66)
(10569,9)
(10570,1)
(10572,1)
(10578,5)
(10580,1)
(10581,1)
(10582,18)
(10583,1)
(10097,38)
(10098,101)
(10099,8)
(10101,10)
(10104,37)
(10105,12)
(10106,18)
(10107,8)
(10108,23)
(10109,83)
(10111,12)
(10113,35)
(10114,1)
(10115,30)
(10116,24)
(10117,38)
(10118,30)
(10119,26)
(10120,35)
(10133,88)
(10134,57)
(10135,31)
(10136,50)
(10140,50)
(10141,2)
(10142,42)
(10145,92)
(10146,56)
