(59,2)
(62,1)
(63,6)
(67,11)
(68,21)
(69,33)
(71,13)
(72,8)
(73,16)
(110,29)
(111,17)
(112,39)
(115,19)
(116,13)
(118,5)
(119,9)
(120,8)
(121,7)
(170,81)
(171,12)
(172,21)
(173,8)
(176,22)
(179,33)
(181,59)
(182,20)
(225,6)
(265,9)
(266,11)
(267,9)
(268,18)
(269,26)
(270,72)
(272,10)
(274,37)
(275,21)
(1004,8)
(1005,5)
(1006,12)
(1007,3)
(1009,2)
(1010,1)
(1014,82)
(1015,93)
(1016,53)
(1027,7)
(1028,8)
(1029,5)
(1031,5)
(1033,4)
(1034,12)
(1035,5)
(1036,37)
(1037,1)
(1072,7)
(1073,7)
(1074,11)
(1075,12)
(1076,4)
(1077,10)
(1078,2)
(1079,9)
(1080,5)
(1303,4)
(1413,47)
(1414,116)
(1415,14)
(10002,39)
(10005,2)
(10007,19)
(10014,28)
(10017,8)
(10079,27)
(10080,12)
(10081,7)
(10082,20)
(10084,8)
(10085,19)
(10086,21)
(10087,24)
(10109,38)
(10111,16)
(10113,14)
(10114,2)
(10115,21)
(10116,18)
(10117,33)
(10118,16)
(10119,12)
(87,38)
(88,14)
(91,11)
(92,10)
(93,25)
(94,20)
(95,24)
(97,33)
(98,8)
(138,17)
(139,33)
(142,7)
(143,96)
(144,30)
(145,70)
(146,6)
(149,111)
(151,48)
(236,29)
(237,9)
(238,2)
(239,12)
(240,26)
(241,5)
(242,16)
(243,7)
(247,33)
(574,19)
(575,33)
(576,10)
(577,2)
(578,10)
(579,24)
(581,4)
(582,36)
(584,18)
(1,51)
(2,54)
(5,15)
(9,1)
(11,33)
(52,7)
(53,16)
(56,22)
(57,9)
(586,18)
(587,2)
(589,9)
(590,13)
(591,11)
(1001,47)
(1002,45)
(1003,11)
(99,5)
(100,14)
(101,11)
(102,10)
(103,24)
(104,17)
(106,16)
(107,24)
(108,1)
(1048,3)
(1049,10)
(1050,6)
(1051,4)
(1052,3)
(1053,3)
(1054,4)
(1055,1)
(1056,9)
(156,12)
(160,4)
(161,4)
(163,3)
(164,13)
(166,17)
(168,7)
(169,3)
(1057,5)
(1059,1)
(1061,2)
(1062,11)
(1066,5)
(1067,3)
(1068,6)
(1069,9)
(1070,8)
(248,18)
(252,52)
(253,26)
(254,44)
(255,55)
(257,15)
(259,38)
(263,56)
(264,8)
(10053,17)
(10056,33)
(10057,30)
(10058,2)
(10062,26)
(10064,32)
(10065,18)
(10066,11)
(10068,23)
(1081,10)
(1082,16)
(1083,5)
(1084,16)
(1085,7)
(1087,19)
(1088,8)
(1089,9)
(10088,30)
(10089,10)
(10090,2)
(10091,53)
(10092,16)
(10093,22)
(10094,48)
(10095,14)
(10096,24)
(1091,5)
(1092,3)
(1096,3)
(1097,15)
(1103,13)
(1104,4)
(1107,28)
(1108,2)
(1111,8)
(1112,3)
(1113,27)
(1114,3)
(1115,40)
(1121,6)
(1122,4)
(1123,17)
(1164,7)
(1165,96)
(10069,17)
(10070,10)
(10071,29)
(10072,23)
(10073,7)
(10075,8)
(10076,42)
(10077,26)
(10078,14)
(10132,16)
(10133,39)
(10134,41)
(10135,21)
(10136,36)
(10140,36)
(10141,7)
(10142,30)
(10145,105)
(74,8)
(75,17)
(78,8)
(79,18)
(82,17)
(83,7)
(84,5)
(85,9)
(86,1)
(122,10)
(124,32)
(126,2)
(127,9)
(129,34)
(132,7)
(133,10)
(136,40)
(137,38)
(226,34)
(227,11)
(228,15)
(229,10)
(230,40)
(231,1)
(232,43)
(233,8)
(234,7)
(277,2)
(387,1)
(388,11)
(520,2)
(522,7)
(570,19)
(571,26)
(572,10)
(573,18)
(1018,5)
(1019,4)
(1020,6)
(1021,10)
(1022,23)
(1023,26)
(1024,10)
(1025,6)
(1026,29)
(1038,5)
(1039,13)
(1040,3)
(1041,6)
(1042,10)
(1043,7)
(1045,2)
(1046,17)
(1047,2)
(1166,81)
(1167,46)
(1168,15)
(1169,28)
(1170,20)
(1171,73)
(1173,14)
(1175,25)
(1176,7)
(1177,7)
(1180,51)
(1181,65)
(1182,63)
(1184,30)
(1186,8)
(1187,12)
(1301,38)
(1302,12)
(10097,34)
(10098,37)
(10099,4)
(10101,4)
(10104,15)
(10105,13)
(10106,11)
(10107,11)
(10108,23)
(10120,40)
(10121,21)
(10122,16)
(10123,10)
(10124,2)
(10127,22)
(10128,15)
(10130,5)
(10131,7)
(10146,47)
(10403,3)
(10405,2)
(10406,20)
(10408,10)
(10409,17)
(10410,16)
(10412,1)
(10414,11)
(10424,31)
(10568,17)
(10569,14)
(10580,1)
(10581,2)
(10582,10)
(10583,3)
(10638,67)
