(69,13)
(71,1)
(72,2)
(73,10)
(74,3)
(75,8)
(78,10)
(79,7)
(115,3)
(116,6)
(118,1)
(119,1)
(121,3)
(122,3)
(124,6)
(127,1)
(179,1)
(181,5)
(182,4)
(225,4)
(226,33)
(227,12)
(228,20)
(229,9)
(230,16)
(267,8)
(268,23)
(269,6)
(270,6)
(274,26)
(275,12)
(277,1)
(387,1)
(520,2)
(1180,26)
(1181,1)
(1182,7)
(1186,1)
(1187,26)
(1302,3)
(1303,2)
(1413,6)
(1414,44)
(1415,5)
(10002,5)
(10005,4)
(10013,11)
(10014,2)
(10017,2)
(10053,1)
(10056,14)
(10057,1)
(10058,3)
(10062,3)
(10064,6)
(10065,5)
(10066,4)
(10068,14)
(10069,13)
(10070,3)
(10071,7)
(10072,5)
(10073,4)
(10075,6)
(10076,11)
(10077,8)
(10078,5)
(82,5)
(83,2)
(84,1)
(85,2)
(87,13)
(88,7)
(91,4)
(92,3)
(93,10)
(129,8)
(132,1)
(133,1)
(136,10)
(137,9)
(138,4)
(139,3)
(142,4)
(143,24)
(231,4)
(232,8)
(233,3)
(234,29)
(236,9)
(237,12)
(238,8)
(239,16)
(1,10)
(2,41)
(5,3)
(9,2)
(52,3)
(53,2)
(56,1)
(57,2)
(59,2)
(570,5)
(571,6)
(572,1)
(573,1)
(574,14)
(575,3)
(576,1)
(577,4)
(61,2)
(62,3)
(63,1)
(64,5)
(65,3)
(66,2)
(67,11)
(68,5)
(1056,1)
(1057,4)
(1059,1)
(1061,4)
(1062,1)
(1066,3)
(1067,1)
(1069,10)
(94,6)
(95,21)
(97,23)
(98,6)
(99,2)
(100,8)
(101,1)
(102,4)
(103,12)
(104,5)
(106,11)
(107,5)
(108,4)
(110,10)
(111,5)
(112,5)
(166,3)
(168,4)
(169,1)
(170,10)
(171,1)
(172,1)
(173,1)
(176,8)
(144,9)
(145,20)
(146,3)
(149,24)
(151,13)
(156,3)
(160,5)
(161,3)
(1080,11)
(1081,1)
(1082,2)
(1083,1)
(1085,1)
(1087,11)
(1088,4)
(1089,5)
(240,4)
(241,5)
(242,4)
(243,2)
(247,1)
(248,6)
(252,8)
(253,5)
(1091,6)
(1092,4)
(1097,2)
(1103,4)
(1104,3)
(1107,9)
(1108,1)
(1111,17)
(1112,1)
(254,12)
(255,25)
(257,4)
(259,18)
(263,24)
(264,2)
(265,8)
(266,3)
(579,15)
(581,4)
(582,9)
(584,20)
(586,13)
(589,3)
(590,3)
(591,8)
(1168,5)
(1169,1)
(1170,3)
(1171,19)
(1173,6)
(1175,7)
(1176,3)
(1177,7)
(1015,44)
(1016,14)
(1018,3)
(1019,2)
(1020,3)
(1021,2)
(1022,3)
(1023,9)
(1024,5)
(1001,32)
(1002,22)
(1004,3)
(1005,3)
(1006,2)
(1007,1)
(1009,9)
(1014,18)
(10132,3)
(10133,10)
(10134,8)
(10135,12)
(10136,7)
(10140,16)
(10141,1)
(10142,4)
(1025,6)
(1026,4)
(1027,5)
(1029,6)
(1031,1)
(1032,1)
(1033,4)
(1034,2)
(1035,2)
(1036,4)
(1038,2)
(1039,3)
(1040,1)
(1041,2)
(1042,1)
(1043,1)
(1070,5)
(1073,3)
(1074,8)
(1075,7)
(1076,3)
(1077,5)
(1078,1)
(1079,6)
(1113,18)
(1114,8)
(1115,53)
(1123,2)
(1164,45)
(1165,32)
(1166,16)
(1167,20)
(1046,4)
(1048,3)
(1049,3)
(1050,1)
(1051,3)
(1052,1)
(1053,4)
(1054,1)
(1055,1)
(10099,2)
(10101,1)
(10104,9)
(10105,6)
(10106,7)
(10107,3)
(10108,6)
(10109,19)
(10079,11)
(10080,7)
(10081,8)
(10082,4)
(10084,12)
(10085,13)
(10086,6)
(10087,7)
(10088,3)
(10111,1)
(10113,5)
(10114,4)
(10115,11)
(10117,3)
(10118,9)
(10119,1)
(10120,7)
(10090,3)
(10091,12)
(10093,26)
(10094,17)
(10095,2)
(10096,5)
(10097,14)
(10098,11)
(10121,5)
(10122,5)
(10123,3)
(10124,4)
(10126,14)
(10127,15)
(10128,9)
(10130,6)
(10131,4)
(10145,33)
(10146,17)
(10403,4)
(10405,11)
(10406,10)
(10408,21)
(10409,6)
(10410,24)
(10412,1)
(10414,3)
(10424,24)
(10568,9)
(10569,4)
(10580,1)
(10581,1)
(10638,30)
