(59,1)
(67,1)
(68,2)
(69,1)
(72,1)
(107,2)
(111,2)
(112,2)
(116,2)
(119,2)
(166,1)
(168,1)
(169,1)
(170,4)
(240,3)
(243,1)
(247,4)
(248,3)
(252,4)
(575,1)
(579,4)
(582,1)
(584,1)
(586,1)
(1027,1)
(1036,5)
(1039,1)
(1045,1)
(1053,1)
(1056,1)
(1066,1)
(1072,2)
(1073,1)
(1074,2)
(1075,2)
(1076,1)
(1080,1)
(1087,2)
(10117,1)
(10118,2)
(10119,1)
(10120,2)
(10121,2)
(10124,1)
(10127,1)
(10128,1)
(10130,2)
(10131,1)
(85,1)
(87,1)
(91,1)
(93,1)
(94,1)
(2,13)
(5,3)
(9,2)
(53,1)
(57,1)
(136,5)
(137,4)
(138,1)
(139,3)
(143,3)
(95,2)
(97,3)
(100,1)
(103,1)
(106,3)
(144,1)
(145,1)
(149,9)
(163,1)
(164,1)
(226,10)
(228,9)
(230,4)
(231,1)
(232,5)
(73,2)
(74,1)
(75,2)
(78,6)
(82,4)
(233,1)
(234,1)
(236,5)
(237,4)
(239,3)
(266,1)
(267,1)
(268,3)
(270,16)
(274,2)
(120,1)
(122,1)
(129,1)
(132,2)
(133,1)
(275,2)
(387,1)
(388,1)
(571,2)
(574,1)
(171,3)
(172,1)
(176,1)
(179,1)
(182,1)
(1091,1)
(1097,1)
(1107,1)
(1108,1)
(1111,1)
(589,1)
(1001,3)
(1002,4)
(1014,5)
(1015,9)
(1112,1)
(1114,1)
(1115,2)
(1123,1)
(1165,5)
(253,2)
(254,4)
(259,8)
(263,3)
(265,2)
(1166,1)
(1167,13)
(1169,1)
(1170,1)
(1171,5)
(1016,10)
(1019,1)
(1022,2)
(1023,2)
(1024,1)
(1173,5)
(1175,2)
(1177,2)
(1180,7)
(1181,6)
(1182,2)
(1184,6)
(1186,2)
(1187,5)
(1413,9)
(10072,2)
(10073,2)
(10076,4)
(10077,2)
(10078,1)
(10132,1)
(10134,5)
(10135,1)
(10136,1)
(10140,1)
(10081,1)
(10085,1)
(10086,3)
(10087,2)
(10088,1)
(1414,7)
(1415,1)
(10002,8)
(10005,5)
(10006,2)
(10014,9)
(10053,1)
(10056,7)
(10057,3)
(10058,1)
(10142,4)
(10145,16)
(10146,6)
(10406,2)
(10409,1)
(10089,3)
(10090,1)
(10091,6)
(10094,3)
(10097,1)
(10064,1)
(10065,1)
(10068,1)
(10071,1)
(10106,1)
(10107,1)
(10108,2)
(10109,1)
(10116,2)
(10424,1)
(10568,1)
(10582,1)
(10638,6)
