(82,3)
(83,2)
(84,2)
(85,1)
(87,4)
(88,1)
(91,6)
(93,6)
(136,6)
(137,8)
(138,4)
(139,1)
(142,4)
(143,14)
(144,4)
(230,5)
(231,4)
(232,7)
(233,1)
(234,22)
(236,12)
(237,7)
(275,4)
(277,2)
(388,1)
(571,3)
(573,1)
(574,4)
(575,2)
(576,1)
(577,2)
(578,1)
(579,17)
(581,2)
(582,5)
(584,7)
(586,6)
(1034,2)
(1035,1)
(1036,4)
(1039,1)
(1041,1)
(1042,2)
(1046,3)
(1062,2)
(1066,1)
(1067,1)
(1069,4)
(1070,6)
(1072,2)
(1073,2)
(10071,1)
(10072,2)
(10073,5)
(10075,5)
(10076,12)
(10077,4)
(10078,2)
(10101,1)
(10104,3)
(10105,2)
(10106,1)
(10107,2)
(10108,6)
(10109,3)
(10120,4)
(10121,2)
(10122,1)
(10123,4)
(10124,2)
(10127,10)
(10128,3)
(10130,6)
(59,2)
(62,2)
(64,3)
(65,1)
(66,2)
(67,2)
(68,3)
(1,38)
(2,20)
(5,4)
(9,1)
(52,1)
(53,3)
(56,6)
(57,1)
(95,3)
(97,13)
(98,1)
(99,1)
(100,8)
(102,2)
(103,7)
(104,3)
(106,4)
(107,3)
(110,4)
(111,3)
(112,4)
(116,1)
(145,3)
(146,2)
(149,7)
(151,12)
(156,1)
(160,7)
(164,3)
(166,2)
(168,1)
(169,1)
(170,7)
(171,1)
(173,1)
(176,6)
(181,2)
(69,10)
(72,3)
(73,9)
(74,3)
(75,2)
(78,8)
(79,4)
(253,8)
(254,12)
(255,15)
(257,1)
(259,16)
(263,20)
(265,9)
(238,10)
(239,10)
(240,4)
(242,2)
(243,1)
(247,11)
(248,9)
(252,8)
(118,1)
(119,4)
(121,1)
(122,2)
(124,1)
(129,5)
(132,1)
(133,1)
(589,4)
(1001,10)
(1002,8)
(1004,1)
(1006,1)
(1007,1)
(1014,8)
(1024,3)
(1025,6)
(1026,5)
(1028,2)
(1029,2)
(1031,1)
(1033,2)
(182,5)
(184,6)
(225,1)
(226,19)
(227,2)
(228,11)
(229,3)
(1166,9)
(1167,19)
(1168,6)
(1169,3)
(1170,2)
(1171,8)
(1173,8)
(1047,1)
(1049,2)
(1051,1)
(1052,1)
(1053,2)
(1056,1)
(1057,1)
(1061,1)
(266,2)
(267,4)
(268,15)
(269,6)
(270,5)
(272,4)
(274,18)
(1175,6)
(1176,4)
(1177,6)
(1180,7)
(1181,3)
(1182,3)
(1186,6)
(1187,17)
(1074,6)
(1075,4)
(1077,2)
(1079,1)
(1080,8)
(1081,1)
(1084,1)
(1015,27)
(1016,11)
(1018,5)
(1019,10)
(1020,4)
(1021,3)
(1022,3)
(1023,3)
(1301,2)
(1302,1)
(1303,1)
(1413,3)
(1414,32)
(1415,4)
(10002,2)
(10058,4)
(10062,4)
(10064,4)
(10065,4)
(10066,4)
(10068,12)
(10069,4)
(10070,3)
(1087,1)
(1088,1)
(1089,3)
(1092,4)
(1093,3)
(1097,1)
(1103,5)
(1104,4)
(10131,2)
(10132,5)
(10133,7)
(10134,3)
(10135,5)
(10136,8)
(10140,10)
(10090,2)
(10091,4)
(10092,2)
(10093,13)
(10094,9)
(10096,8)
(10097,4)
(10098,3)
(1107,11)
(1108,1)
(1111,4)
(1113,6)
(1114,4)
(1115,24)
(1165,22)
(10005,3)
(10006,3)
(10007,1)
(10013,8)
(10053,1)
(10056,5)
(10057,3)
(10079,5)
(10080,4)
(10082,4)
(10085,2)
(10086,2)
(10088,2)
(10089,1)
(10111,1)
(10113,5)
(10114,1)
(10115,3)
(10116,2)
(10117,3)
(10118,1)
(10141,1)
(10142,8)
(10145,23)
(10146,13)
(10405,3)
(10406,8)
(10409,5)
(10410,4)
(10414,2)
(10424,8)
(10568,4)
(10571,1)
(10574,1)
(10638,22)
