(73,2)
(74,3)
(75,2)
(78,17)
(79,1)
(82,7)
(84,1)
(119,4)
(121,1)
(124,1)
(127,2)
(128,1)
(129,2)
(132,2)
(136,4)
(182,3)
(184,5)
(225,1)
(226,5)
(228,4)
(229,4)
(230,9)
(232,10)
(268,2)
(269,3)
(270,21)
(274,12)
(275,8)
(277,1)
(388,2)
(581,1)
(582,3)
(584,5)
(586,4)
(587,1)
(589,2)
(1001,5)
(1002,16)
(1003,3)
(1004,2)
(1006,6)
(1007,1)
(1014,14)
(1015,26)
(1016,18)
(1018,3)
(1020,1)
(1021,3)
(1022,5)
(1023,5)
(1024,3)
(1025,3)
(1413,17)
(1414,27)
(1415,3)
(10002,20)
(10005,10)
(10006,7)
(10007,5)
(10081,4)
(10082,8)
(10085,4)
(10086,6)
(10087,7)
(10088,11)
(10089,3)
(10104,2)
(10105,3)
(10106,3)
(10107,2)
(10108,4)
(10109,5)
(10111,1)
(10121,10)
(10122,5)
(10123,3)
(10124,1)
(10128,7)
(10130,4)
(10131,2)
(10132,3)
(60,1)
(64,1)
(65,1)
(66,2)
(68,3)
(69,6)
(72,3)
(107,8)
(110,8)
(111,5)
(112,8)
(115,6)
(116,1)
(118,2)
(1,13)
(2,24)
(5,6)
(9,1)
(52,6)
(53,4)
(56,15)
(57,1)
(99,1)
(100,6)
(101,5)
(102,1)
(103,7)
(104,4)
(106,7)
(170,13)
(171,6)
(172,3)
(173,1)
(176,10)
(179,11)
(181,16)
(149,33)
(156,1)
(160,1)
(161,6)
(164,3)
(166,10)
(168,1)
(87,9)
(88,3)
(91,3)
(92,2)
(93,5)
(94,8)
(95,4)
(97,13)
(254,7)
(255,9)
(257,1)
(259,7)
(263,8)
(264,2)
(265,5)
(267,4)
(241,1)
(242,8)
(243,5)
(247,4)
(248,2)
(252,7)
(253,1)
(137,4)
(138,4)
(139,8)
(142,3)
(143,11)
(144,4)
(145,7)
(1169,4)
(1170,3)
(1171,13)
(1173,1)
(1175,3)
(1176,4)
(1177,5)
(1180,8)
(233,2)
(234,1)
(236,10)
(237,1)
(238,1)
(239,4)
(240,3)
(1181,37)
(1182,16)
(1184,5)
(1186,2)
(1187,12)
(1301,8)
(1302,3)
(570,2)
(571,4)
(573,3)
(574,4)
(575,1)
(576,1)
(579,6)
(10065,8)
(10066,13)
(10068,4)
(10069,4)
(10070,1)
(10071,5)
(10072,13)
(1053,2)
(1056,1)
(1057,2)
(1066,4)
(1067,4)
(1069,1)
(1070,1)
(1026,12)
(1027,6)
(1029,1)
(1031,3)
(1033,1)
(1034,1)
(1035,5)
(1036,7)
(10073,3)
(10075,1)
(10076,5)
(10077,8)
(10078,5)
(10079,4)
(10080,8)
(1072,2)
(1073,5)
(1075,1)
(1076,1)
(1077,2)
(1078,1)
(1079,4)
(1038,1)
(1039,2)
(1041,2)
(1042,3)
(1046,4)
(1051,4)
(1052,1)
(1080,3)
(1081,2)
(1082,2)
(1083,1)
(1084,3)
(1085,1)
(1087,1)
(1088,1)
(1089,3)
(1097,3)
(1103,4)
(1107,10)
(1108,4)
(1113,1)
(1114,1)
(1115,9)
(1121,2)
(1123,3)
(1165,15)
(1166,9)
(1167,17)
(1168,5)
(10090,1)
(10091,11)
(10093,8)
(10094,9)
(10095,2)
(10096,6)
(10097,3)
(10098,1)
(10013,1)
(10014,5)
(10053,12)
(10056,2)
(10057,10)
(10058,3)
(10062,3)
(10064,8)
(10133,12)
(10134,6)
(10135,8)
(10136,6)
(10140,8)
(10142,14)
(10145,18)
(10113,2)
(10115,4)
(10116,4)
(10117,4)
(10118,3)
(10119,9)
(10120,9)
(10146,10)
(10403,2)
(10405,3)
(10406,10)
(10408,1)
(10409,4)
(10410,4)
(10414,4)
(10424,8)
(10568,4)
(10569,9)
(10580,1)
(10582,1)
(10638,16)
