(73,3)
(75,5)
(78,5)
(79,3)
(82,2)
(87,3)
(122,2)
(124,3)
(127,1)
(128,1)
(129,1)
(133,1)
(227,1)
(228,4)
(229,1)
(230,5)
(231,2)
(232,5)
(269,1)
(270,10)
(272,2)
(274,8)
(275,3)
(277,1)
(582,4)
(584,1)
(586,2)
(587,1)
(589,1)
(1001,5)
(1018,1)
(1020,1)
(1022,4)
(1027,1)
(1028,1)
(1029,2)
(1034,1)
(1036,12)
(1038,1)
(1039,2)
(1041,1)
(1042,1)
(10014,2)
(10053,3)
(10056,1)
(10057,5)
(10058,1)
(10064,2)
(10089,3)
(10091,3)
(10093,3)
(10094,3)
(10097,1)
(10098,3)
(10115,2)
(10116,1)
(10118,2)
(10119,1)
(10120,4)
(10121,1)
(88,2)
(91,2)
(93,2)
(94,4)
(95,4)
(97,6)
(1,8)
(2,14)
(5,3)
(52,3)
(53,2)
(56,1)
(57,3)
(136,3)
(137,2)
(138,2)
(139,3)
(143,8)
(144,4)
(103,3)
(104,1)
(106,2)
(107,5)
(108,1)
(110,1)
(234,1)
(236,6)
(237,3)
(238,1)
(240,4)
(242,8)
(520,1)
(571,1)
(574,3)
(575,2)
(576,1)
(579,2)
(145,5)
(149,19)
(164,1)
(168,1)
(170,10)
(171,1)
(243,3)
(247,5)
(248,1)
(252,7)
(253,4)
(254,4)
(59,2)
(62,1)
(67,1)
(68,2)
(69,4)
(72,1)
(111,4)
(112,9)
(115,3)
(118,1)
(119,1)
(120,2)
(1072,5)
(1073,2)
(1074,1)
(1075,1)
(1076,1)
(1077,2)
(1048,1)
(1051,1)
(1056,3)
(1061,1)
(1066,1)
(1069,2)
(1070,1)
(1173,2)
(1175,5)
(1176,3)
(1180,6)
(1181,10)
(1182,6)
(172,1)
(173,2)
(176,1)
(179,4)
(181,4)
(182,3)
(226,7)
(1084,1)
(1089,1)
(1096,1)
(1097,1)
(1103,1)
(1107,6)
(10065,3)
(10066,2)
(10068,2)
(10069,1)
(10070,1)
(10071,2)
(10072,5)
(10075,2)
(10076,5)
(10077,5)
(10078,2)
(10079,1)
(10080,2)
(255,10)
(263,5)
(265,2)
(266,1)
(267,2)
(268,2)
(1166,9)
(1167,9)
(1168,1)
(1169,1)
(1170,4)
(1171,13)
(10101,2)
(10104,5)
(10105,3)
(10108,2)
(10109,5)
(10113,1)
(1002,2)
(1006,1)
(1009,1)
(1014,9)
(1015,12)
(1016,6)
(1414,19)
(1415,4)
(10002,10)
(10005,7)
(10006,2)
(10007,6)
(1078,2)
(1079,1)
(1080,3)
(1081,2)
(1082,2)
(1083,1)
(10132,1)
(10133,1)
(10134,1)
(10135,8)
(10136,4)
(10140,6)
(1108,1)
(1113,1)
(1115,1)
(1121,1)
(1123,1)
(1165,9)
(1184,4)
(1186,2)
(1187,8)
(1301,2)
(1302,1)
(1413,16)
(10142,9)
(10145,10)
(10146,10)
(10406,3)
(10408,2)
(10409,1)
(10081,1)
(10082,1)
(10085,1)
(10086,4)
(10087,2)
(10088,3)
(10410,4)
(10412,1)
(10414,2)
(10424,6)
(10568,2)
(10638,14)
(10122,2)
(10124,1)
(10127,1)
(10128,4)
(10130,2)
(10131,1)
