(61,2)
(62,5)
(63,6)
(64,7)
(65,7)
(66,3)
(67,27)
(68,17)
(69,40)
(106,16)
(107,21)
(108,2)
(110,26)
(111,20)
(112,19)
(115,8)
(116,22)
(118,6)
(170,40)
(171,2)
(172,16)
(173,7)
(176,21)
(179,1)
(181,31)
(182,24)
(202,1)
(264,7)
(265,43)
(266,12)
(267,21)
(268,158)
(269,28)
(270,88)
(272,24)
(274,60)
(1001,57)
(1002,98)
(1003,1)
(1004,12)
(1005,14)
(1006,41)
(1007,3)
(1008,1)
(1009,5)
(1033,19)
(1034,18)
(1035,4)
(1036,30)
(1037,39)
(1038,4)
(1039,25)
(1040,4)
(1041,7)
(1052,1)
(1053,4)
(1054,3)
(1055,3)
(1056,4)
(1057,7)
(1061,11)
(1062,17)
(1066,2)
(10062,26)
(10064,27)
(10065,16)
(10066,22)
(10068,30)
(10069,36)
(10070,42)
(10071,35)
(10072,8)
(10094,38)
(10095,18)
(10096,49)
(10097,52)
(10098,34)
(10099,7)
(10101,8)
(10104,26)
(10105,18)
(10410,59)
(10412,4)
(10414,14)
(10424,49)
(10568,32)
(10569,7)
(10571,20)
(10572,2)
(10574,1)
(71,5)
(72,11)
(73,38)
(74,11)
(75,15)
(77,7)
(78,28)
(79,5)
(82,12)
(1,8)
(2,82)
(5,44)
(9,17)
(11,3)
(52,4)
(53,7)
(56,19)
(57,4)
(59,11)
(83,5)
(84,10)
(85,4)
(87,20)
(88,18)
(91,12)
(92,8)
(93,13)
(94,19)
(119,10)
(120,4)
(121,16)
(122,7)
(124,35)
(126,1)
(127,4)
(129,47)
(132,17)
(133,7)
(136,37)
(137,24)
(138,15)
(139,21)
(142,13)
(143,62)
(144,17)
(145,34)
(146,3)
(95,25)
(97,104)
(98,8)
(99,4)
(100,13)
(101,22)
(102,11)
(103,16)
(104,17)
(225,29)
(226,94)
(227,23)
(228,78)
(229,52)
(230,54)
(231,16)
(232,69)
(233,41)
(234,104)
(236,22)
(237,39)
(238,54)
(239,65)
(240,27)
(241,20)
(242,20)
(243,17)
(149,73)
(151,52)
(156,14)
(160,7)
(161,1)
(164,14)
(166,12)
(168,5)
(169,3)
(574,51)
(575,8)
(578,6)
(579,90)
(581,10)
(582,41)
(584,34)
(586,68)
(589,2)
(591,18)
(275,36)
(277,1)
(387,4)
(388,22)
(520,6)
(570,37)
(571,12)
(572,7)
(573,3)
(247,25)
(248,28)
(252,42)
(253,37)
(254,27)
(255,77)
(257,8)
(259,68)
(263,104)
(1023,14)
(1024,9)
(1025,26)
(1026,20)
(1027,11)
(1028,2)
(1029,21)
(1031,11)
(1032,1)
(1042,12)
(1043,8)
(1045,2)
(1046,14)
(1047,3)
(1048,18)
(1049,8)
(1050,1)
(1051,5)
(1010,1)
(1014,105)
(1015,151)
(1016,107)
(1018,13)
(1019,25)
(1020,20)
(1021,16)
(1022,17)
(1103,23)
(1104,26)
(1107,43)
(1108,9)
(1111,78)
(1113,67)
(1114,22)
(1115,137)
(1121,8)
(1067,6)
(1068,3)
(1069,10)
(1070,15)
(1072,7)
(1073,4)
(1074,5)
(1075,9)
(1076,10)
(1088,16)
(1089,16)
(1090,2)
(1091,19)
(1092,23)
(1093,7)
(1095,1)
(1096,1)
(1097,13)
(1077,9)
(1078,9)
(1079,3)
(1080,6)
(1081,4)
(1082,4)
(1083,4)
(1084,12)
(1085,8)
(1087,30)
(1171,41)
(1173,56)
(1175,36)
(1176,27)
(1177,31)
(1180,160)
(1181,19)
(1182,38)
(1184,2)
(1122,24)
(1123,13)
(1164,59)
(1165,135)
(1166,107)
(1167,80)
(1168,32)
(1169,13)
(1170,9)
(1186,17)
(1187,85)
(1301,2)
(1302,1)
(1303,7)
(1413,50)
(1414,182)
(1415,42)
(10002,24)
(10005,7)
(10006,22)
(10013,77)
(10014,8)
(10017,3)
(10053,7)
(10056,43)
(10057,64)
(10058,7)
(10085,28)
(10086,25)
(10087,25)
(10088,8)
(10089,24)
(10090,19)
(10091,22)
(10092,4)
(10093,59)
(10141,3)
(10142,21)
(10145,98)
(10146,69)
(10403,21)
(10405,17)
(10406,19)
(10408,6)
(10409,33)
(10073,11)
(10075,12)
(10076,30)
(10077,24)
(10078,5)
(10079,42)
(10080,38)
(10081,21)
(10082,34)
(10084,9)
(10106,8)
(10107,4)
(10108,25)
(10109,51)
(10111,3)
(10113,24)
(10114,15)
(10115,40)
(10116,11)
(10117,29)
(10118,29)
(10119,10)
(10120,21)
(10121,25)
(10122,7)
(10123,25)
(10124,13)
(10127,63)
(10128,37)
(10130,18)
(10131,10)
(10132,22)
(10133,97)
(10134,24)
(10135,49)
(10136,31)
(10140,49)
(10575,3)
(10578,2)
(10580,1)
(10581,2)
(10582,4)
(10585,3)
(10586,7)
(10587,4)
(10638,8)
