(59,3)
(60,1)
(62,3)
(63,2)
(64,7)
(65,5)
(66,2)
(67,25)
(68,4)
(103,8)
(104,8)
(106,3)
(107,11)
(108,1)
(110,6)
(111,10)
(112,5)
(115,2)
(168,6)
(169,2)
(170,13)
(172,7)
(176,15)
(179,2)
(181,3)
(182,9)
(225,7)
(265,10)
(266,5)
(267,3)
(268,28)
(269,5)
(270,9)
(272,2)
(274,37)
(275,11)
(1021,2)
(1022,7)
(1023,8)
(1024,8)
(1025,16)
(1026,7)
(1027,1)
(1028,7)
(1029,18)
(1031,3)
(1032,1)
(1033,6)
(1034,2)
(1035,5)
(1036,12)
(1037,1)
(1038,1)
(1039,3)
(1040,4)
(1041,6)
(1042,2)
(1043,1)
(1045,1)
(1046,3)
(1047,2)
(1048,4)
(1074,13)
(1075,2)
(1076,2)
(1077,9)
(1078,1)
(1079,8)
(1080,11)
(1081,2)
(1082,1)
(10081,5)
(10082,4)
(10084,15)
(10085,11)
(10086,3)
(10087,8)
(10088,6)
(10089,4)
(10090,8)
(10091,15)
(10092,7)
(10093,40)
(10094,22)
(10095,5)
(10096,11)
(10097,24)
(10098,22)
(10146,29)
(10403,5)
(10405,10)
(10406,16)
(10408,1)
(10409,13)
(10410,40)
(10414,5)
(10424,22)
(1,15)
(2,63)
(5,5)
(9,2)
(11,2)
(52,1)
(53,8)
(56,6)
(57,4)
(93,6)
(94,9)
(95,21)
(97,39)
(98,15)
(99,4)
(100,7)
(101,8)
(102,9)
(144,10)
(145,23)
(146,1)
(149,39)
(151,26)
(160,16)
(163,3)
(164,3)
(166,4)
(83,3)
(84,4)
(85,6)
(86,1)
(87,15)
(88,10)
(91,10)
(92,7)
(247,15)
(248,4)
(252,16)
(253,4)
(254,19)
(255,46)
(257,5)
(259,13)
(263,37)
(69,15)
(71,8)
(72,4)
(73,12)
(74,2)
(75,8)
(78,12)
(79,7)
(82,9)
(132,3)
(133,9)
(136,36)
(137,9)
(138,2)
(139,8)
(142,2)
(143,49)
(584,13)
(586,22)
(589,4)
(590,4)
(591,13)
(1001,27)
(1002,24)
(1003,1)
(1004,2)
(116,8)
(118,2)
(119,8)
(121,8)
(122,4)
(124,7)
(126,1)
(127,1)
(129,18)
(234,50)
(236,7)
(237,13)
(238,10)
(239,33)
(240,6)
(241,10)
(242,2)
(243,5)
(226,41)
(227,14)
(228,21)
(229,15)
(230,18)
(231,8)
(232,21)
(233,7)
(1006,1)
(1008,1)
(1009,8)
(1014,29)
(1015,62)
(1016,20)
(1018,9)
(1019,15)
(1020,6)
(1084,7)
(1087,18)
(1088,4)
(1089,1)
(1090,1)
(1091,3)
(1092,4)
(1093,1)
(1097,9)
(573,4)
(574,25)
(575,10)
(576,4)
(577,4)
(578,2)
(579,32)
(581,17)
(582,21)
(10071,15)
(10072,11)
(10073,3)
(10075,9)
(10076,13)
(10077,20)
(10078,4)
(10079,19)
(10080,9)
(277,3)
(387,1)
(388,7)
(520,6)
(522,1)
(570,3)
(571,8)
(572,2)
(1061,4)
(1062,6)
(1066,3)
(1067,8)
(1068,2)
(1069,6)
(1070,9)
(1072,2)
(1073,6)
(1049,5)
(1050,1)
(1051,1)
(1052,1)
(1053,3)
(1054,1)
(1056,2)
(1057,1)
(10099,3)
(10101,3)
(10104,17)
(10105,3)
(10106,8)
(10107,1)
(10108,10)
(10109,23)
(10111,2)
(1103,5)
(1104,10)
(1107,15)
(1108,1)
(1111,24)
(1112,2)
(1113,22)
(1114,13)
(1182,11)
(1184,1)
(1186,6)
(1187,23)
(1302,1)
(1303,3)
(1413,13)
(1414,71)
(1415,9)
(1115,80)
(1121,1)
(1122,1)
(1123,1)
(1164,44)
(1165,21)
(1166,23)
(1167,21)
(1168,8)
(10002,4)
(10005,7)
(10007,1)
(10013,19)
(10014,7)
(10017,2)
(10053,3)
(10056,5)
(1169,9)
(1170,1)
(1171,11)
(1173,13)
(1175,7)
(1176,4)
(1177,11)
(1180,28)
(1181,5)
(10057,5)
(10058,5)
(10062,7)
(10064,11)
(10065,5)
(10066,8)
(10068,18)
(10069,17)
(10070,9)
(10113,6)
(10114,4)
(10115,23)
(10116,2)
(10117,7)
(10118,11)
(10119,6)
(10120,15)
(10121,6)
(10122,4)
(10123,8)
(10124,12)
(10126,3)
(10127,22)
(10128,10)
(10130,7)
(10131,6)
(10132,13)
(10133,22)
(10134,12)
(10135,17)
(10136,20)
(10140,20)
(10141,3)
(10142,14)
(10145,37)
(10568,7)
(10569,8)
(10571,1)
(10574,1)
(10580,1)
(10581,1)
(10582,1)
(10638,27)
