(72,1)
(73,2)
(74,2)
(75,1)
(78,2)
(111,1)
(112,2)
(116,1)
(119,2)
(120,2)
(228,2)
(229,2)
(230,2)
(231,3)
(232,3)
(264,1)
(265,10)
(267,1)
(268,8)
(269,5)
(579,11)
(582,3)
(584,1)
(586,2)
(587,1)
(1016,4)
(1018,2)
(1019,3)
(1020,1)
(1022,1)
(1024,2)
(1092,2)
(1093,1)
(1103,4)
(1107,1)
(1111,1)
(10062,2)
(10064,1)
(10066,2)
(10068,2)
(10069,1)
(10079,1)
(10080,2)
(10082,2)
(10088,1)
(10089,3)
(10090,2)
(10091,2)
(10092,3)
(10093,1)
(10094,2)
(10096,2)
(10119,1)
(10120,2)
(10123,3)
(10127,3)
(10128,2)
(10130,1)
(82,2)
(83,1)
(91,1)
(92,1)
(94,2)
(124,1)
(129,2)
(136,3)
(138,1)
(139,3)
(233,3)
(234,9)
(236,4)
(237,2)
(238,1)
(239,1)
(1,16)
(2,8)
(5,3)
(57,1)
(69,2)
(71,2)
(95,3)
(97,5)
(98,1)
(99,1)
(100,3)
(101,1)
(102,3)
(103,2)
(104,1)
(106,2)
(110,1)
(142,2)
(143,6)
(144,2)
(145,3)
(149,4)
(160,4)
(270,5)
(274,5)
(275,1)
(277,1)
(388,1)
(520,1)
(240,3)
(242,1)
(247,4)
(248,7)
(252,4)
(1076,1)
(1079,1)
(1082,1)
(1083,1)
(1087,1)
(571,1)
(575,1)
(576,1)
(577,1)
(578,3)
(1182,4)
(1184,1)
(1187,6)
(1301,2)
(1302,1)
(166,1)
(170,3)
(172,1)
(176,1)
(226,14)
(253,2)
(254,8)
(255,8)
(259,8)
(263,11)
(1001,4)
(1002,3)
(1007,1)
(1014,2)
(1015,5)
(1413,7)
(1414,9)
(1415,1)
(10002,2)
(10005,3)
(1041,1)
(1042,1)
(1046,1)
(1047,1)
(1048,1)
(1059,1)
(1066,2)
(1067,1)
(1069,6)
(1074,2)
(1075,1)
(1025,2)
(1027,1)
(1029,2)
(1036,1)
(1039,2)
(10006,3)
(10013,5)
(10014,3)
(10053,1)
(10056,2)
(10058,1)
(10107,1)
(10108,2)
(10114,1)
(10115,1)
(10117,1)
(1166,1)
(1167,4)
(1168,8)
(1169,1)
(1171,9)
(1173,6)
(10070,1)
(10073,1)
(10076,1)
(10077,1)
(10078,4)
(10132,1)
(10133,2)
(10135,3)
(10136,2)
(10140,1)
(1113,2)
(1114,1)
(1115,7)
(1123,2)
(1165,10)
(1175,4)
(1176,1)
(1177,1)
(1180,5)
(1181,2)
(10142,1)
(10145,15)
(10146,1)
(10403,3)
(10406,2)
(10097,3)
(10098,1)
(10101,1)
(10104,3)
(10106,1)
(10409,1)
(10410,7)
(10414,2)
(10424,2)
(10638,7)
