(69,2)
(71,1)
(72,1)
(74,2)
(75,2)
(107,1)
(110,4)
(112,2)
(116,1)
(119,1)
(172,1)
(173,1)
(176,1)
(182,2)
(184,1)
(248,2)
(252,7)
(254,4)
(255,8)
(259,11)
(1001,4)
(1002,6)
(1005,1)
(1010,1)
(1014,5)
(1015,8)
(1016,7)
(1024,3)
(1025,2)
(1026,1)
(1042,1)
(1048,3)
(1055,1)
(1057,1)
(1068,1)
(1069,1)
(1070,3)
(1073,3)
(1077,3)
(1079,1)
(10088,2)
(10089,2)
(10090,2)
(10091,3)
(10092,1)
(10093,3)
(10094,2)
(10096,1)
(10097,1)
(10098,3)
(10120,1)
(10121,2)
(10122,1)
(10123,1)
(10124,1)
(10127,5)
(10128,1)
(10131,1)
(10132,1)
(10133,3)
(1,9)
(2,4)
(5,1)
(9,1)
(52,1)
(88,3)
(91,1)
(93,1)
(95,8)
(97,2)
(78,4)
(79,2)
(82,4)
(86,2)
(87,3)
(53,1)
(64,1)
(65,1)
(66,1)
(68,2)
(137,1)
(139,1)
(142,2)
(143,1)
(145,2)
(233,6)
(234,12)
(236,1)
(238,1)
(239,1)
(98,1)
(99,1)
(102,1)
(103,2)
(106,2)
(120,1)
(122,1)
(129,1)
(133,1)
(136,1)
(146,2)
(149,6)
(160,1)
(166,1)
(170,1)
(226,21)
(228,3)
(229,2)
(230,5)
(232,4)
(1167,4)
(1168,4)
(1169,1)
(1170,2)
(1171,2)
(1181,2)
(1187,12)
(1413,7)
(1414,19)
(1415,5)
(263,13)
(265,8)
(267,4)
(268,3)
(269,8)
(240,1)
(241,3)
(242,1)
(243,1)
(247,3)
(10057,3)
(10058,2)
(10068,1)
(10070,3)
(10071,1)
(1027,1)
(1029,2)
(1034,1)
(1036,1)
(1041,1)
(270,10)
(272,2)
(274,8)
(275,1)
(388,1)
(10072,1)
(10076,2)
(10077,3)
(10078,1)
(10079,2)
(574,3)
(579,5)
(582,1)
(584,3)
(587,1)
(1084,2)
(1093,1)
(1103,1)
(1104,2)
(1107,3)
(10134,3)
(10140,3)
(10141,1)
(10142,1)
(10145,13)
(1111,2)
(1115,7)
(1123,2)
(1165,7)
(1166,6)
(10002,2)
(10006,3)
(10013,8)
(10014,3)
(10056,8)
(1173,7)
(1175,6)
(1176,2)
(1177,4)
(1180,4)
(10080,1)
(10081,1)
(10082,1)
(10086,1)
(10087,3)
(10108,3)
(10109,4)
(10115,1)
(10118,5)
(10119,3)
(10146,13)
(10403,1)
(10405,1)
(10406,2)
(10410,3)
(10424,3)
(10568,3)
(10569,1)
(10638,6)
