(87,2)
(91,3)
(93,2)
(94,1)
(95,4)
(133,3)
(136,2)
(138,2)
(139,2)
(142,1)
(143,8)
(229,4)
(230,3)
(231,2)
(232,4)
(233,1)
(234,12)
(269,3)
(270,8)
(274,3)
(275,1)
(388,1)
(1023,1)
(1024,1)
(1025,1)
(1026,3)
(1027,1)
(1028,1)
(1047,1)
(1049,1)
(1053,2)
(1057,1)
(1066,3)
(1114,3)
(1115,12)
(1123,1)
(1165,6)
(1166,6)
(1167,4)
(1177,3)
(1180,6)
(1181,5)
(1182,1)
(1184,1)
(10106,1)
(10108,7)
(10109,1)
(10113,3)
(10114,2)
(10115,3)
(10124,1)
(10127,2)
(10128,2)
(10131,1)
(10132,1)
(10142,3)
(10145,10)
(10403,1)
(10405,2)
(10406,5)
(10408,1)
(63,1)
(67,3)
(68,6)
(69,6)
(71,1)
(72,2)
(1,19)
(2,13)
(5,3)
(9,1)
(56,1)
(59,1)
(73,3)
(74,3)
(75,1)
(78,5)
(82,3)
(85,1)
(103,3)
(104,3)
(106,3)
(107,4)
(110,4)
(111,1)
(97,7)
(98,1)
(99,1)
(100,4)
(101,1)
(102,3)
(112,4)
(116,1)
(120,2)
(129,1)
(132,1)
(164,2)
(166,2)
(168,4)
(170,1)
(172,1)
(144,1)
(145,1)
(149,3)
(156,1)
(160,3)
(161,1)
(242,1)
(247,4)
(248,4)
(252,2)
(253,1)
(254,7)
(236,1)
(237,2)
(238,1)
(239,4)
(240,2)
(176,3)
(182,1)
(184,1)
(225,1)
(226,11)
(228,7)
(1079,1)
(1084,1)
(1088,1)
(1091,1)
(1092,1)
(1093,1)
(255,6)
(259,13)
(263,14)
(265,4)
(266,2)
(268,5)
(1029,2)
(1033,1)
(1035,2)
(1039,2)
(1041,2)
(1046,2)
(1097,1)
(1103,1)
(1107,3)
(1111,1)
(1113,5)
(571,2)
(574,5)
(577,2)
(579,8)
(582,5)
(584,4)
(1168,3)
(1169,2)
(1171,8)
(1173,5)
(1175,3)
(1176,2)
(10013,5)
(10014,2)
(10056,3)
(10057,2)
(10058,1)
(10062,2)
(586,1)
(1001,9)
(1002,8)
(1004,1)
(1014,4)
(1015,12)
(1187,11)
(1413,4)
(1414,22)
(1415,2)
(10002,2)
(10005,2)
(10073,3)
(10076,5)
(10077,1)
(10080,1)
(10082,1)
(10085,1)
(10066,2)
(10068,8)
(10069,5)
(10070,3)
(10071,3)
(1016,5)
(1018,3)
(1019,1)
(1020,2)
(1022,2)
(10133,2)
(10134,1)
(10135,3)
(10136,1)
(10140,5)
(10141,1)
(10410,7)
(10414,1)
(10424,3)
(10569,3)
(10638,4)
(1068,2)
(1069,4)
(1072,1)
(1073,1)
(1075,1)
(1077,2)
(10086,1)
(10090,3)
(10091,3)
(10092,1)
(10093,1)
(10094,3)
(10095,1)
(10097,3)
(10098,2)
(10104,2)
(10105,2)
(10117,2)
(10118,1)
(10120,2)
(10121,1)
(10122,2)
(10123,1)
