(59,14)
(62,5)
(63,5)
(67,21)
(68,22)
(69,32)
(71,5)
(72,4)
(73,40)
(111,23)
(112,22)
(115,7)
(116,21)
(118,2)
(119,11)
(120,11)
(121,11)
(122,10)
(171,4)
(172,11)
(173,4)
(176,25)
(179,1)
(181,5)
(182,16)
(225,10)
(226,60)
(266,8)
(267,27)
(268,100)
(269,11)
(270,39)
(272,11)
(274,51)
(275,28)
(277,2)
(1020,15)
(1021,12)
(1022,18)
(1023,11)
(1024,9)
(1025,27)
(1026,11)
(1027,4)
(1028,5)
(1029,18)
(1031,16)
(1032,3)
(1033,12)
(1034,7)
(1035,9)
(1036,29)
(1038,2)
(1039,14)
(1040,1)
(1041,3)
(1042,2)
(1043,5)
(1045,2)
(1046,19)
(1047,6)
(1048,9)
(1049,5)
(1181,9)
(1182,18)
(1184,7)
(1186,15)
(1187,42)
(1301,2)
(1302,3)
(1303,12)
(1413,21)
(10099,17)
(10101,8)
(10104,36)
(10105,12)
(10106,4)
(10107,12)
(10108,18)
(10109,60)
(10111,8)
(10113,19)
(10114,10)
(10115,28)
(10116,9)
(10117,18)
(10118,39)
(10119,9)
(10120,20)
(10121,15)
(10122,16)
(10123,18)
(10124,9)
(10127,22)
(10128,25)
(10130,19)
(10131,17)
(10132,10)
(10133,36)
(10134,14)
(10135,26)
(10136,24)
(10140,44)
(10141,11)
(10142,23)
(10145,97)
(10146,60)
(10403,14)
(1,6)
(2,51)
(5,17)
(9,5)
(11,7)
(52,2)
(53,8)
(56,8)
(57,8)
(100,21)
(101,7)
(102,5)
(103,13)
(104,16)
(106,16)
(107,13)
(108,1)
(110,30)
(74,9)
(75,13)
(78,2)
(79,13)
(82,25)
(83,9)
(84,7)
(85,6)
(87,14)
(160,25)
(161,1)
(163,4)
(164,5)
(166,13)
(168,17)
(169,6)
(170,31)
(124,23)
(126,1)
(127,1)
(129,48)
(132,8)
(133,9)
(136,38)
(137,20)
(138,14)
(252,27)
(253,17)
(254,36)
(255,90)
(257,15)
(259,44)
(263,93)
(264,4)
(265,34)
(227,13)
(228,46)
(229,38)
(230,40)
(231,23)
(232,41)
(233,30)
(234,82)
(236,26)
(88,24)
(91,10)
(92,13)
(93,18)
(94,10)
(95,31)
(97,54)
(98,11)
(99,7)
(589,3)
(590,12)
(591,9)
(1001,50)
(1002,56)
(1003,1)
(1004,7)
(1005,5)
(139,21)
(142,8)
(143,70)
(144,9)
(145,43)
(146,6)
(149,72)
(151,47)
(156,9)
(387,1)
(388,5)
(520,5)
(522,1)
(570,4)
(571,7)
(572,7)
(573,5)
(574,19)
(237,30)
(238,33)
(239,37)
(240,12)
(241,19)
(242,8)
(243,8)
(247,17)
(248,15)
(1061,11)
(1062,12)
(1066,3)
(1067,8)
(1068,1)
(1069,22)
(1070,24)
(1072,8)
(1073,16)
(575,27)
(576,5)
(577,9)
(578,3)
(579,109)
(581,8)
(582,22)
(584,30)
(586,26)
(1050,1)
(1051,5)
(1052,11)
(1053,10)
(1054,4)
(1055,3)
(1056,4)
(1057,5)
(1059,5)
(1114,20)
(1115,128)
(1121,5)
(1122,1)
(1123,4)
(1164,55)
(1165,88)
(1166,86)
(1167,40)
(1006,8)
(1007,2)
(1008,2)
(1009,3)
(1014,70)
(1015,112)
(1016,64)
(1018,12)
(1019,24)
(1074,14)
(1075,5)
(1076,7)
(1077,14)
(1078,2)
(1079,15)
(1080,11)
(1081,5)
(1082,3)
(10071,34)
(10072,7)
(10073,7)
(10075,12)
(10076,36)
(10077,17)
(10078,11)
(10079,32)
(10080,22)
(10081,14)
(10082,24)
(10084,28)
(10085,25)
(10086,13)
(10087,19)
(10088,8)
(10089,15)
(1168,20)
(1169,16)
(1170,8)
(1171,29)
(1173,27)
(1175,24)
(1176,10)
(1177,16)
(1180,54)
(1083,3)
(1084,2)
(1085,5)
(1087,24)
(1088,7)
(1089,9)
(1091,5)
(1092,23)
(10090,8)
(10091,23)
(10092,4)
(10093,44)
(10094,48)
(10095,9)
(10096,19)
(10097,42)
(10098,35)
(1414,143)
(1415,10)
(10002,11)
(10005,15)
(10013,42)
(10014,11)
(10017,11)
(10053,9)
(10056,29)
(1093,2)
(1095,1)
(1097,11)
(1103,6)
(1104,4)
(1107,25)
(1108,3)
(1111,61)
(1113,59)
(10057,14)
(10058,4)
(10062,18)
(10064,17)
(10065,17)
(10066,16)
(10068,37)
(10069,29)
(10070,19)
(10405,16)
(10406,26)
(10408,8)
(10409,20)
(10410,40)
(10412,1)
(10414,12)
(10424,32)
(10568,16)
(10569,10)
(10570,1)
(10572,1)
(10574,3)
(10575,2)
(10581,2)
(10585,2)
(10638,60)
