(1,18)
(2,16)
(5,2)
(56,6)
(57,1)
(59,1)
(98,5)
(99,1)
(101,1)
(102,1)
(103,4)
(104,1)
(166,1)
(168,2)
(170,1)
(172,1)
(176,1)
(181,2)
(243,1)
(247,2)
(248,5)
(252,4)
(253,3)
(254,6)
(1074,2)
(1077,2)
(1079,1)
(1080,2)
(1082,1)
(1084,2)
(1087,4)
(1091,1)
(1092,3)
(1103,3)
(1107,5)
(1108,1)
(10005,1)
(10006,1)
(10013,3)
(10014,2)
(10017,1)
(10056,3)
(10069,1)
(10070,4)
(10071,2)
(10072,1)
(10073,1)
(91,2)
(92,1)
(93,4)
(94,1)
(95,6)
(97,9)
(139,4)
(143,8)
(144,2)
(145,5)
(149,1)
(160,3)
(237,2)
(238,2)
(239,3)
(240,2)
(241,1)
(242,2)
(66,1)
(67,1)
(68,2)
(69,5)
(71,1)
(72,2)
(73,2)
(78,1)
(82,1)
(85,2)
(87,3)
(88,1)
(106,3)
(107,3)
(108,1)
(110,3)
(111,1)
(112,3)
(388,2)
(576,1)
(577,2)
(578,3)
(579,8)
(582,2)
(116,8)
(129,2)
(133,2)
(136,3)
(137,3)
(138,1)
(182,2)
(184,2)
(225,2)
(226,2)
(227,1)
(584,4)
(586,4)
(1001,5)
(1002,3)
(1003,1)
(1004,2)
(228,2)
(230,6)
(232,3)
(233,2)
(234,7)
(236,9)
(268,4)
(269,2)
(270,2)
(272,2)
(274,11)
(275,2)
(255,10)
(259,10)
(263,13)
(265,8)
(266,2)
(267,6)
(1020,1)
(1021,1)
(1022,1)
(1023,1)
(1024,2)
(1025,2)
(1026,1)
(1029,1)
(1031,1)
(1033,1)
(1036,2)
(1038,1)
(1005,1)
(1014,5)
(1015,17)
(1016,5)
(1018,4)
(1019,2)
(1053,1)
(1062,2)
(1066,1)
(1069,1)
(1070,2)
(1072,2)
(10075,2)
(10076,3)
(10077,6)
(10078,1)
(10079,1)
(10080,4)
(1166,6)
(1167,7)
(1168,6)
(1171,3)
(1173,4)
(1175,1)
(1187,11)
(1303,1)
(1413,5)
(1414,16)
(1415,1)
(10002,2)
(10081,2)
(10082,2)
(10085,1)
(10087,3)
(10089,1)
(10090,1)
(10057,3)
(10058,1)
(10062,2)
(10064,1)
(10066,2)
(10068,10)
(10116,1)
(10117,1)
(10118,2)
(10119,1)
(10122,4)
(10123,3)
(1041,1)
(1042,1)
(1048,2)
(1049,1)
(1051,1)
(1111,4)
(1112,1)
(1113,1)
(1114,2)
(1115,9)
(1165,11)
(10091,3)
(10092,3)
(10093,3)
(10094,3)
(10097,2)
(10099,1)
(1176,1)
(1177,1)
(1180,7)
(1181,3)
(1182,2)
(1184,1)
(10405,1)
(10406,3)
(10408,1)
(10409,4)
(10410,10)
(10412,1)
(10104,4)
(10105,1)
(10108,1)
(10109,3)
(10111,1)
(10115,1)
(10124,1)
(10127,2)
(10128,5)
(10130,2)
(10131,1)
(10133,5)
(10134,1)
(10136,4)
(10140,4)
(10142,2)
(10145,8)
(10146,2)
(10424,5)
(10568,1)
(10569,2)
(10574,1)
(10638,3)
