(71,15)
(72,13)
(73,29)
(74,11)
(75,16)
(77,10)
(78,21)
(79,10)
(82,25)
(119,10)
(120,7)
(121,15)
(122,10)
(124,25)
(127,3)
(129,43)
(132,15)
(133,7)
(225,20)
(226,49)
(227,20)
(228,61)
(229,38)
(230,43)
(231,16)
(232,57)
(233,41)
(275,28)
(277,1)
(387,3)
(388,24)
(520,9)
(570,32)
(571,10)
(572,7)
(573,5)
(1062,8)
(1066,7)
(1067,7)
(1069,7)
(1070,18)
(1072,5)
(1073,2)
(1074,9)
(1075,7)
(1076,3)
(1077,9)
(1078,3)
(1079,7)
(1080,1)
(1081,3)
(1082,2)
(1083,4)
(1084,8)
(1121,4)
(1122,23)
(1123,11)
(1164,70)
(1165,118)
(1166,97)
(1167,72)
(1168,21)
(1169,14)
(1170,3)
(1171,38)
(1173,26)
(1175,33)
(1176,30)
(1177,13)
(1180,106)
(1181,6)
(1182,27)
(10116,11)
(10117,29)
(10118,35)
(10119,11)
(10120,20)
(10121,22)
(10122,4)
(10123,37)
(10124,18)
(1,4)
(2,92)
(5,47)
(9,10)
(52,4)
(53,12)
(56,20)
(57,4)
(59,3)
(83,7)
(84,5)
(85,9)
(86,1)
(87,14)
(88,17)
(91,8)
(92,16)
(93,19)
(94,21)
(95,33)
(97,101)
(98,12)
(99,1)
(100,11)
(101,21)
(102,6)
(103,19)
(149,45)
(151,31)
(156,10)
(160,14)
(161,2)
(163,1)
(164,14)
(166,5)
(168,9)
(247,12)
(248,23)
(252,46)
(253,24)
(254,17)
(255,75)
(257,8)
(259,77)
(263,107)
(136,30)
(137,33)
(138,12)
(139,20)
(142,13)
(143,60)
(144,12)
(145,44)
(146,5)
(234,102)
(236,36)
(237,19)
(238,32)
(239,30)
(240,14)
(241,1)
(242,13)
(243,19)
(574,47)
(575,18)
(576,5)
(577,5)
(578,7)
(579,92)
(581,8)
(582,36)
(584,47)
(586,69)
(587,8)
(589,6)
(591,18)
(1001,65)
(1002,85)
(1003,4)
(1004,8)
(1005,7)
(1006,31)
(1007,4)
(1009,5)
(1014,120)
(1015,121)
(1016,120)
(1018,13)
(1019,23)
(1020,9)
(1021,16)
(1022,11)
(1023,14)
(1024,19)
(1025,37)
(1026,18)
(1027,8)
(1028,7)
(1029,30)
(1085,9)
(1087,28)
(1088,6)
(1089,14)
(1090,1)
(1091,12)
(1092,26)
(1093,13)
(1095,1)
(10005,9)
(10006,15)
(10007,3)
(10013,74)
(10014,10)
(10017,3)
(10053,5)
(10056,50)
(10057,48)
(1031,8)
(1033,21)
(1034,16)
(1035,7)
(1036,24)
(1037,26)
(1038,3)
(1039,25)
(1040,4)
(1041,11)
(1042,10)
(1043,6)
(1046,22)
(1047,5)
(1048,16)
(1049,2)
(1050,3)
(10058,6)
(10062,19)
(10064,29)
(10065,8)
(10066,21)
(10068,27)
(10069,34)
(10070,33)
(10071,48)
(61,4)
(62,2)
(63,4)
(64,8)
(65,10)
(66,5)
(67,18)
(68,24)
(69,40)
(10093,48)
(10094,48)
(10095,18)
(10096,49)
(10097,43)
(10098,25)
(10099,13)
(10101,17)
(10104,18)
(104,14)
(106,14)
(107,21)
(110,34)
(111,23)
(112,19)
(115,4)
(116,24)
(118,4)
(169,4)
(170,39)
(171,1)
(172,11)
(173,5)
(176,17)
(181,37)
(182,21)
(202,1)
(10409,30)
(10410,78)
(10412,1)
(10414,20)
(10424,32)
(10568,30)
(10569,9)
(10570,1)
(10571,4)
(264,2)
(265,45)
(266,13)
(267,41)
(268,120)
(269,24)
(270,86)
(272,41)
(274,86)
(1051,3)
(1052,2)
(1053,4)
(1054,2)
(1055,6)
(1056,1)
(1057,9)
(1059,2)
(1061,12)
(10105,16)
(10106,6)
(10107,5)
(10108,17)
(10109,56)
(10111,10)
(10113,23)
(10114,13)
(10115,29)
(1097,7)
(1103,9)
(1104,21)
(1107,28)
(1108,6)
(1111,68)
(1113,62)
(1114,21)
(1115,124)
(10140,40)
(10141,4)
(10142,34)
(10145,111)
(10146,60)
(10403,19)
(10405,22)
(10406,28)
(10408,6)
(1184,6)
(1186,13)
(1187,73)
(1302,3)
(1303,2)
(1413,57)
(1414,155)
(1415,54)
(10002,23)
(10072,8)
(10073,19)
(10075,12)
(10076,35)
(10077,13)
(10078,6)
(10079,30)
(10080,46)
(10081,17)
(10082,46)
(10085,23)
(10086,21)
(10087,15)
(10088,14)
(10089,32)
(10090,14)
(10091,21)
(10092,9)
(10127,58)
(10128,25)
(10130,16)
(10131,23)
(10132,9)
(10133,89)
(10134,29)
(10135,28)
(10136,45)
(10572,1)
(10574,3)
(10575,2)
(10578,5)
(10581,3)
(10585,1)
(10586,7)
(10638,71)
