(1,5)
(2,73)
(5,59)
(9,8)
(52,2)
(53,10)
(56,21)
(57,3)
(59,5)
(61,2)
(95,40)
(97,99)
(98,16)
(99,10)
(100,18)
(101,19)
(102,12)
(103,25)
(104,21)
(145,61)
(146,2)
(149,70)
(151,58)
(156,19)
(160,6)
(161,1)
(163,5)
(164,7)
(242,15)
(243,15)
(247,32)
(248,44)
(252,70)
(253,28)
(254,19)
(255,101)
(257,6)
(1093,4)
(1095,2)
(1097,20)
(1103,22)
(1104,25)
(1107,44)
(1108,10)
(1111,72)
(1112,1)
(1113,45)
(1114,31)
(1115,103)
(1121,3)
(1122,37)
(1123,13)
(1164,58)
(1165,153)
(1166,131)
(1180,112)
(1181,27)
(1182,36)
(1184,2)
(1186,20)
(1187,84)
(1301,1)
(1302,5)
(1303,15)
(10053,6)
(10056,57)
(10057,60)
(10058,17)
(10062,27)
(10064,33)
(10065,24)
(10066,16)
(10068,6)
(10069,26)
(10123,10)
(10124,7)
(10127,67)
(10128,19)
(10130,9)
(10131,6)
(10132,12)
(10133,24)
(10134,30)
(10406,8)
(10408,9)
(10409,18)
(10410,85)
(10412,9)
(10414,5)
(10424,32)
(10568,52)
(10569,11)
(10571,1)
(10572,1)
(10574,1)
(10575,2)
(10580,13)
(10581,2)
(10582,1)
(10585,1)
(10638,60)
(72,10)
(73,21)
(74,11)
(75,9)
(77,3)
(78,49)
(79,12)
(82,21)
(83,8)
(62,4)
(63,7)
(64,5)
(65,8)
(66,7)
(67,11)
(68,23)
(69,48)
(71,10)
(119,19)
(120,8)
(121,9)
(122,11)
(124,27)
(126,2)
(127,2)
(128,1)
(129,46)
(106,29)
(107,15)
(108,3)
(110,50)
(111,27)
(112,22)
(115,1)
(116,24)
(118,5)
(84,10)
(85,14)
(86,3)
(87,18)
(88,22)
(91,15)
(92,28)
(93,20)
(94,25)
(181,34)
(182,26)
(184,13)
(225,8)
(226,84)
(227,19)
(228,98)
(229,37)
(230,63)
(231,31)
(132,10)
(133,17)
(136,45)
(137,20)
(138,16)
(139,29)
(142,12)
(143,107)
(144,22)
(166,23)
(168,10)
(169,4)
(170,79)
(171,15)
(172,2)
(173,5)
(176,21)
(179,3)
(272,39)
(274,62)
(275,29)
(277,5)
(387,1)
(388,26)
(520,5)
(570,32)
(571,11)
(232,73)
(233,65)
(234,113)
(236,30)
(237,56)
(238,35)
(239,11)
(240,13)
(241,1)
(259,90)
(263,121)
(264,4)
(265,51)
(266,13)
(267,32)
(268,121)
(269,31)
(270,98)
(582,42)
(584,32)
(586,85)
(587,3)
(589,1)
(1001,70)
(1002,118)
(1003,3)
(1004,7)
(1005,9)
(1006,12)
(1007,2)
(1008,3)
(1009,6)
(1014,137)
(1015,166)
(1016,111)
(1018,19)
(572,7)
(573,6)
(574,54)
(575,10)
(576,6)
(577,4)
(578,7)
(579,118)
(581,9)
(1028,5)
(1029,26)
(1031,11)
(1033,21)
(1034,17)
(1035,7)
(1036,48)
(1037,31)
(1038,8)
(1019,22)
(1020,9)
(1021,19)
(1022,29)
(1023,30)
(1024,16)
(1025,17)
(1026,18)
(1027,7)
(1061,13)
(1062,16)
(1066,10)
(1067,12)
(1068,3)
(1069,12)
(1070,22)
(1072,7)
(1073,5)
(1050,3)
(1051,7)
(1052,9)
(1053,7)
(1054,1)
(1055,5)
(1056,6)
(1057,3)
(1059,10)
(1074,13)
(1075,11)
(1076,9)
(1077,8)
(1078,12)
(1079,5)
(1080,11)
(1081,16)
(1082,8)
(1039,28)
(1040,9)
(1041,13)
(1042,9)
(1043,9)
(1045,3)
(1046,18)
(1047,5)
(1048,21)
(1049,9)
(1167,84)
(1168,35)
(1169,26)
(1170,25)
(1171,43)
(1173,50)
(1175,46)
(1176,31)
(1177,35)
(10070,28)
(10071,58)
(10072,7)
(10073,19)
(10075,16)
(10076,8)
(10077,10)
(10078,10)
(10079,19)
(1083,2)
(1084,14)
(1085,12)
(1087,42)
(1088,20)
(1089,14)
(1090,2)
(1091,16)
(1092,12)
(10080,65)
(10081,28)
(10082,19)
(10085,6)
(10086,40)
(10087,47)
(10088,17)
(10089,21)
(10090,11)
(1413,56)
(1414,184)
(1415,50)
(10002,25)
(10005,8)
(10006,21)
(10013,84)
(10014,9)
(10017,5)
(10091,9)
(10092,7)
(10093,70)
(10094,16)
(10095,15)
(10096,33)
(10097,26)
(10098,25)
(10099,19)
(10114,6)
(10115,56)
(10116,3)
(10117,51)
(10118,48)
(10119,21)
(10120,10)
(10121,13)
(10122,8)
(10101,11)
(10104,34)
(10105,6)
(10106,6)
(10107,4)
(10108,26)
(10109,65)
(10111,11)
(10113,27)
(10135,9)
(10136,48)
(10140,24)
(10141,5)
(10142,24)
(10145,110)
(10146,80)
(10403,27)
(10405,13)
