(1,58)
(2,60)
(5,14)
(9,26)
(11,5)
(52,2)
(53,20)
(56,24)
(57,22)
(59,3)
(94,39)
(95,15)
(97,84)
(98,7)
(99,7)
(100,10)
(101,11)
(102,14)
(103,35)
(146,5)
(149,121)
(151,33)
(156,14)
(160,1)
(161,6)
(163,6)
(164,5)
(166,15)
(247,22)
(248,23)
(252,60)
(253,25)
(254,66)
(255,31)
(257,9)
(259,82)
(263,70)
(1008,2)
(1009,5)
(1014,138)
(1015,128)
(1016,102)
(1018,8)
(1019,9)
(1020,7)
(1021,7)
(1066,3)
(1067,3)
(1068,5)
(1069,8)
(1070,10)
(1072,6)
(1073,4)
(1074,7)
(1075,15)
(1076,9)
(1077,4)
(1078,9)
(1079,7)
(1080,6)
(1081,19)
(1082,22)
(1083,7)
(1084,15)
(1415,26)
(10002,46)
(10005,1)
(10006,23)
(10007,74)
(10014,64)
(10017,6)
(10053,8)
(10056,42)
(10082,32)
(10084,1)
(10085,54)
(10086,23)
(10087,36)
(10088,20)
(10089,16)
(10090,13)
(10091,50)
(10104,16)
(10105,21)
(10106,13)
(10107,7)
(10108,23)
(10109,48)
(10111,17)
(10113,24)
(10114,3)
(10124,5)
(10127,28)
(10128,23)
(10130,15)
(10131,23)
(10132,13)
(10133,83)
(10134,49)
(10135,36)
(83,9)
(84,8)
(85,12)
(86,1)
(87,38)
(88,13)
(91,4)
(92,12)
(93,21)
(71,11)
(72,13)
(73,24)
(74,12)
(75,17)
(77,3)
(78,40)
(79,1)
(82,18)
(133,5)
(136,29)
(137,42)
(138,29)
(139,27)
(142,10)
(143,80)
(144,30)
(145,27)
(119,6)
(120,7)
(121,1)
(122,12)
(124,38)
(126,14)
(127,14)
(129,47)
(132,17)
(60,3)
(62,6)
(63,5)
(64,7)
(65,4)
(66,12)
(67,15)
(68,21)
(69,27)
(234,12)
(236,21)
(237,7)
(238,17)
(239,41)
(240,55)
(241,4)
(242,18)
(243,7)
(182,25)
(225,26)
(226,37)
(227,16)
(228,33)
(229,16)
(230,36)
(231,1)
(232,41)
(233,7)
(574,42)
(575,25)
(578,12)
(579,25)
(581,19)
(582,62)
(584,21)
(586,61)
(587,6)
(275,30)
(387,8)
(388,25)
(520,1)
(522,4)
(570,43)
(571,25)
(572,9)
(573,13)
(104,7)
(106,12)
(107,26)
(110,29)
(111,18)
(112,26)
(115,17)
(116,6)
(118,6)
(1041,6)
(1042,14)
(1043,9)
(1045,4)
(1046,26)
(1047,3)
(1048,8)
(1049,10)
(1050,4)
(1051,2)
(1052,7)
(1053,6)
(1054,2)
(1055,5)
(1056,6)
(1057,8)
(1059,3)
(1061,20)
(1062,13)
(168,9)
(169,7)
(170,68)
(171,23)
(172,20)
(173,20)
(176,24)
(179,33)
(181,76)
(264,3)
(265,16)
(266,8)
(267,3)
(268,40)
(269,34)
(270,125)
(272,28)
(274,73)
(1097,23)
(1103,7)
(1104,4)
(1107,48)
(1108,15)
(1111,20)
(1112,1)
(1113,24)
(1114,4)
(1085,7)
(1087,15)
(1088,17)
(1089,14)
(1090,1)
(1091,10)
(1092,2)
(1093,1)
(1096,1)
(1169,26)
(1170,29)
(1171,120)
(1173,42)
(1175,27)
(1176,22)
(1177,12)
(1180,123)
(1181,153)
(1115,58)
(1121,15)
(1122,19)
(1123,23)
(1164,11)
(1165,135)
(1166,148)
(1167,58)
(1168,11)
(589,10)
(591,21)
(1001,64)
(1002,73)
(1003,7)
(1004,1)
(1005,14)
(1006,19)
(1007,4)
(1022,28)
(1023,24)
(1024,12)
(1025,27)
(1026,33)
(1027,16)
(1028,30)
(1029,6)
(1031,6)
(10057,50)
(10058,5)
(10062,18)
(10064,50)
(10065,11)
(10066,12)
(10068,22)
(10069,14)
(10070,6)
(10071,35)
(10072,19)
(10073,18)
(10075,13)
(10076,56)
(10077,43)
(10078,15)
(10079,41)
(10080,38)
(10081,8)
(10136,43)
(10140,35)
(10141,6)
(10142,25)
(10145,94)
(10146,71)
(10403,11)
(10405,1)
(10406,24)
(1032,4)
(1033,5)
(1034,27)
(1035,12)
(1036,25)
(1037,23)
(1038,5)
(1039,19)
(1040,10)
(10092,15)
(10093,42)
(10094,26)
(10095,37)
(10096,47)
(10097,29)
(10098,85)
(10099,6)
(10101,15)
(1182,82)
(1184,45)
(1186,8)
(1187,30)
(1301,32)
(1302,7)
(1303,7)
(1413,112)
(1414,144)
(10115,42)
(10116,30)
(10117,23)
(10118,24)
(10119,17)
(10120,38)
(10121,12)
(10122,9)
(10123,15)
(10408,19)
(10409,23)
(10410,19)
(10412,1)
(10414,25)
(10424,52)
(10568,32)
(10569,14)
(10571,3)
(10578,3)
(10579,1)
(10580,1)
(10581,2)
(10582,18)
(10583,6)
(10586,2)
(10587,5)
(10638,9)
