(82,17)
(83,5)
(84,10)
(85,10)
(86,2)
(87,16)
(88,14)
(91,6)
(92,22)
(129,35)
(132,29)
(133,5)
(136,31)
(137,19)
(138,27)
(139,22)
(142,10)
(143,62)
(230,43)
(231,3)
(232,52)
(233,4)
(234,5)
(236,25)
(237,11)
(238,11)
(239,37)
(571,13)
(572,17)
(573,20)
(574,35)
(575,9)
(576,26)
(577,5)
(578,8)
(579,28)
(581,15)
(582,65)
(584,17)
(586,71)
(587,17)
(589,20)
(1001,58)
(1002,86)
(1003,12)
(1018,11)
(1019,10)
(1020,5)
(1021,9)
(1022,20)
(1023,17)
(1024,17)
(1025,35)
(1026,35)
(1072,17)
(1073,1)
(1074,7)
(1075,14)
(1076,6)
(1078,8)
(1079,12)
(1080,6)
(1081,11)
(1112,4)
(1113,35)
(1115,59)
(1121,12)
(1122,25)
(1123,25)
(1164,14)
(1165,152)
(1166,142)
(10079,45)
(10080,26)
(10081,3)
(10082,40)
(10085,58)
(10086,17)
(10087,34)
(10088,24)
(10089,17)
(10113,26)
(10115,37)
(10116,16)
(10117,30)
(10118,37)
(10119,25)
(10120,28)
(10121,19)
(10122,6)
(10135,24)
(10136,43)
(10140,46)
(10141,2)
(10142,25)
(10145,116)
(10146,51)
(10403,23)
(10405,4)
(60,4)
(61,1)
(62,3)
(63,5)
(64,9)
(65,2)
(66,9)
(67,16)
(68,15)
(103,27)
(104,14)
(106,14)
(107,25)
(108,2)
(110,14)
(111,18)
(112,14)
(115,10)
(164,13)
(166,12)
(168,12)
(169,5)
(170,74)
(171,20)
(172,33)
(173,25)
(176,25)
(257,15)
(259,72)
(263,106)
(264,10)
(265,20)
(266,15)
(267,7)
(268,27)
(269,32)
(69,39)
(71,11)
(72,11)
(73,32)
(74,8)
(75,20)
(77,3)
(78,24)
(79,2)
(1,27)
(2,107)
(5,21)
(9,16)
(52,5)
(53,19)
(56,19)
(57,17)
(59,3)
(1004,5)
(1005,18)
(1006,20)
(1007,5)
(1008,2)
(1009,3)
(1014,122)
(1015,134)
(1016,101)
(93,17)
(94,20)
(95,22)
(97,99)
(98,8)
(99,3)
(100,13)
(101,25)
(102,11)
(116,8)
(118,3)
(119,8)
(120,5)
(121,5)
(122,17)
(124,42)
(126,17)
(127,16)
(144,34)
(145,47)
(146,7)
(149,142)
(151,37)
(156,11)
(160,4)
(161,4)
(163,6)
(1057,11)
(1059,1)
(1061,17)
(1062,14)
(1066,1)
(1067,10)
(1068,4)
(1069,6)
(1070,14)
(179,34)
(181,66)
(182,39)
(184,15)
(225,17)
(226,73)
(227,10)
(228,33)
(229,14)
(1167,43)
(1168,20)
(1169,29)
(1170,38)
(1171,108)
(1173,44)
(1175,30)
(1176,24)
(1177,15)
(240,75)
(242,13)
(243,16)
(247,38)
(248,17)
(252,53)
(253,53)
(254,68)
(255,38)
(270,127)
(272,36)
(275,42)
(277,1)
(387,6)
(388,28)
(520,3)
(522,5)
(570,35)
(1027,17)
(1028,24)
(1029,8)
(1031,3)
(1033,7)
(1034,27)
(1035,11)
(1036,15)
(1037,32)
(10069,14)
(10070,20)
(10071,29)
(10072,25)
(10073,26)
(10075,14)
(10076,68)
(10077,38)
(10078,20)
(1038,3)
(1039,11)
(1040,10)
(1041,11)
(1042,11)
(1043,12)
(1045,1)
(1046,19)
(1047,7)
(1082,19)
(1083,4)
(1084,10)
(1085,9)
(1087,29)
(1088,17)
(1089,17)
(1090,2)
(1091,4)
(10123,8)
(10124,6)
(10127,30)
(10128,21)
(10130,12)
(10131,26)
(10132,12)
(10133,90)
(10134,48)
(1092,16)
(1093,1)
(1095,4)
(1097,18)
(1103,17)
(1104,3)
(1107,39)
(1108,11)
(1111,18)
(1048,5)
(1049,10)
(1050,4)
(1051,4)
(1052,4)
(1053,4)
(1054,5)
(1055,7)
(1056,4)
(1413,106)
(1414,150)
(1415,31)
(10002,51)
(10006,37)
(10007,65)
(10013,1)
(10014,79)
(10017,10)
(1180,76)
(1181,181)
(1182,87)
(1184,37)
(1186,16)
(1187,35)
(1301,30)
(1302,10)
(1303,2)
(10053,3)
(10056,45)
(10057,47)
(10058,5)
(10062,21)
(10064,49)
(10065,10)
(10066,20)
(10068,25)
(10090,6)
(10091,58)
(10092,12)
(10093,40)
(10094,27)
(10095,25)
(10096,46)
(10097,42)
(10098,65)
(10570,2)
(10571,1)
(10575,1)
(10581,1)
(10582,14)
(10583,3)
(10585,2)
(10638,77)
(10099,12)
(10101,18)
(10104,22)
(10105,20)
(10106,6)
(10107,6)
(10108,25)
(10109,59)
(10111,9)
(10406,14)
(10408,28)
(10409,30)
(10410,20)
(10412,6)
(10414,16)
(10424,44)
(10568,45)
(10569,11)
