(82,37)
(83,14)
(84,16)
(85,22)
(86,1)
(87,49)
(88,30)
(91,9)
(92,37)
(132,17)
(133,14)
(136,66)
(137,48)
(138,22)
(139,40)
(142,9)
(143,167)
(144,28)
(232,67)
(233,3)
(234,7)
(236,50)
(237,16)
(238,17)
(239,34)
(240,55)
(241,16)
(242,31)
(572,14)
(573,28)
(574,54)
(575,28)
(576,20)
(577,3)
(578,23)
(579,55)
(581,26)
(1026,56)
(1027,19)
(1028,19)
(1029,7)
(1031,8)
(1032,1)
(1033,7)
(1034,58)
(1035,10)
(1036,77)
(1037,44)
(1038,16)
(1039,12)
(1040,7)
(1041,17)
(1042,16)
(1043,11)
(1045,3)
(1046,22)
(1047,6)
(1048,4)
(1049,12)
(1050,8)
(1051,12)
(1052,9)
(1053,5)
(1054,5)
(1080,7)
(1081,41)
(1082,29)
(1083,10)
(1084,19)
(1085,12)
(1087,32)
(1088,16)
(1089,14)
(10097,75)
(10098,150)
(10099,13)
(10101,11)
(10104,53)
(10105,19)
(10106,22)
(10107,19)
(10108,42)
(10109,77)
(10111,21)
(10113,17)
(10114,8)
(10115,42)
(10116,29)
(10117,65)
(10118,42)
(10119,32)
(10120,79)
(10121,42)
(10122,24)
(10123,9)
(10124,10)
(10127,34)
(10128,15)
(10130,22)
(10131,33)
(10132,45)
(10403,32)
(10405,6)
(10406,22)
(10408,33)
(10409,48)
(10410,29)
(10412,2)
(10414,31)
(10424,32)
(1,70)
(2,47)
(5,68)
(9,11)
(11,18)
(52,5)
(53,36)
(56,36)
(57,25)
(59,14)
(60,7)
(61,1)
(62,6)
(63,7)
(64,14)
(65,2)
(66,17)
(67,33)
(68,38)
(103,11)
(104,12)
(106,15)
(107,54)
(108,3)
(110,47)
(111,47)
(112,47)
(115,28)
(116,35)
(93,29)
(94,47)
(95,23)
(97,133)
(98,10)
(99,5)
(100,24)
(101,32)
(102,19)
(69,53)
(71,10)
(72,8)
(73,24)
(74,18)
(75,27)
(77,5)
(78,65)
(79,12)
(118,11)
(119,20)
(120,15)
(121,8)
(122,31)
(124,67)
(126,30)
(127,13)
(129,83)
(145,138)
(146,4)
(149,200)
(151,79)
(156,25)
(160,2)
(161,9)
(163,7)
(164,13)
(243,9)
(247,45)
(248,21)
(252,77)
(253,67)
(254,75)
(255,92)
(257,30)
(259,62)
(166,35)
(168,10)
(169,6)
(170,160)
(171,33)
(172,13)
(173,15)
(176,29)
(179,77)
(263,108)
(264,4)
(265,20)
(266,12)
(267,11)
(268,61)
(269,26)
(270,106)
(272,23)
(181,97)
(182,43)
(225,21)
(226,45)
(227,10)
(228,33)
(229,24)
(230,71)
(231,2)
(1090,3)
(1091,11)
(1092,2)
(1093,3)
(1095,1)
(1096,2)
(1097,31)
(1103,37)
(1104,6)
(582,70)
(584,19)
(586,44)
(587,3)
(589,10)
(590,10)
(591,21)
(1001,149)
(1002,77)
(274,78)
(275,23)
(277,7)
(387,3)
(388,12)
(520,2)
(522,6)
(570,62)
(571,18)
(1003,18)
(1004,2)
(1005,3)
(1006,33)
(1007,10)
(1008,1)
(1009,1)
(1010,1)
(1014,164)
(1015,224)
(1055,11)
(1056,13)
(1057,20)
(1059,2)
(1061,18)
(1062,33)
(1066,4)
(1067,5)
(1068,9)
(1069,10)
(1107,84)
(1108,10)
(1111,26)
(1112,6)
(1113,41)
(1114,4)
(1115,115)
(1121,37)
(1122,40)
(1070,10)
(1072,15)
(1073,6)
(1074,5)
(1075,14)
(1076,16)
(1077,9)
(1078,5)
(1079,9)
(1123,17)
(1164,11)
(1165,142)
(1166,143)
(1167,78)
(1168,17)
(1169,43)
(1170,37)
(1171,101)
(1016,162)
(1018,12)
(1019,19)
(1020,11)
(1021,25)
(1022,72)
(1023,24)
(1024,16)
(1025,17)
(10017,24)
(10053,28)
(10056,83)
(10057,65)
(10058,17)
(10062,32)
(10064,88)
(10065,21)
(10066,26)
(1173,32)
(1175,44)
(1176,16)
(1177,11)
(1180,127)
(1181,107)
(1182,89)
(1184,39)
(1186,25)
(1187,36)
(1301,45)
(1302,15)
(1303,7)
(1413,86)
(1414,194)
(1415,12)
(10002,40)
(10007,42)
(10014,67)
(10078,33)
(10079,58)
(10080,49)
(10081,13)
(10082,44)
(10084,7)
(10085,68)
(10086,35)
(10087,78)
(10068,50)
(10069,26)
(10070,27)
(10071,79)
(10072,44)
(10073,19)
(10075,16)
(10076,94)
(10077,75)
(10088,31)
(10089,16)
(10090,10)
(10091,86)
(10092,28)
(10093,62)
(10094,65)
(10095,30)
(10096,93)
(10133,83)
(10134,61)
(10135,51)
(10136,115)
(10140,71)
(10141,7)
(10142,84)
(10145,81)
(10146,77)
(10568,100)
(10569,20)
(10575,2)
(10580,2)
(10581,3)
(10582,27)
(10583,1)
(10585,1)
(10638,95)
