(72,11)
(73,25)
(74,11)
(75,21)
(78,38)
(79,7)
(82,25)
(83,5)
(84,5)
(120,8)
(121,4)
(122,19)
(124,31)
(126,18)
(127,18)
(128,1)
(129,58)
(132,21)
(133,13)
(225,24)
(226,39)
(227,8)
(228,33)
(229,16)
(230,28)
(231,1)
(232,54)
(233,8)
(277,2)
(387,4)
(388,15)
(520,2)
(522,4)
(570,34)
(571,17)
(572,8)
(573,8)
(586,37)
(587,12)
(589,27)
(1001,54)
(1002,54)
(1003,16)
(1004,4)
(1005,9)
(1006,16)
(1007,2)
(1008,1)
(1009,11)
(1010,1)
(1014,106)
(1015,146)
(1016,98)
(1018,11)
(1019,7)
(1029,9)
(1031,6)
(1033,7)
(1034,27)
(1035,5)
(1036,28)
(1037,32)
(1038,7)
(1039,22)
(1040,9)
(1084,15)
(1085,4)
(1087,16)
(1088,16)
(1089,8)
(1090,3)
(1091,2)
(1092,4)
(1093,2)
(10080,26)
(10081,4)
(10082,32)
(10085,67)
(10086,25)
(10087,30)
(10088,18)
(10089,13)
(10090,4)
(10091,50)
(10092,6)
(10093,40)
(10094,23)
(10095,20)
(10096,40)
(10097,40)
(10098,53)
(10099,8)
(10101,14)
(10104,26)
(10105,19)
(10106,14)
(10107,6)
(10108,28)
(10109,53)
(10111,12)
(10113,18)
(10114,1)
(10115,24)
(10116,15)
(10117,32)
(10118,28)
(10119,19)
(10120,31)
(10121,22)
(10122,10)
(10123,12)
(85,12)
(86,4)
(87,27)
(88,15)
(91,4)
(92,18)
(93,17)
(94,23)
(95,21)
(136,22)
(137,31)
(138,33)
(139,26)
(142,7)
(143,62)
(144,20)
(145,51)
(146,5)
(1,43)
(2,99)
(5,24)
(9,20)
(52,10)
(53,13)
(56,23)
(57,13)
(59,6)
(60,1)
(234,4)
(236,28)
(237,7)
(238,19)
(239,39)
(240,53)
(241,2)
(242,20)
(243,8)
(62,3)
(63,7)
(64,13)
(65,4)
(66,14)
(67,15)
(68,21)
(69,31)
(71,13)
(97,63)
(98,13)
(99,6)
(100,9)
(101,14)
(102,14)
(103,27)
(104,11)
(106,15)
(574,41)
(575,27)
(576,8)
(577,4)
(578,9)
(579,19)
(581,11)
(582,74)
(584,22)
(107,22)
(108,2)
(110,22)
(111,16)
(112,25)
(115,14)
(116,3)
(118,1)
(119,5)
(149,113)
(151,40)
(156,14)
(160,2)
(161,7)
(163,6)
(164,7)
(166,21)
(168,8)
(1020,14)
(1021,8)
(1022,21)
(1023,9)
(1024,17)
(1025,25)
(1026,49)
(1027,25)
(1028,31)
(169,3)
(170,62)
(171,36)
(172,26)
(173,14)
(176,23)
(179,58)
(181,68)
(182,26)
(247,25)
(248,20)
(252,54)
(253,30)
(254,49)
(255,50)
(257,10)
(259,59)
(263,94)
(1095,2)
(1096,3)
(1097,16)
(1103,20)
(1104,4)
(1107,18)
(1108,12)
(1111,14)
(1112,5)
(264,3)
(265,21)
(266,21)
(267,3)
(268,18)
(269,23)
(270,113)
(272,21)
(274,54)
(275,42)
(1414,135)
(1415,25)
(10002,49)
(10005,1)
(10006,24)
(10007,49)
(10014,58)
(10017,10)
(10053,14)
(1041,14)
(1042,9)
(1043,7)
(1045,1)
(1046,31)
(1047,2)
(1048,4)
(1049,5)
(1050,1)
(1113,32)
(1114,4)
(1115,40)
(1121,23)
(1122,18)
(1123,9)
(1164,10)
(1165,111)
(1166,99)
(1167,47)
(1168,21)
(1169,33)
(1170,33)
(1171,93)
(1173,38)
(1175,17)
(1176,10)
(1177,14)
(1180,67)
(10070,17)
(10071,36)
(10072,20)
(10073,15)
(10075,19)
(10076,52)
(10077,49)
(10078,9)
(10079,32)
(1051,5)
(1052,9)
(1053,5)
(1054,2)
(1055,5)
(1056,8)
(1057,6)
(1059,4)
(1061,14)
(1062,14)
(1066,7)
(1067,8)
(1068,3)
(1069,9)
(1070,13)
(1072,9)
(1073,4)
(1074,11)
(1181,128)
(1182,61)
(1184,29)
(1186,15)
(1187,33)
(1301,28)
(1302,9)
(1303,5)
(1413,80)
(1075,8)
(1076,4)
(1077,7)
(1078,6)
(1079,10)
(1080,6)
(1081,21)
(1082,17)
(1083,3)
(10056,36)
(10057,46)
(10058,11)
(10062,30)
(10064,25)
(10065,10)
(10066,16)
(10068,38)
(10069,17)
(10124,4)
(10127,31)
(10128,21)
(10130,11)
(10131,13)
(10132,12)
(10133,75)
(10134,49)
(10135,33)
(10136,52)
(10140,53)
(10141,9)
(10142,27)
(10145,76)
(10146,52)
(10403,9)
(10405,2)
(10406,21)
(10408,15)
(10409,35)
(10410,10)
(10412,4)
(10414,17)
(10424,23)
(10568,32)
(10569,11)
(10570,4)
(10571,1)
(10574,1)
(10578,1)
(10579,1)
(10580,2)
(10581,1)
(10582,22)
(10583,3)
(10638,93)
