(82,19)
(83,1)
(84,3)
(85,5)
(87,20)
(88,6)
(91,3)
(92,5)
(124,9)
(127,5)
(129,15)
(132,4)
(133,3)
(136,20)
(137,8)
(138,7)
(229,1)
(230,17)
(231,1)
(232,11)
(233,4)
(234,4)
(236,21)
(237,1)
(388,5)
(520,3)
(570,4)
(571,13)
(572,5)
(573,2)
(574,6)
(575,9)
(1301,22)
(1302,7)
(1303,3)
(1413,19)
(1414,47)
(1415,11)
(10002,15)
(10007,6)
(10013,3)
(10014,10)
(10053,16)
(10056,17)
(10057,10)
(10058,7)
(10062,14)
(10064,14)
(10065,13)
(10066,18)
(10068,11)
(10069,6)
(10070,2)
(10071,15)
(10072,12)
(10073,25)
(10075,6)
(10076,16)
(10077,13)
(10078,6)
(10079,10)
(10080,11)
(10081,6)
(10082,8)
(1,71)
(2,50)
(5,7)
(9,3)
(11,3)
(52,6)
(53,6)
(56,15)
(57,15)
(93,19)
(94,13)
(95,16)
(97,31)
(98,6)
(99,5)
(100,7)
(101,9)
(139,6)
(142,5)
(143,38)
(144,13)
(145,18)
(146,5)
(149,37)
(151,12)
(69,11)
(71,8)
(72,7)
(73,13)
(74,6)
(75,6)
(78,23)
(79,3)
(239,11)
(240,14)
(241,3)
(242,6)
(243,5)
(247,8)
(248,3)
(252,41)
(112,18)
(115,4)
(116,10)
(118,7)
(119,2)
(120,1)
(121,1)
(122,3)
(1006,4)
(1007,2)
(1009,3)
(1014,45)
(1015,53)
(1016,26)
(1018,3)
(1019,4)
(176,8)
(179,33)
(181,34)
(182,12)
(225,5)
(226,16)
(227,6)
(228,14)
(1020,4)
(1021,2)
(1022,13)
(1023,11)
(1024,6)
(1025,1)
(1026,7)
(1027,6)
(1028,6)
(266,4)
(267,5)
(268,12)
(269,3)
(270,27)
(272,4)
(274,21)
(275,12)
(1029,5)
(1031,2)
(1033,1)
(1034,5)
(1035,7)
(1036,15)
(1038,2)
(1039,4)
(587,1)
(589,7)
(590,2)
(591,8)
(1001,12)
(1002,17)
(1003,2)
(1004,2)
(1040,1)
(1042,3)
(1045,5)
(1046,9)
(1047,1)
(1049,2)
(1050,1)
(1051,2)
(1052,1)
(1053,6)
(1054,1)
(1055,2)
(1056,3)
(1057,3)
(1059,1)
(1061,2)
(10114,1)
(10115,9)
(10116,10)
(10117,8)
(10118,6)
(10119,9)
(10120,21)
(10121,13)
(1062,3)
(1081,12)
(1082,4)
(1084,5)
(1085,1)
(1087,5)
(1088,7)
(1089,7)
(10122,5)
(10123,5)
(10124,4)
(10126,2)
(10127,14)
(10128,9)
(10130,3)
(10131,5)
(1111,4)
(1113,8)
(1114,1)
(1115,18)
(1121,2)
(1122,1)
(1123,11)
(1164,1)
(10132,8)
(10133,27)
(10134,17)
(10135,13)
(10136,13)
(10140,20)
(10142,22)
(10145,22)
(10084,4)
(10085,8)
(10086,5)
(10087,9)
(10088,19)
(10089,8)
(10090,1)
(10091,29)
(10104,3)
(10105,5)
(10106,3)
(10107,6)
(10108,8)
(10109,18)
(10111,1)
(10113,6)
(10146,26)
(10406,12)
(10408,3)
(10409,14)
(10410,8)
(10412,1)
(10414,2)
(10424,31)
(10568,9)
(10569,8)
(10575,1)
(10580,1)
(10582,2)
(10583,1)
(10584,1)
(10638,36)
(59,2)
(62,4)
(63,1)
(64,4)
(65,2)
(66,3)
(67,4)
(68,14)
(102,11)
(103,10)
(104,7)
(106,11)
(107,21)
(108,2)
(110,12)
(111,7)
(161,2)
(164,7)
(166,11)
(168,1)
(170,25)
(171,13)
(172,10)
(173,7)
(253,7)
(254,30)
(255,26)
(257,1)
(259,11)
(263,26)
(264,6)
(265,9)
(576,7)
(577,2)
(578,5)
(579,13)
(581,2)
(582,19)
(584,16)
(586,8)
(1091,1)
(1093,1)
(1096,1)
(1097,11)
(1103,5)
(1104,4)
(1107,18)
(1108,3)
(1165,51)
(1166,33)
(1168,8)
(1169,6)
(1170,9)
(1171,28)
(1173,10)
(1175,25)
(1176,4)
(1177,7)
(1180,10)
(1181,33)
(1182,18)
(1184,13)
(1186,1)
(1187,6)
(10092,2)
(10093,17)
(10094,19)
(10095,10)
(10096,17)
(10097,14)
(10098,17)
(10099,2)
