(72,9)
(73,28)
(74,7)
(75,17)
(77,7)
(78,36)
(79,6)
(82,24)
(83,4)
(119,4)
(120,12)
(121,7)
(122,15)
(124,22)
(126,10)
(127,22)
(129,38)
(132,17)
(133,4)
(225,16)
(226,42)
(227,12)
(228,31)
(229,10)
(230,22)
(231,3)
(232,42)
(233,3)
(277,1)
(387,8)
(388,14)
(520,2)
(522,3)
(570,48)
(571,15)
(572,8)
(573,9)
(1051,7)
(1052,6)
(1053,5)
(1054,4)
(1055,6)
(1056,10)
(1057,11)
(1059,1)
(1061,14)
(1075,2)
(1076,4)
(1077,5)
(1078,7)
(1079,3)
(1080,5)
(1081,15)
(1082,27)
(1083,5)
(1084,14)
(1085,2)
(1087,22)
(1088,16)
(1089,8)
(1090,2)
(1091,5)
(1092,4)
(1093,2)
(1414,136)
(1415,15)
(10002,42)
(10006,31)
(10007,42)
(10014,51)
(10017,5)
(10053,17)
(10056,31)
(10105,14)
(10106,9)
(10107,3)
(10108,31)
(10109,59)
(10111,13)
(10113,13)
(10114,2)
(10115,34)
(10409,23)
(10410,9)
(10412,4)
(10414,17)
(10424,32)
(10568,21)
(10569,10)
(10570,1)
(10575,1)
(62,10)
(63,2)
(64,11)
(65,2)
(66,14)
(67,17)
(68,15)
(69,38)
(71,14)
(1,64)
(2,67)
(5,28)
(9,13)
(52,5)
(53,12)
(56,21)
(57,14)
(59,8)
(60,5)
(106,9)
(107,27)
(108,2)
(110,37)
(111,17)
(112,25)
(115,6)
(116,5)
(118,4)
(169,2)
(170,58)
(171,30)
(172,17)
(173,10)
(176,22)
(179,52)
(181,76)
(182,18)
(95,18)
(97,76)
(98,10)
(99,1)
(100,13)
(101,14)
(102,13)
(103,41)
(104,9)
(84,8)
(85,12)
(86,1)
(87,25)
(88,14)
(91,2)
(92,8)
(93,13)
(94,29)
(149,89)
(151,27)
(156,18)
(160,3)
(161,5)
(163,10)
(164,7)
(166,25)
(168,10)
(136,41)
(137,27)
(138,19)
(139,33)
(142,5)
(143,75)
(144,35)
(145,56)
(146,5)
(264,4)
(265,17)
(266,16)
(267,5)
(268,31)
(269,22)
(270,88)
(272,16)
(274,39)
(275,36)
(586,45)
(587,19)
(589,13)
(1001,39)
(1002,79)
(1003,10)
(1004,2)
(1005,16)
(1006,18)
(247,19)
(248,22)
(252,51)
(253,42)
(254,56)
(255,44)
(257,21)
(259,58)
(263,92)
(234,5)
(236,14)
(237,16)
(238,16)
(239,33)
(240,50)
(241,2)
(242,16)
(243,9)
(1095,1)
(1096,1)
(1097,13)
(1103,14)
(1104,3)
(1107,37)
(1108,9)
(1111,12)
(1112,3)
(1007,3)
(1008,1)
(1009,1)
(1010,3)
(1014,86)
(1015,129)
(1016,89)
(1018,8)
(1019,10)
(574,57)
(575,23)
(576,12)
(577,3)
(578,7)
(579,29)
(581,12)
(582,67)
(584,17)
(1113,28)
(1114,5)
(1115,37)
(1121,15)
(1122,31)
(1123,15)
(1164,10)
(1165,95)
(1166,79)
(1167,57)
(1029,7)
(1031,7)
(1033,9)
(1034,27)
(1035,11)
(1036,31)
(1037,34)
(1038,2)
(1039,15)
(1040,6)
(1020,8)
(1021,9)
(1022,31)
(1023,20)
(1024,22)
(1025,36)
(1026,45)
(1027,11)
(1028,20)
(1168,15)
(1169,23)
(1170,24)
(1171,91)
(1173,33)
(1175,21)
(1176,15)
(1177,8)
(1180,62)
(1181,136)
(1182,77)
(1184,26)
(1186,14)
(1187,54)
(1301,26)
(1302,8)
(1303,6)
(1413,92)
(1041,8)
(1042,11)
(1043,10)
(1045,1)
(1046,18)
(1047,4)
(1048,6)
(1049,6)
(1050,3)
(10081,6)
(10082,27)
(10085,73)
(10086,24)
(10087,43)
(10088,23)
(10089,9)
(10090,6)
(10091,44)
(10057,39)
(10058,6)
(10062,17)
(10064,39)
(10065,13)
(10066,12)
(10068,24)
(10069,9)
(10070,11)
(1062,7)
(1066,4)
(1067,1)
(1068,6)
(1069,4)
(1070,6)
(1072,11)
(1073,3)
(1074,8)
(10127,20)
(10128,17)
(10130,14)
(10131,24)
(10132,12)
(10133,62)
(10134,51)
(10135,36)
(10136,60)
(10092,13)
(10093,37)
(10094,35)
(10095,27)
(10096,49)
(10097,31)
(10098,57)
(10099,5)
(10101,15)
(10104,27)
(10071,30)
(10072,26)
(10073,12)
(10075,14)
(10076,65)
(10077,46)
(10078,14)
(10079,33)
(10080,35)
(10140,51)
(10141,3)
(10142,28)
(10145,79)
(10146,42)
(10403,4)
(10405,6)
(10406,11)
(10408,10)
(10116,19)
(10117,22)
(10118,24)
(10119,25)
(10120,33)
(10121,32)
(10122,6)
(10123,5)
(10124,8)
(10578,4)
(10579,6)
(10580,3)
(10581,1)
(10582,14)
(10583,2)
(10586,1)
(10587,2)
(10638,80)
