(1,77)
(2,62)
(5,20)
(9,19)
(11,1)
(52,8)
(53,11)
(56,16)
(57,16)
(59,4)
(95,27)
(97,69)
(98,10)
(99,7)
(100,17)
(101,14)
(102,9)
(103,23)
(104,6)
(149,102)
(151,40)
(156,16)
(160,3)
(161,9)
(163,7)
(164,12)
(166,12)
(168,9)
(248,25)
(252,41)
(253,41)
(254,68)
(255,23)
(257,16)
(259,76)
(263,76)
(264,7)
(1007,4)
(1008,1)
(1009,1)
(1010,2)
(1014,131)
(1015,133)
(1016,100)
(1018,15)
(1019,9)
(1051,5)
(1052,3)
(1053,2)
(1054,4)
(1055,3)
(1056,7)
(1057,4)
(1061,18)
(1062,11)
(1066,4)
(1067,7)
(1068,8)
(1069,7)
(1070,11)
(1072,15)
(1073,4)
(1074,3)
(1075,6)
(1184,28)
(1186,14)
(1187,28)
(1301,41)
(1302,10)
(1303,10)
(1413,98)
(1414,114)
(1415,29)
(10085,41)
(10086,22)
(10087,32)
(10088,20)
(10089,14)
(10090,7)
(10091,53)
(10092,13)
(10093,33)
(10117,38)
(10118,34)
(10119,23)
(10120,29)
(10121,23)
(10122,8)
(10123,6)
(10124,11)
(10127,35)
(10128,16)
(10130,13)
(10131,19)
(10132,13)
(10133,79)
(10134,45)
(10135,32)
(10136,40)
(10140,53)
(10141,4)
(71,9)
(72,6)
(73,20)
(74,13)
(75,15)
(77,3)
(78,28)
(79,2)
(82,29)
(119,4)
(120,7)
(121,3)
(122,17)
(124,35)
(126,22)
(127,16)
(129,41)
(132,22)
(83,9)
(84,9)
(85,14)
(86,3)
(87,23)
(88,17)
(91,8)
(92,18)
(93,25)
(94,41)
(225,22)
(226,32)
(227,15)
(228,34)
(229,14)
(230,38)
(231,3)
(232,87)
(233,4)
(60,2)
(62,6)
(63,3)
(64,5)
(65,1)
(66,20)
(67,10)
(68,22)
(69,32)
(133,8)
(136,29)
(137,34)
(138,23)
(139,22)
(142,10)
(143,61)
(144,30)
(145,47)
(146,1)
(106,12)
(107,20)
(108,5)
(110,24)
(111,14)
(112,27)
(115,20)
(116,4)
(118,1)
(234,8)
(236,25)
(237,12)
(238,12)
(239,19)
(240,41)
(241,6)
(242,17)
(243,11)
(247,17)
(277,3)
(387,6)
(388,16)
(520,1)
(522,6)
(570,51)
(571,11)
(572,14)
(573,12)
(169,6)
(170,66)
(171,26)
(172,28)
(173,8)
(176,23)
(179,32)
(181,59)
(182,26)
(1041,15)
(1042,12)
(1043,13)
(1045,2)
(1046,16)
(1047,4)
(1048,9)
(1049,5)
(1050,3)
(265,20)
(266,19)
(267,7)
(268,18)
(269,43)
(270,99)
(272,35)
(274,47)
(275,26)
(574,42)
(575,28)
(576,11)
(577,2)
(578,3)
(579,33)
(581,16)
(582,52)
(584,21)
(586,82)
(1076,10)
(1077,9)
(1078,8)
(1079,9)
(1080,10)
(1081,26)
(1082,20)
(1083,5)
(1084,11)
(1085,12)
(1020,4)
(1021,15)
(1022,30)
(1023,15)
(1024,10)
(1025,27)
(1026,31)
(1027,21)
(1028,26)
(587,13)
(589,12)
(591,27)
(1001,48)
(1002,93)
(1003,18)
(1004,2)
(1005,13)
(1006,19)
(1087,22)
(1088,16)
(1089,9)
(1090,3)
(1091,11)
(1092,11)
(1093,1)
(1095,1)
(1096,5)
(1029,6)
(1031,5)
(1033,4)
(1034,23)
(1035,7)
(1036,23)
(1037,22)
(1038,4)
(1039,13)
(1040,9)
(1097,13)
(1103,9)
(1104,7)
(1107,35)
(1108,7)
(1111,19)
(1112,3)
(1113,17)
(1114,3)
(1115,40)
(1121,27)
(1122,22)
(1123,23)
(1164,12)
(1165,145)
(1166,129)
(1167,73)
(1168,20)
(10058,5)
(10062,20)
(10064,36)
(10065,4)
(10066,15)
(10068,25)
(10069,21)
(10070,11)
(10071,46)
(10412,3)
(10414,22)
(10424,33)
(10568,46)
(10569,8)
(10570,1)
(10571,1)
(10574,1)
(10575,1)
(1169,21)
(1170,34)
(1171,111)
(1173,38)
(1175,42)
(1176,18)
(1177,12)
(1180,86)
(1181,157)
(1182,65)
(10002,32)
(10006,20)
(10007,78)
(10013,1)
(10014,68)
(10017,8)
(10053,10)
(10056,35)
(10057,33)
(10072,27)
(10073,21)
(10075,12)
(10076,58)
(10077,34)
(10078,13)
(10079,35)
(10080,31)
(10081,3)
(10082,24)
(10578,2)
(10579,3)
(10580,1)
(10581,1)
(10582,13)
(10583,3)
(10585,1)
(10586,3)
(10638,86)
(10094,27)
(10095,21)
(10096,53)
(10097,33)
(10098,79)
(10099,8)
(10101,13)
(10104,17)
(10105,13)
(10106,9)
(10107,3)
(10108,21)
(10109,59)
(10111,13)
(10113,32)
(10114,5)
(10115,31)
(10116,26)
(10142,25)
(10145,101)
(10146,44)
(10403,13)
(10405,5)
(10406,15)
(10408,22)
(10409,28)
(10410,20)
