(71,1)
(72,4)
(73,14)
(74,2)
(75,6)
(78,12)
(79,4)
(82,14)
(120,3)
(121,8)
(122,6)
(124,8)
(129,16)
(132,2)
(133,6)
(136,16)
(137,9)
(226,52)
(227,21)
(228,19)
(229,7)
(230,19)
(231,7)
(232,11)
(233,6)
(234,53)
(275,12)
(277,2)
(387,2)
(388,5)
(520,5)
(570,3)
(571,5)
(572,3)
(1028,1)
(1029,7)
(1031,6)
(1032,2)
(1033,7)
(1034,5)
(1035,6)
(1036,8)
(1037,1)
(1039,7)
(1040,1)
(1041,3)
(1042,2)
(1043,4)
(1046,4)
(1047,3)
(1048,4)
(1049,3)
(1050,2)
(1051,1)
(1053,1)
(1054,1)
(1055,2)
(1056,2)
(1057,1)
(1061,4)
(1087,12)
(1088,2)
(1089,3)
(1090,1)
(1091,2)
(1092,4)
(1095,1)
(1096,2)
(1097,6)
(10082,3)
(10084,12)
(10085,7)
(10086,4)
(10087,6)
(10088,2)
(10089,3)
(10090,2)
(10133,18)
(10134,6)
(10135,14)
(10136,16)
(10140,21)
(10141,1)
(10142,11)
(10145,29)
(10146,21)
(10403,10)
(10405,5)
(10406,13)
(10408,7)
(10409,12)
(10410,15)
(10412,1)
(10414,7)
(1,15)
(2,60)
(5,4)
(9,1)
(11,2)
(52,1)
(53,4)
(56,5)
(57,10)
(95,17)
(97,38)
(98,3)
(99,1)
(100,5)
(101,6)
(102,7)
(103,11)
(83,2)
(84,2)
(85,4)
(87,9)
(88,6)
(91,6)
(92,6)
(93,12)
(94,10)
(59,3)
(62,2)
(63,1)
(64,2)
(65,5)
(66,3)
(67,10)
(68,7)
(69,26)
(151,20)
(156,1)
(160,19)
(163,2)
(164,5)
(166,5)
(168,5)
(169,6)
(170,13)
(247,5)
(248,7)
(252,14)
(253,5)
(254,21)
(255,49)
(257,4)
(259,15)
(263,35)
(104,7)
(106,7)
(107,8)
(110,11)
(111,9)
(112,10)
(115,2)
(116,5)
(119,8)
(171,1)
(172,3)
(173,1)
(176,8)
(179,1)
(181,6)
(182,10)
(225,5)
(1076,3)
(1077,7)
(1078,3)
(1079,11)
(1080,10)
(1081,3)
(1084,6)
(1085,1)
(264,1)
(265,15)
(266,4)
(267,12)
(268,29)
(269,6)
(270,13)
(272,4)
(274,31)
(138,10)
(139,5)
(142,7)
(143,38)
(144,4)
(145,20)
(146,1)
(149,29)
(1170,3)
(1171,12)
(1173,14)
(1175,14)
(1177,6)
(1180,28)
(1181,2)
(1182,8)
(1184,2)
(236,14)
(237,14)
(238,12)
(239,25)
(240,8)
(241,5)
(242,2)
(243,1)
(586,12)
(587,1)
(589,1)
(590,2)
(591,8)
(1001,21)
(1002,21)
(1003,1)
(574,14)
(575,5)
(576,2)
(577,5)
(578,1)
(579,23)
(581,13)
(582,12)
(584,17)
(1020,4)
(1021,3)
(1022,2)
(1023,10)
(1024,5)
(1025,20)
(1026,6)
(1027,2)
(1186,5)
(1187,26)
(1301,2)
(1302,1)
(1303,3)
(1413,11)
(1414,77)
(1415,8)
(1062,2)
(1066,6)
(1068,1)
(1069,18)
(1070,4)
(1072,2)
(1073,4)
(1074,8)
(1075,3)
(1004,3)
(1005,1)
(1006,3)
(1009,12)
(1014,29)
(1015,38)
(1016,21)
(1018,10)
(1019,11)
(1115,69)
(1121,1)
(1122,1)
(1164,75)
(1165,47)
(1166,22)
(1167,16)
(1168,8)
(1169,9)
(10002,5)
(10005,10)
(10007,1)
(10013,22)
(10017,1)
(10053,4)
(10056,16)
(10057,6)
(10058,4)
(10062,9)
(10064,16)
(10065,7)
(10066,3)
(10068,10)
(10069,12)
(10070,9)
(10071,5)
(1103,8)
(1104,4)
(1107,17)
(1108,1)
(1111,22)
(1112,1)
(1113,17)
(1114,9)
(10072,5)
(10073,6)
(10075,3)
(10076,20)
(10077,10)
(10078,1)
(10079,17)
(10080,8)
(10081,12)
(10101,4)
(10104,15)
(10105,4)
(10106,3)
(10107,2)
(10108,9)
(10109,12)
(10111,1)
(10113,10)
(10122,5)
(10123,11)
(10124,4)
(10126,10)
(10127,13)
(10128,9)
(10130,10)
(10131,9)
(10132,10)
(10091,10)
(10092,5)
(10093,36)
(10094,19)
(10095,4)
(10096,12)
(10097,17)
(10098,11)
(10099,3)
(10424,24)
(10568,8)
(10569,5)
(10580,2)
(10582,2)
(10583,1)
(10585,1)
(10638,26)
(10114,6)
(10115,18)
(10116,4)
(10117,8)
(10118,11)
(10119,5)
(10120,16)
(10121,9)
