(1,3)
(2,56)
(5,40)
(11,3)
(52,5)
(53,9)
(56,13)
(57,1)
(59,9)
(93,16)
(94,22)
(95,30)
(97,69)
(98,6)
(99,1)
(100,8)
(101,14)
(102,13)
(144,18)
(145,36)
(146,6)
(149,43)
(151,34)
(156,8)
(160,18)
(161,2)
(163,5)
(241,11)
(242,12)
(243,6)
(247,21)
(248,20)
(252,27)
(253,23)
(254,23)
(255,57)
(582,11)
(584,21)
(586,40)
(589,2)
(590,12)
(591,15)
(1001,60)
(1002,97)
(1003,1)
(1018,12)
(1019,21)
(1020,11)
(1021,11)
(1022,13)
(1023,11)
(1024,10)
(1025,41)
(1026,7)
(1061,11)
(1062,14)
(1066,4)
(1067,6)
(1068,1)
(1069,14)
(1070,21)
(1072,2)
(1073,6)
(1181,4)
(1182,23)
(1184,2)
(1186,16)
(1187,63)
(1301,1)
(1302,8)
(1303,13)
(1413,32)
(10080,31)
(10081,14)
(10082,34)
(10084,22)
(10085,22)
(10086,20)
(10087,24)
(10088,6)
(10089,13)
(10113,17)
(10114,8)
(10115,38)
(10116,4)
(10117,22)
(10118,26)
(10119,6)
(10120,28)
(10121,20)
(10405,21)
(10406,25)
(10408,5)
(10409,26)
(10410,46)
(10412,3)
(10414,19)
(10424,27)
(10568,25)
(82,18)
(83,5)
(84,3)
(85,10)
(86,1)
(87,14)
(88,21)
(91,6)
(92,13)
(129,49)
(132,5)
(133,6)
(136,34)
(137,18)
(138,12)
(139,20)
(142,14)
(143,50)
(69,58)
(71,16)
(72,11)
(73,26)
(74,10)
(75,8)
(77,2)
(78,22)
(79,13)
(116,30)
(118,1)
(119,14)
(120,5)
(121,11)
(122,7)
(124,18)
(126,3)
(127,9)
(231,16)
(232,62)
(233,31)
(234,57)
(236,25)
(237,24)
(238,52)
(239,40)
(240,15)
(60,1)
(61,4)
(62,3)
(63,8)
(64,6)
(65,4)
(66,6)
(67,8)
(68,14)
(103,4)
(104,21)
(106,10)
(107,26)
(108,1)
(110,21)
(111,15)
(112,19)
(115,7)
(179,2)
(181,16)
(182,15)
(225,11)
(226,119)
(227,15)
(228,90)
(229,36)
(230,43)
(572,5)
(573,3)
(574,30)
(575,25)
(576,5)
(577,4)
(578,7)
(579,72)
(581,3)
(270,69)
(272,8)
(274,68)
(275,38)
(277,4)
(388,5)
(520,4)
(570,33)
(571,7)
(164,9)
(166,6)
(168,7)
(169,3)
(170,39)
(171,1)
(172,19)
(173,2)
(176,30)
(1074,8)
(1075,4)
(1076,5)
(1077,12)
(1078,1)
(1079,6)
(1080,10)
(1081,25)
(1082,20)
(1027,8)
(1028,9)
(1029,28)
(1031,7)
(1033,18)
(1034,14)
(1035,29)
(1036,21)
(1037,13)
(257,3)
(259,37)
(263,90)
(264,3)
(265,21)
(266,13)
(267,28)
(268,107)
(269,27)
(1114,20)
(1115,82)
(1121,6)
(1122,15)
(1123,12)
(1164,58)
(1165,107)
(1166,80)
(1167,42)
(1083,3)
(1084,9)
(1085,13)
(1087,43)
(1088,8)
(1089,9)
(1091,14)
(1092,17)
(1093,7)
(1004,6)
(1005,7)
(1006,38)
(1007,4)
(1008,2)
(1009,6)
(1014,78)
(1015,134)
(1016,91)
(1095,1)
(1097,19)
(1103,19)
(1104,16)
(1107,26)
(1108,10)
(1111,65)
(1112,1)
(1113,53)
(1039,14)
(1040,4)
(1041,6)
(1042,7)
(1043,4)
(1045,1)
(1046,6)
(1047,3)
(1048,15)
(1168,23)
(1169,26)
(1170,5)
(1171,36)
(1173,15)
(1175,29)
(1176,17)
(1177,13)
(1180,86)
(1414,113)
(1415,17)
(10002,10)
(10005,8)
(10007,3)
(10013,63)
(10014,5)
(10017,6)
(10053,7)
(10070,27)
(10071,18)
(10072,9)
(10073,9)
(10075,13)
(10076,37)
(10077,27)
(10078,11)
(10079,34)
(1049,8)
(1050,2)
(1051,2)
(1053,6)
(1054,3)
(1055,3)
(1056,2)
(1057,7)
(1059,2)
(10056,32)
(10057,31)
(10058,6)
(10062,22)
(10064,17)
(10065,15)
(10066,18)
(10068,32)
(10069,38)
(10134,21)
(10135,37)
(10136,54)
(10140,40)
(10141,10)
(10142,20)
(10145,77)
(10146,47)
(10403,8)
(10099,8)
(10101,14)
(10104,13)
(10105,11)
(10106,13)
(10107,2)
(10108,14)
(10109,58)
(10111,8)
(10569,7)
(10570,3)
(10571,3)
(10573,5)
(10574,5)
(10575,2)
(10582,1)
(10638,88)
(10122,5)
(10123,23)
(10124,13)
(10127,32)
(10128,20)
(10130,17)
(10131,12)
(10132,18)
(10133,82)
(10090,12)
(10091,28)
(10092,4)
(10093,59)
(10094,36)
(10095,8)
(10096,56)
(10097,48)
(10098,30)
