(83,7)
(85,5)
(86,2)
(87,29)
(88,7)
(91,17)
(92,10)
(93,39)
(94,16)
(133,15)
(136,45)
(137,19)
(138,18)
(139,13)
(142,11)
(143,46)
(144,15)
(145,28)
(233,11)
(234,43)
(236,35)
(237,44)
(238,34)
(239,33)
(240,28)
(241,10)
(242,9)
(574,18)
(575,5)
(576,5)
(577,8)
(578,2)
(579,67)
(581,13)
(582,35)
(584,35)
(586,9)
(587,3)
(589,4)
(1001,49)
(1002,24)
(1003,2)
(1004,3)
(1005,1)
(1006,5)
(1007,2)
(1009,5)
(1010,2)
(1014,63)
(1015,102)
(1016,53)
(1018,14)
(1019,38)
(1020,12)
(1031,7)
(1033,10)
(1034,3)
(1035,6)
(1036,22)
(1037,3)
(1038,1)
(1039,6)
(1040,4)
(1041,3)
(1042,2)
(1043,4)
(1045,3)
(1046,12)
(1047,3)
(1048,10)
(1049,5)
(10072,11)
(10073,12)
(10075,13)
(10076,38)
(10077,20)
(10078,21)
(10079,18)
(10080,27)
(10081,20)
(10093,51)
(10094,36)
(10095,10)
(10096,14)
(10097,16)
(10098,29)
(10099,3)
(10101,3)
(10104,23)
(10105,12)
(10106,19)
(10107,11)
(10108,28)
(10109,52)
(10111,3)
(10113,11)
(10114,7)
(10572,2)
(10574,3)
(10575,1)
(10580,1)
(10581,1)
(10582,4)
(10585,1)
(10638,34)
(60,2)
(61,5)
(62,6)
(63,3)
(64,14)
(65,3)
(66,10)
(67,9)
(68,20)
(106,12)
(107,20)
(108,4)
(110,12)
(111,18)
(112,21)
(115,1)
(116,14)
(118,3)
(169,7)
(170,37)
(171,4)
(172,12)
(173,12)
(176,25)
(179,9)
(181,29)
(182,15)
(1,162)
(2,137)
(5,44)
(9,6)
(52,6)
(53,13)
(56,14)
(57,11)
(59,5)
(69,25)
(71,4)
(72,8)
(73,36)
(74,18)
(75,24)
(78,22)
(79,12)
(82,23)
(95,47)
(97,76)
(98,19)
(99,10)
(100,32)
(101,14)
(102,15)
(103,27)
(104,20)
(119,7)
(120,5)
(121,5)
(122,5)
(124,12)
(127,3)
(129,30)
(132,2)
(263,37)
(264,3)
(265,36)
(266,12)
(267,18)
(268,31)
(269,7)
(270,10)
(146,12)
(149,103)
(151,83)
(156,7)
(160,33)
(163,4)
(164,9)
(166,23)
(168,9)
(184,6)
(225,4)
(226,38)
(227,6)
(228,32)
(229,34)
(230,34)
(231,12)
(232,30)
(243,22)
(247,20)
(248,20)
(252,43)
(253,14)
(254,60)
(255,131)
(257,6)
(259,43)
(1083,3)
(1084,4)
(1085,1)
(1087,11)
(1088,6)
(1089,12)
(1090,2)
(1091,4)
(1092,3)
(272,4)
(274,28)
(275,44)
(277,3)
(388,2)
(520,14)
(571,13)
(572,1)
(573,4)
(1050,4)
(1051,5)
(1052,1)
(1053,13)
(1054,2)
(1055,2)
(1056,2)
(1057,4)
(1059,1)
(1115,111)
(1121,5)
(1123,3)
(1165,87)
(1166,41)
(1167,33)
(1168,15)
(1169,5)
(1093,2)
(1097,5)
(1103,20)
(1104,13)
(1107,37)
(1108,8)
(1111,24)
(1113,27)
(1114,13)
(1021,10)
(1022,9)
(1023,20)
(1024,16)
(1025,27)
(1026,24)
(1027,9)
(1028,8)
(1029,13)
(1184,4)
(1186,6)
(1187,29)
(1301,14)
(1302,6)
(1303,6)
(1413,24)
(1414,83)
(1415,17)
(1170,3)
(1171,26)
(1173,21)
(1175,14)
(1176,10)
(1177,8)
(1180,33)
(1181,5)
(1182,28)
(1061,5)
(1062,4)
(1066,10)
(1067,5)
(1068,3)
(1069,37)
(1070,24)
(1072,5)
(1073,17)
(10082,16)
(10085,31)
(10086,14)
(10087,13)
(10088,21)
(10089,9)
(10090,14)
(10091,48)
(10092,10)
(10058,14)
(10062,11)
(10064,10)
(10065,10)
(10066,30)
(10068,50)
(10069,13)
(10070,22)
(10071,23)
(1074,22)
(1075,7)
(1076,6)
(1077,23)
(1078,9)
(1079,19)
(1080,18)
(1081,1)
(1082,8)
(10002,27)
(10005,29)
(10006,28)
(10007,4)
(10013,1)
(10017,3)
(10053,2)
(10056,30)
(10057,24)
(10408,8)
(10409,12)
(10410,42)
(10414,11)
(10424,16)
(10568,17)
(10569,12)
(10570,1)
(10571,1)
(10115,37)
(10116,8)
(10117,24)
(10118,30)
(10119,10)
(10120,28)
(10121,24)
(10122,8)
(10123,21)
(10124,18)
(10127,54)
(10128,28)
(10130,32)
(10131,21)
(10132,20)
(10133,31)
(10134,7)
(10135,18)
(10136,30)
(10140,32)
(10141,2)
(10142,25)
(10145,26)
(10146,22)
(10403,25)
(10405,17)
(10406,29)
