(1,29)
(2,20)
(5,19)
(9,1)
(53,2)
(56,2)
(57,3)
(101,5)
(102,4)
(103,1)
(104,5)
(106,6)
(110,2)
(156,3)
(160,1)
(163,2)
(164,2)
(166,3)
(169,1)
(247,4)
(248,6)
(252,4)
(253,2)
(254,11)
(255,16)
(257,2)
(1028,1)
(1029,4)
(1031,1)
(1033,1)
(1034,2)
(1035,2)
(1036,7)
(1115,11)
(1122,2)
(1123,2)
(1165,7)
(1166,18)
(1167,19)
(1168,4)
(1169,2)
(1170,3)
(1171,4)
(1173,7)
(1175,10)
(1176,1)
(10069,2)
(10070,2)
(10071,3)
(10072,1)
(10073,3)
(10076,1)
(10077,4)
(10115,3)
(10117,2)
(10119,3)
(10120,3)
(10121,3)
(10122,2)
(10123,3)
(10124,2)
(10127,4)
(10128,3)
(10130,5)
(10131,2)
(10132,1)
(91,2)
(93,5)
(95,14)
(97,8)
(98,4)
(99,1)
(100,2)
(73,4)
(77,2)
(78,14)
(82,2)
(84,3)
(87,5)
(88,1)
(138,1)
(139,2)
(142,1)
(143,10)
(144,1)
(145,6)
(149,3)
(124,1)
(127,1)
(129,3)
(132,3)
(133,2)
(136,3)
(137,8)
(60,1)
(64,1)
(67,3)
(68,3)
(69,6)
(71,2)
(72,2)
(111,1)
(112,7)
(115,1)
(119,2)
(120,3)
(121,1)
(122,1)
(228,10)
(229,1)
(230,7)
(231,3)
(232,9)
(233,13)
(234,21)
(236,5)
(237,4)
(238,1)
(239,2)
(240,2)
(241,3)
(243,5)
(388,3)
(520,1)
(570,2)
(571,1)
(572,1)
(574,2)
(575,4)
(268,19)
(269,13)
(270,12)
(272,2)
(274,9)
(275,6)
(387,1)
(170,5)
(173,1)
(176,2)
(182,8)
(184,2)
(225,1)
(226,47)
(259,17)
(263,36)
(264,1)
(265,23)
(266,1)
(267,12)
(1038,1)
(1039,5)
(1040,1)
(1041,2)
(1046,6)
(1047,1)
(1048,6)
(576,1)
(577,4)
(579,19)
(582,5)
(584,5)
(586,5)
(587,1)
(1001,5)
(1002,12)
(1014,13)
(1015,18)
(1016,13)
(1019,4)
(1050,1)
(1059,1)
(1066,3)
(1069,7)
(1070,3)
(1073,6)
(1074,4)
(1084,1)
(1085,1)
(1087,1)
(1088,4)
(1089,1)
(1091,2)
(1092,2)
(1075,1)
(1076,1)
(1078,3)
(1079,7)
(1080,5)
(1081,1)
(1097,1)
(1103,2)
(1104,4)
(1107,9)
(1111,4)
(1113,5)
(1114,1)
(1020,3)
(1021,1)
(1022,4)
(1023,4)
(1024,4)
(1025,1)
(1026,2)
(1414,21)
(1415,1)
(10002,3)
(10005,7)
(10006,2)
(10013,12)
(10053,1)
(1177,4)
(1180,17)
(1181,3)
(1182,8)
(1187,7)
(1301,1)
(1413,20)
(10095,1)
(10096,2)
(10097,4)
(10098,7)
(10099,2)
(10101,1)
(10104,1)
(10078,3)
(10079,6)
(10080,2)
(10081,2)
(10082,4)
(10086,3)
(10056,12)
(10057,3)
(10058,1)
(10062,2)
(10064,2)
(10066,9)
(10068,2)
(10087,7)
(10089,5)
(10090,3)
(10091,7)
(10092,1)
(10093,5)
(10094,7)
(10133,12)
(10134,10)
(10135,3)
(10140,2)
(10141,1)
(10142,12)
(10145,25)
(10105,2)
(10107,2)
(10108,5)
(10109,3)
(10111,1)
(10113,2)
(10114,3)
(10424,10)
(10568,4)
(10569,1)
(10571,1)
(10572,1)
(10638,9)
(10146,28)
(10405,2)
(10406,4)
(10408,1)
(10409,7)
(10410,9)
(10414,3)
