(84,2)
(87,4)
(88,1)
(91,3)
(92,3)
(93,3)
(94,4)
(133,1)
(136,3)
(137,4)
(139,1)
(142,2)
(143,9)
(144,2)
(230,4)
(231,1)
(232,8)
(233,1)
(234,20)
(236,11)
(237,3)
(274,12)
(275,5)
(388,2)
(520,3)
(570,1)
(571,2)
(572,1)
(1181,3)
(1182,3)
(1187,14)
(1301,2)
(1302,1)
(1413,6)
(1414,31)
(10057,3)
(10058,1)
(10062,1)
(10064,1)
(10065,3)
(10066,5)
(10068,3)
(10076,5)
(10077,3)
(10078,1)
(10079,2)
(10080,3)
(10081,3)
(10082,2)
(10085,2)
(10086,6)
(10087,3)
(10089,2)
(10090,3)
(10091,4)
(10092,1)
(1,33)
(2,23)
(5,3)
(9,1)
(52,1)
(57,2)
(59,1)
(95,6)
(97,6)
(98,2)
(99,1)
(100,6)
(101,3)
(103,4)
(145,4)
(146,2)
(149,8)
(151,3)
(160,9)
(163,1)
(164,1)
(238,7)
(239,6)
(240,1)
(241,1)
(242,3)
(243,1)
(247,6)
(62,2)
(63,1)
(64,1)
(65,2)
(67,2)
(68,5)
(69,3)
(1070,1)
(1073,4)
(1075,1)
(1078,2)
(1079,4)
(1080,3)
(1084,3)
(104,9)
(106,3)
(107,6)
(110,5)
(111,1)
(112,5)
(116,3)
(72,1)
(73,3)
(74,1)
(75,3)
(78,4)
(79,2)
(82,5)
(166,3)
(168,1)
(170,1)
(172,1)
(173,1)
(176,1)
(179,1)
(1085,2)
(1087,5)
(1088,1)
(1089,1)
(1091,2)
(1092,3)
(1097,1)
(119,1)
(120,2)
(121,1)
(122,1)
(124,1)
(129,10)
(132,1)
(1103,3)
(1104,5)
(1107,4)
(1108,1)
(1111,6)
(1113,6)
(1114,1)
(182,3)
(184,1)
(225,2)
(226,21)
(228,5)
(229,1)
(248,6)
(252,9)
(253,5)
(254,6)
(255,8)
(259,16)
(263,19)
(1170,3)
(1171,3)
(1173,9)
(1175,2)
(1176,1)
(1177,3)
(1180,6)
(1015,22)
(1016,7)
(1018,2)
(1019,6)
(1020,2)
(1022,1)
(1023,5)
(264,2)
(265,6)
(266,1)
(267,1)
(268,10)
(269,1)
(270,5)
(10122,2)
(10123,4)
(10124,4)
(10127,7)
(10128,2)
(10130,3)
(10131,3)
(1024,2)
(1025,4)
(1028,1)
(1029,4)
(1031,4)
(1033,5)
(1036,5)
(573,1)
(574,4)
(575,2)
(579,9)
(581,1)
(582,7)
(584,5)
(1038,1)
(1039,4)
(1040,1)
(1041,2)
(1042,2)
(1046,1)
(1051,1)
(1054,1)
(1059,1)
(1062,1)
(1067,6)
(1068,1)
(1069,6)
(586,1)
(587,2)
(1001,3)
(1002,12)
(1004,2)
(1005,2)
(1014,6)
(10093,16)
(10094,6)
(10095,2)
(10096,2)
(10097,7)
(10098,9)
(10099,3)
(1115,20)
(1121,1)
(1165,9)
(1166,8)
(1167,20)
(1168,1)
(1169,1)
(10115,3)
(10116,1)
(10117,1)
(10118,6)
(10119,1)
(10120,3)
(10121,2)
(1415,4)
(10002,2)
(10005,4)
(10006,3)
(10013,7)
(10014,2)
(10056,4)
(10146,9)
(10403,2)
(10405,5)
(10406,6)
(10408,1)
(10409,7)
(10410,10)
(10069,3)
(10070,1)
(10071,2)
(10072,1)
(10073,3)
(10075,2)
(10104,8)
(10105,2)
(10106,2)
(10108,3)
(10109,1)
(10111,2)
(10113,2)
(10132,3)
(10133,7)
(10134,2)
(10136,6)
(10140,3)
(10142,5)
(10145,19)
(10424,5)
(10568,3)
(10569,2)
(10572,1)
(10574,3)
(10638,8)
