(59,8)
(61,6)
(62,4)
(63,4)
(64,14)
(65,9)
(66,6)
(67,22)
(68,18)
(103,6)
(104,13)
(106,15)
(107,18)
(108,2)
(110,27)
(111,19)
(112,12)
(115,4)
(166,4)
(168,9)
(169,3)
(170,38)
(172,16)
(173,6)
(176,21)
(179,2)
(181,21)
(263,105)
(264,3)
(265,28)
(266,11)
(267,20)
(268,100)
(269,17)
(270,42)
(272,16)
(586,18)
(587,1)
(589,8)
(590,10)
(591,14)
(1001,69)
(1002,77)
(1003,2)
(1004,12)
(1005,8)
(1006,19)
(1007,1)
(1008,1)
(1009,7)
(1010,1)
(1014,76)
(1015,101)
(1016,76)
(1081,17)
(1082,17)
(1084,3)
(1085,6)
(1087,24)
(1088,11)
(1089,7)
(1091,12)
(1092,13)
(1114,11)
(1115,93)
(1121,5)
(1122,5)
(1123,6)
(1164,47)
(1165,121)
(1166,78)
(1167,45)
(10569,7)
(10573,7)
(10574,3)
(10575,1)
(10576,1)
(10580,2)
(10585,1)
(10638,42)
(82,25)
(83,3)
(84,9)
(85,8)
(86,1)
(87,18)
(88,13)
(91,8)
(92,13)
(129,52)
(132,8)
(133,11)
(136,36)
(137,24)
(138,15)
(139,23)
(142,8)
(143,59)
(1,3)
(2,58)
(5,33)
(9,5)
(11,3)
(52,4)
(53,8)
(56,13)
(57,5)
(233,28)
(234,69)
(236,24)
(237,24)
(238,32)
(239,40)
(240,9)
(241,14)
(242,15)
(69,40)
(71,14)
(72,9)
(73,35)
(74,8)
(75,11)
(77,2)
(78,28)
(79,8)
(574,26)
(575,24)
(576,5)
(577,7)
(578,8)
(579,106)
(581,5)
(582,18)
(584,19)
(93,18)
(94,13)
(95,23)
(97,61)
(98,14)
(99,2)
(100,14)
(101,13)
(102,9)
(116,19)
(118,2)
(119,8)
(120,9)
(121,22)
(122,9)
(124,22)
(126,3)
(127,4)
(144,13)
(145,42)
(146,5)
(149,59)
(151,39)
(156,5)
(160,19)
(163,2)
(164,15)
(1181,7)
(1182,26)
(1184,4)
(1186,15)
(1187,65)
(1301,4)
(1302,3)
(1303,3)
(1413,34)
(1414,134)
(1415,12)
(10002,20)
(10005,9)
(10007,3)
(10013,43)
(10014,14)
(10017,5)
(10053,4)
(10056,44)
(10057,11)
(10058,10)
(10062,24)
(10064,10)
(10065,19)
(10066,13)
(10068,33)
(10069,16)
(243,10)
(247,16)
(248,24)
(252,39)
(253,15)
(254,34)
(255,70)
(257,5)
(259,56)
(1027,2)
(1028,5)
(1029,18)
(1031,9)
(1032,2)
(1033,13)
(1034,16)
(1035,9)
(182,21)
(225,7)
(226,93)
(227,12)
(228,61)
(229,29)
(230,38)
(231,14)
(232,34)
(274,50)
(275,30)
(277,2)
(388,9)
(520,4)
(570,16)
(571,5)
(572,2)
(573,5)
(10070,18)
(10071,27)
(10072,8)
(10073,3)
(10075,11)
(10076,36)
(10077,17)
(10078,7)
(10079,35)
(1036,31)
(1039,13)
(1040,4)
(1041,7)
(1042,10)
(1043,4)
(1045,1)
(1046,18)
(1047,4)
(1018,10)
(1019,12)
(1020,7)
(1021,8)
(1022,12)
(1023,12)
(1024,14)
(1025,24)
(1026,12)
(1093,4)
(1096,1)
(1097,7)
(1103,10)
(1104,13)
(1107,28)
(1108,5)
(1111,41)
(1113,40)
(1048,8)
(1049,8)
(1050,4)
(1051,5)
(1052,4)
(1053,7)
(1054,4)
(1055,5)
(1056,5)
(1168,17)
(1169,16)
(1170,5)
(1171,26)
(1173,34)
(1175,20)
(1176,17)
(1177,14)
(1180,98)
(1057,2)
(1059,4)
(1061,11)
(1062,7)
(1066,7)
(1067,7)
(1068,4)
(1069,23)
(1070,20)
(10080,20)
(10081,9)
(10082,23)
(10084,24)
(10085,20)
(10086,15)
(10087,16)
(10088,11)
(10089,15)
(1072,3)
(1073,3)
(1074,9)
(1075,7)
(1076,4)
(1077,5)
(1078,1)
(1079,8)
(1080,5)
(10090,13)
(10091,24)
(10092,5)
(10093,52)
(10094,46)
(10095,12)
(10096,22)
(10097,34)
(10098,16)
(10099,11)
(10101,12)
(10104,23)
(10105,13)
(10106,8)
(10107,2)
(10108,15)
(10109,57)
(10111,7)
(10113,16)
(10114,13)
(10115,39)
(10116,3)
(10117,24)
(10118,20)
(10119,8)
(10120,11)
(10121,21)
(10122,8)
(10123,17)
(10124,10)
(10127,26)
(10128,22)
(10130,15)
(10131,9)
(10132,11)
(10133,55)
(10134,19)
(10135,18)
(10136,31)
(10140,34)
(10141,7)
(10142,16)
(10145,37)
(10146,36)
(10403,9)
(10405,12)
(10406,27)
(10408,6)
(10409,22)
(10410,34)
(10412,2)
(10414,6)
(10424,26)
(10568,20)
