(1,7)
(2,69)
(5,64)
(9,8)
(52,8)
(53,10)
(56,22)
(57,1)
(59,4)
(93,32)
(94,21)
(95,25)
(97,94)
(98,17)
(99,5)
(100,17)
(101,26)
(102,13)
(144,13)
(145,47)
(146,6)
(149,60)
(151,57)
(156,18)
(160,22)
(163,3)
(242,9)
(243,15)
(247,22)
(248,34)
(252,53)
(253,27)
(254,31)
(255,62)
(257,5)
(1005,7)
(1006,11)
(1007,4)
(1008,1)
(1009,1)
(1014,137)
(1015,154)
(1016,150)
(1018,18)
(1019,34)
(1020,17)
(1021,19)
(1022,16)
(1023,26)
(1024,9)
(1025,13)
(1026,19)
(1027,11)
(1059,3)
(1061,21)
(1062,9)
(1066,11)
(1067,7)
(1068,4)
(1069,19)
(1070,15)
(1072,4)
(10017,10)
(10053,3)
(10056,39)
(10057,58)
(10058,24)
(10062,34)
(10064,36)
(10065,15)
(10066,19)
(10078,10)
(10079,10)
(10080,76)
(10081,14)
(10082,6)
(10085,9)
(10086,18)
(10087,42)
(10113,33)
(10114,12)
(10115,44)
(10117,29)
(10118,38)
(10119,17)
(10120,12)
(10121,10)
(10122,13)
(82,11)
(83,2)
(84,7)
(85,14)
(86,1)
(87,20)
(88,16)
(91,9)
(92,13)
(69,25)
(71,9)
(72,10)
(73,24)
(74,6)
(75,3)
(77,5)
(78,47)
(79,11)
(60,1)
(61,3)
(62,3)
(63,3)
(64,7)
(65,6)
(66,4)
(67,11)
(68,19)
(129,50)
(132,8)
(133,9)
(136,22)
(137,26)
(138,25)
(139,31)
(142,7)
(143,91)
(116,19)
(118,1)
(119,10)
(120,7)
(121,5)
(122,8)
(124,17)
(126,3)
(127,2)
(231,31)
(232,64)
(233,54)
(234,108)
(236,24)
(237,52)
(238,53)
(239,25)
(240,24)
(103,21)
(104,13)
(106,12)
(107,25)
(108,1)
(110,29)
(111,18)
(112,25)
(115,2)
(164,12)
(166,15)
(168,13)
(170,43)
(171,23)
(172,14)
(173,9)
(176,26)
(179,3)
(573,1)
(574,34)
(575,8)
(576,13)
(577,1)
(578,12)
(579,112)
(581,14)
(582,38)
(181,35)
(182,30)
(184,22)
(225,12)
(226,124)
(227,11)
(228,77)
(229,41)
(230,61)
(272,25)
(274,31)
(275,35)
(277,7)
(388,21)
(520,8)
(570,34)
(571,7)
(572,6)
(259,59)
(263,162)
(264,8)
(265,48)
(266,9)
(267,23)
(268,113)
(269,32)
(270,93)
(1082,3)
(1083,3)
(1084,12)
(1085,8)
(1087,26)
(1088,12)
(1089,13)
(1090,1)
(1028,12)
(1029,32)
(1031,11)
(1033,27)
(1034,12)
(1035,9)
(1036,26)
(1037,32)
(1038,4)
(1111,57)
(1113,53)
(1114,28)
(1115,142)
(1121,6)
(1122,26)
(1123,11)
(1164,75)
(1165,126)
(584,28)
(586,99)
(587,3)
(589,1)
(1001,65)
(1002,88)
(1003,2)
(1004,10)
(1049,17)
(1050,3)
(1051,9)
(1052,5)
(1053,15)
(1054,2)
(1055,6)
(1056,5)
(1057,7)
(1166,143)
(1167,67)
(1168,23)
(1169,38)
(1170,8)
(1171,40)
(1173,36)
(1175,39)
(1176,24)
(1039,20)
(1040,15)
(1041,11)
(1042,8)
(1043,4)
(1045,4)
(1046,21)
(1047,6)
(1048,20)
(1177,23)
(1180,124)
(1181,13)
(1182,27)
(1186,13)
(1187,87)
(1301,2)
(1302,5)
(1303,4)
(1413,72)
(1414,193)
(1415,45)
(10002,23)
(10005,8)
(10006,20)
(10007,1)
(10013,58)
(10014,8)
(10068,7)
(10069,24)
(10070,29)
(10071,39)
(10072,8)
(10073,14)
(10075,11)
(10076,15)
(10077,2)
(1073,7)
(1074,13)
(1075,6)
(1076,6)
(1077,12)
(1078,5)
(1079,3)
(1080,3)
(1081,5)
(10135,3)
(10136,36)
(10140,16)
(10141,1)
(10142,11)
(10145,76)
(10146,71)
(10403,17)
(10405,8)
(10088,13)
(10089,28)
(10090,5)
(10091,10)
(10092,6)
(10093,60)
(10095,39)
(10096,48)
(10097,16)
(1091,12)
(1092,11)
(1093,6)
(1095,1)
(1097,15)
(1103,26)
(1104,14)
(1107,34)
(1108,7)
(10406,9)
(10408,7)
(10409,40)
(10410,74)
(10412,5)
(10414,3)
(10424,38)
(10568,37)
(10569,14)
(10098,33)
(10099,9)
(10101,13)
(10104,25)
(10105,6)
(10106,4)
(10108,31)
(10109,62)
(10111,9)
(10570,3)
(10571,1)
(10574,2)
(10580,1)
(10581,5)
(10582,1)
(10585,2)
(10638,64)
(10123,13)
(10124,9)
(10127,89)
(10128,40)
(10130,22)
(10131,26)
(10132,10)
(10133,21)
(10134,23)
