(84,1)
(85,2)
(87,2)
(88,2)
(91,3)
(93,5)
(129,3)
(132,1)
(136,2)
(137,2)
(138,1)
(139,1)
(143,10)
(228,4)
(229,1)
(230,3)
(231,1)
(232,9)
(233,3)
(270,13)
(272,2)
(274,7)
(275,3)
(520,1)
(571,2)
(1115,6)
(1121,2)
(1165,9)
(1166,9)
(1167,13)
(1168,2)
(1180,6)
(1181,10)
(1182,8)
(1184,5)
(1186,2)
(1187,8)
(1301,3)
(1413,10)
(1414,10)
(1415,1)
(10002,15)
(10005,6)
(10006,5)
(10064,3)
(10065,3)
(10066,3)
(10068,1)
(10069,3)
(10070,1)
(1,8)
(2,13)
(5,1)
(52,1)
(53,3)
(56,6)
(57,3)
(94,2)
(95,8)
(97,8)
(98,4)
(99,1)
(100,2)
(101,2)
(144,3)
(145,5)
(146,1)
(149,21)
(161,1)
(163,2)
(72,5)
(73,3)
(74,1)
(75,3)
(78,9)
(79,2)
(82,6)
(234,1)
(236,5)
(237,1)
(238,1)
(239,1)
(240,7)
(242,5)
(112,4)
(115,2)
(118,2)
(122,2)
(124,1)
(126,1)
(574,2)
(575,3)
(579,1)
(581,1)
(582,2)
(584,2)
(176,2)
(179,3)
(181,4)
(182,2)
(184,2)
(226,4)
(227,1)
(59,2)
(63,2)
(67,1)
(68,1)
(69,2)
(71,1)
(1016,4)
(1018,2)
(1019,2)
(1021,3)
(1023,2)
(1024,1)
(102,1)
(103,3)
(106,6)
(107,7)
(110,6)
(111,3)
(1025,1)
(1034,1)
(1035,4)
(1036,4)
(1038,1)
(1039,1)
(1042,1)
(255,6)
(259,1)
(263,11)
(265,2)
(266,3)
(268,4)
(269,2)
(1062,1)
(1066,1)
(1067,1)
(1068,1)
(1069,1)
(1070,1)
(164,1)
(166,1)
(170,15)
(171,1)
(172,5)
(173,1)
(243,1)
(247,2)
(248,8)
(252,9)
(253,5)
(254,3)
(1072,2)
(1073,2)
(1074,1)
(1075,1)
(1076,1)
(1077,4)
(1078,1)
(1079,1)
(1080,3)
(1081,2)
(1082,1)
(1083,1)
(1088,1)
(10098,4)
(10099,1)
(10104,1)
(10105,1)
(10106,1)
(10107,2)
(10108,4)
(1089,1)
(1103,2)
(1104,1)
(1107,7)
(1108,2)
(1111,2)
(1113,2)
(586,2)
(589,1)
(1001,3)
(1002,7)
(1006,2)
(1014,4)
(1015,12)
(10118,4)
(10119,2)
(10120,5)
(10121,4)
(10123,1)
(10127,4)
(1043,1)
(1047,1)
(1052,1)
(1055,2)
(1057,1)
(1059,2)
(10007,2)
(10014,6)
(10053,3)
(10056,1)
(10057,13)
(10058,4)
(10062,2)
(10142,6)
(10145,15)
(10146,4)
(10406,6)
(10409,3)
(10410,1)
(10109,5)
(10113,1)
(10114,1)
(10115,1)
(10116,1)
(10117,2)
(1169,1)
(1170,1)
(1171,11)
(1173,1)
(1176,4)
(1177,3)
(10414,2)
(10424,2)
(10568,1)
(10569,3)
(10583,1)
(10638,11)
(10071,3)
(10072,1)
(10073,2)
(10075,2)
(10076,8)
(10077,2)
(10128,2)
(10132,1)
(10133,5)
(10134,5)
(10135,2)
(10136,5)
(10140,4)
(10078,3)
(10081,2)
(10082,6)
(10085,3)
(10086,1)
(10088,4)
(10089,3)
(10090,1)
(10091,8)
(10093,6)
(10094,4)
(10095,1)
(10097,8)
