(69,20)
(71,4)
(72,3)
(73,21)
(74,2)
(75,9)
(77,1)
(78,10)
(79,2)
(116,11)
(119,5)
(120,2)
(121,5)
(122,4)
(124,5)
(126,1)
(127,1)
(129,34)
(182,10)
(225,10)
(226,43)
(227,15)
(228,29)
(229,11)
(230,24)
(231,9)
(232,28)
(272,7)
(274,40)
(275,24)
(277,5)
(387,1)
(388,7)
(520,9)
(522,1)
(570,4)
(1016,28)
(1018,12)
(1019,8)
(1020,6)
(1021,5)
(1022,8)
(1023,7)
(1024,8)
(1025,20)
(1048,6)
(1049,4)
(1050,1)
(1052,1)
(1053,3)
(1055,3)
(1056,1)
(1057,4)
(1059,3)
(1061,6)
(1062,3)
(1066,5)
(1067,2)
(1068,2)
(1069,13)
(1070,18)
(1072,8)
(1073,5)
(1169,6)
(1170,4)
(1171,18)
(1173,13)
(1175,12)
(1176,10)
(1177,12)
(1180,17)
(1181,5)
(10098,16)
(10099,10)
(10101,3)
(10104,16)
(10105,11)
(10106,12)
(10107,7)
(10108,10)
(10109,37)
(59,2)
(61,2)
(62,3)
(63,1)
(64,6)
(65,3)
(66,2)
(67,10)
(68,8)
(103,8)
(104,14)
(106,13)
(107,8)
(108,3)
(110,10)
(111,12)
(112,5)
(115,3)
(82,10)
(83,3)
(84,1)
(85,4)
(87,13)
(88,6)
(91,12)
(92,4)
(93,12)
(166,7)
(168,4)
(169,5)
(170,15)
(171,2)
(172,11)
(173,2)
(176,14)
(181,12)
(132,4)
(133,6)
(136,24)
(137,12)
(138,7)
(139,10)
(142,3)
(143,46)
(144,9)
(1,14)
(2,92)
(5,10)
(9,2)
(11,3)
(52,1)
(53,1)
(56,8)
(57,3)
(233,8)
(234,70)
(236,11)
(237,18)
(238,13)
(239,32)
(240,13)
(241,7)
(242,5)
(94,8)
(95,24)
(97,28)
(98,7)
(99,4)
(100,19)
(101,2)
(102,3)
(259,20)
(263,47)
(264,1)
(265,14)
(266,7)
(267,17)
(268,44)
(269,8)
(270,16)
(1026,6)
(1027,1)
(1028,6)
(1029,19)
(1031,2)
(1033,9)
(1034,8)
(1035,2)
(1036,20)
(571,5)
(572,1)
(573,1)
(574,36)
(575,9)
(576,3)
(577,5)
(578,2)
(579,38)
(145,19)
(146,4)
(149,36)
(151,17)
(156,7)
(160,33)
(163,1)
(164,6)
(1038,1)
(1039,11)
(1040,3)
(1041,3)
(1042,4)
(1043,3)
(1046,6)
(1047,1)
(1114,7)
(1115,69)
(1121,1)
(1123,1)
(1164,77)
(1165,45)
(1166,20)
(1167,14)
(1168,5)
(243,8)
(247,9)
(248,7)
(252,15)
(253,6)
(254,25)
(255,49)
(257,4)
(1095,1)
(1096,2)
(1097,7)
(1103,5)
(1104,16)
(1107,20)
(1108,2)
(1111,23)
(1113,26)
(1414,84)
(1415,3)
(10002,10)
(10005,14)
(10007,2)
(10013,22)
(10014,3)
(10017,5)
(10053,6)
(1182,14)
(1184,1)
(1186,5)
(1187,24)
(1301,1)
(1302,1)
(1303,1)
(1413,14)
(581,10)
(582,31)
(584,23)
(586,10)
(589,4)
(590,6)
(591,7)
(1001,55)
(10121,15)
(10122,10)
(10123,12)
(10124,10)
(10127,19)
(10128,18)
(10130,10)
(10131,12)
(1002,33)
(1004,3)
(1005,2)
(1006,2)
(1008,1)
(1009,3)
(1010,2)
(1014,45)
(1015,81)
(10056,12)
(10057,10)
(10058,2)
(10062,4)
(10064,6)
(10065,3)
(10066,11)
(10068,17)
(10069,15)
(1074,13)
(1075,9)
(1076,3)
(1077,5)
(1078,2)
(1079,15)
(1080,8)
(1081,2)
(1082,1)
(10070,9)
(10071,11)
(10072,7)
(10073,5)
(10075,7)
(10076,21)
(10077,19)
(10078,9)
(10079,12)
(10132,17)
(10133,24)
(10134,10)
(10135,16)
(10136,24)
(10140,25)
(10141,2)
(10142,13)
(10145,42)
(1083,2)
(1084,4)
(1085,2)
(1087,13)
(1088,4)
(1089,6)
(1091,3)
(1092,6)
(10146,29)
(10403,6)
(10405,7)
(10406,16)
(10408,7)
(10409,15)
(10410,32)
(10412,1)
(10414,4)
(10424,24)
(10568,17)
(10569,11)
(10570,1)
(10571,1)
(10572,1)
(10585,1)
(10638,37)
(10080,13)
(10081,5)
(10082,7)
(10084,18)
(10085,9)
(10086,8)
(10087,9)
(10088,3)
(10089,2)
(10090,8)
(10091,12)
(10092,7)
(10093,40)
(10094,36)
(10095,3)
(10096,14)
(10097,21)
(10111,1)
(10113,12)
(10114,7)
(10115,19)
(10116,1)
(10117,9)
(10118,14)
(10119,3)
(10120,9)
