(72,17)
(73,16)
(74,11)
(75,22)
(77,3)
(78,40)
(79,3)
(82,28)
(83,9)
(119,6)
(120,13)
(121,8)
(122,16)
(124,37)
(126,22)
(127,12)
(129,50)
(132,20)
(226,51)
(227,14)
(228,31)
(229,11)
(230,48)
(231,2)
(232,67)
(233,8)
(234,6)
(277,4)
(387,6)
(388,16)
(520,4)
(522,4)
(570,54)
(571,16)
(572,16)
(573,14)
(1020,12)
(1021,18)
(1022,39)
(1023,20)
(1024,15)
(1025,21)
(1026,26)
(1027,17)
(1028,25)
(1029,12)
(1031,5)
(1033,8)
(1034,33)
(1035,6)
(1036,28)
(1037,27)
(1038,6)
(1039,11)
(10057,61)
(10058,8)
(10062,17)
(10064,44)
(10065,18)
(10066,28)
(10068,26)
(10069,17)
(10070,24)
(10071,35)
(10072,22)
(10073,16)
(10075,11)
(10076,48)
(10077,43)
(10078,18)
(10079,41)
(10080,23)
(10104,29)
(10105,14)
(10106,12)
(10107,6)
(10108,25)
(10109,50)
(10111,15)
(10113,20)
(10114,3)
(1,56)
(2,60)
(5,17)
(9,15)
(52,5)
(53,12)
(56,18)
(57,16)
(59,3)
(60,7)
(95,27)
(97,87)
(98,5)
(99,2)
(100,14)
(101,19)
(102,11)
(103,31)
(104,13)
(146,2)
(149,131)
(151,39)
(156,17)
(163,7)
(164,7)
(166,27)
(168,19)
(169,7)
(248,22)
(252,73)
(253,39)
(254,37)
(255,41)
(257,14)
(259,74)
(263,92)
(264,7)
(62,6)
(63,4)
(64,4)
(65,3)
(66,12)
(67,20)
(68,15)
(69,39)
(71,24)
(84,12)
(85,13)
(86,3)
(87,24)
(88,15)
(91,4)
(92,11)
(93,22)
(94,37)
(133,6)
(136,28)
(137,23)
(138,31)
(139,34)
(142,4)
(143,57)
(144,28)
(145,48)
(586,62)
(587,12)
(589,14)
(1001,44)
(1002,54)
(1003,13)
(1004,7)
(1005,20)
(1006,38)
(106,21)
(107,25)
(108,4)
(110,19)
(111,18)
(112,30)
(115,17)
(116,7)
(118,8)
(170,50)
(171,26)
(172,20)
(173,26)
(176,21)
(179,39)
(181,95)
(182,24)
(225,22)
(1050,4)
(1051,5)
(1052,10)
(1053,9)
(1054,4)
(1055,7)
(1056,9)
(1057,4)
(1061,17)
(236,37)
(237,9)
(238,13)
(239,40)
(240,75)
(241,2)
(242,18)
(243,7)
(247,32)
(265,25)
(266,15)
(267,5)
(268,33)
(269,39)
(270,112)
(272,27)
(274,62)
(275,35)
(1095,1)
(1097,15)
(1103,14)
(1104,1)
(1107,46)
(1108,11)
(1111,16)
(1112,4)
(1113,30)
(574,37)
(575,22)
(576,17)
(577,3)
(578,6)
(579,31)
(581,18)
(582,66)
(584,13)
(1114,3)
(1115,49)
(1121,19)
(1122,19)
(1123,13)
(1164,12)
(1165,129)
(1166,109)
(1167,65)
(1007,3)
(1008,1)
(1009,5)
(1010,1)
(1014,140)
(1015,112)
(1016,106)
(1018,9)
(1019,7)
(1040,6)
(1041,18)
(1042,14)
(1043,14)
(1045,1)
(1046,21)
(1047,5)
(1048,4)
(1049,11)
(1062,14)
(1066,7)
(1067,3)
(1068,4)
(1069,8)
(1070,6)
(1072,11)
(1073,3)
(1074,9)
(10092,9)
(10093,43)
(10094,36)
(10095,28)
(10096,42)
(10097,30)
(10098,69)
(10099,6)
(10101,15)
(1084,14)
(1085,6)
(1087,19)
(1088,17)
(1089,7)
(1090,2)
(1091,7)
(1092,14)
(1093,3)
(1075,4)
(1076,6)
(1077,13)
(1078,8)
(1079,6)
(1080,5)
(1081,21)
(1082,21)
(1083,7)
(10136,52)
(10140,38)
(10141,2)
(10142,23)
(10145,88)
(10146,48)
(10403,14)
(10405,4)
(10406,19)
(1168,21)
(1169,30)
(1170,18)
(1171,94)
(1173,40)
(1175,28)
(1176,13)
(1177,17)
(1180,94)
(1414,140)
(1415,31)
(10002,43)
(10006,29)
(10007,59)
(10014,55)
(10017,9)
(10053,8)
(10056,41)
(10572,1)
(10580,3)
(10581,1)
(10582,19)
(10583,3)
(10585,5)
(10586,1)
(10638,79)
(10081,8)
(10082,33)
(10085,71)
(10086,36)
(10087,43)
(10088,20)
(10089,14)
(10090,7)
(10091,77)
(1181,174)
(1182,71)
(1184,25)
(1186,11)
(1187,14)
(1301,40)
(1302,14)
(1303,4)
(1413,97)
(10408,26)
(10409,39)
(10410,7)
(10412,2)
(10414,19)
(10424,40)
(10568,26)
(10569,9)
(10570,3)
(10115,31)
(10116,17)
(10117,36)
(10118,27)
(10119,19)
(10120,37)
(10121,32)
(10122,4)
(10123,9)
(10124,9)
(10127,28)
(10128,13)
(10130,22)
(10131,25)
(10132,11)
(10133,70)
(10134,52)
(10135,33)
