(74,3)
(75,1)
(78,2)
(82,2)
(83,1)
(122,1)
(129,2)
(133,2)
(137,1)
(226,12)
(228,2)
(229,3)
(230,5)
(255,4)
(257,1)
(259,10)
(263,6)
(265,9)
(577,1)
(579,7)
(582,1)
(584,1)
(586,2)
(587,1)
(1001,4)
(1002,8)
(1014,7)
(1015,4)
(1016,6)
(1018,2)
(1019,2)
(1025,1)
(1027,1)
(1048,2)
(1049,1)
(1059,1)
(1062,1)
(1066,1)
(10094,2)
(10096,3)
(10098,1)
(10107,1)
(10108,3)
(10109,3)
(10111,1)
(10115,3)
(10117,2)
(10119,1)
(10120,7)
(10121,2)
(10123,2)
(10124,3)
(10142,2)
(10145,13)
(10146,4)
(10403,1)
(10405,2)
(87,6)
(91,1)
(95,8)
(97,2)
(138,1)
(143,5)
(144,3)
(145,2)
(146,1)
(232,1)
(233,7)
(234,10)
(236,3)
(237,3)
(67,2)
(68,3)
(69,2)
(72,2)
(73,2)
(1,4)
(2,5)
(5,1)
(59,3)
(64,1)
(266,1)
(267,5)
(268,5)
(269,3)
(270,7)
(107,1)
(110,3)
(111,3)
(112,5)
(121,1)
(272,1)
(274,3)
(388,1)
(574,2)
(173,1)
(176,1)
(181,1)
(182,2)
(225,1)
(98,3)
(102,1)
(103,1)
(104,2)
(106,2)
(149,4)
(160,1)
(164,1)
(170,1)
(171,1)
(1067,1)
(1069,2)
(1072,1)
(1073,2)
(1074,2)
(248,2)
(252,3)
(253,5)
(254,2)
(238,2)
(239,2)
(242,4)
(243,2)
(247,7)
(1111,2)
(1113,3)
(1114,2)
(1115,3)
(1123,1)
(1034,1)
(1035,1)
(1036,1)
(1046,1)
(1077,2)
(1080,2)
(1085,1)
(1087,1)
(1413,8)
(1414,4)
(1415,2)
(10002,4)
(10005,1)
(1089,1)
(1092,1)
(1097,1)
(1103,1)
(1107,1)
(1165,5)
(1166,9)
(1167,4)
(1168,3)
(10077,2)
(10078,2)
(10080,3)
(10081,1)
(10082,1)
(1171,1)
(1173,2)
(1175,3)
(1176,3)
(1177,2)
(10006,1)
(10013,4)
(10014,5)
(10053,1)
(1180,4)
(1181,3)
(1182,4)
(1187,5)
(1301,1)
(10056,3)
(10057,1)
(10066,2)
(10068,8)
(10071,1)
(10128,3)
(10130,1)
(10131,1)
(10133,1)
(10134,1)
(10085,1)
(10086,1)
(10089,4)
(10091,5)
(10406,4)
(10409,1)
(10410,3)
(10638,3)
