(72,6)
(73,18)
(74,7)
(75,18)
(77,3)
(78,22)
(79,5)
(82,17)
(83,4)
(119,10)
(120,13)
(121,3)
(122,11)
(124,46)
(126,22)
(127,25)
(129,56)
(132,21)
(182,24)
(184,11)
(225,19)
(226,48)
(227,11)
(228,52)
(229,32)
(230,75)
(231,3)
(274,66)
(275,36)
(277,5)
(387,7)
(388,17)
(520,2)
(522,3)
(570,62)
(571,22)
(1027,34)
(1028,46)
(1029,23)
(1031,6)
(1033,7)
(1034,21)
(1035,18)
(1036,26)
(1037,34)
(1081,25)
(1082,27)
(1083,5)
(1084,7)
(1085,22)
(1087,38)
(1088,25)
(1089,18)
(1090,2)
(1091,19)
(1092,7)
(1095,4)
(1096,10)
(1097,30)
(1103,23)
(1104,2)
(1107,51)
(1108,9)
(1111,13)
(1112,9)
(1113,32)
(1114,2)
(1115,68)
(1121,23)
(1122,24)
(1123,28)
(1165,153)
(10111,9)
(10113,26)
(10115,49)
(10116,5)
(10117,20)
(10118,45)
(10119,20)
(10120,13)
(10121,8)
(10122,6)
(10123,4)
(10124,3)
(10127,48)
(10128,10)
(10130,14)
(10131,20)
(10132,8)
(10133,16)
(62,8)
(63,5)
(64,8)
(65,1)
(66,23)
(67,4)
(68,10)
(69,36)
(71,8)
(106,11)
(107,25)
(108,2)
(110,18)
(111,13)
(112,20)
(115,13)
(116,5)
(118,6)
(84,7)
(85,11)
(86,1)
(87,19)
(88,14)
(91,3)
(92,31)
(93,32)
(94,32)
(133,7)
(136,42)
(137,29)
(138,30)
(139,16)
(142,15)
(143,64)
(144,66)
(145,43)
(1,61)
(2,90)
(5,20)
(9,16)
(52,13)
(53,21)
(56,18)
(57,14)
(59,3)
(60,4)
(168,9)
(169,1)
(170,56)
(171,32)
(172,36)
(173,33)
(176,20)
(179,51)
(181,98)
(95,24)
(97,93)
(98,5)
(99,11)
(100,4)
(101,24)
(102,13)
(103,24)
(104,18)
(263,136)
(264,7)
(265,19)
(266,15)
(267,21)
(268,30)
(269,31)
(270,149)
(272,31)
(146,5)
(149,130)
(151,65)
(156,22)
(160,1)
(161,9)
(163,24)
(164,7)
(166,25)
(243,8)
(247,21)
(248,21)
(252,62)
(253,48)
(254,70)
(255,40)
(257,7)
(259,139)
(232,67)
(233,4)
(234,11)
(236,31)
(237,15)
(238,14)
(239,42)
(240,75)
(242,29)
(1005,16)
(1006,30)
(1007,3)
(1008,1)
(1009,1)
(1010,1)
(1014,164)
(1015,167)
(1016,127)
(1072,25)
(1073,3)
(1074,7)
(1075,15)
(1076,2)
(1077,11)
(1078,6)
(1079,9)
(1080,10)
(572,11)
(573,10)
(574,63)
(575,29)
(576,7)
(577,11)
(578,2)
(579,21)
(581,12)
(1018,26)
(1019,24)
(1020,7)
(1021,12)
(1022,20)
(1023,23)
(1024,17)
(1025,21)
(1026,22)
(1166,159)
(1167,62)
(1168,22)
(1169,47)
(1170,37)
(1171,148)
(1173,50)
(1175,67)
(1176,29)
(582,49)
(584,13)
(586,40)
(587,9)
(589,17)
(1001,69)
(1002,83)
(1003,15)
(1004,6)
(1303,9)
(1413,145)
(1414,144)
(1415,41)
(10002,61)
(10006,21)
(10007,72)
(10013,3)
(10014,74)
(1177,17)
(1180,128)
(1181,105)
(1182,76)
(1184,27)
(1186,20)
(1187,29)
(1301,37)
(1302,5)
(10068,14)
(10069,19)
(10070,15)
(10071,32)
(10072,31)
(10073,28)
(10075,19)
(10076,22)
(10077,22)
(10134,45)
(10135,10)
(10136,55)
(10140,32)
(10141,4)
(10142,10)
(10145,128)
(10146,54)
(10403,24)
(1038,7)
(1039,24)
(1040,11)
(1041,8)
(1042,21)
(1043,11)
(1045,5)
(1046,20)
(1047,4)
(10078,14)
(10079,22)
(10080,33)
(10081,7)
(10082,18)
(10085,12)
(10086,29)
(10087,34)
(10088,30)
(1048,9)
(1049,8)
(1050,1)
(1051,2)
(1052,10)
(1053,3)
(1054,3)
(1055,12)
(1056,7)
(10405,8)
(10406,22)
(10408,12)
(10409,12)
(10410,12)
(10412,9)
(10414,4)
(10424,16)
(10568,22)
(1057,5)
(1059,2)
(1061,21)
(1062,13)
(1066,9)
(1067,4)
(1068,1)
(1069,7)
(1070,14)
(10017,7)
(10053,11)
(10056,39)
(10057,34)
(10058,22)
(10062,22)
(10064,47)
(10065,11)
(10066,19)
(10089,25)
(10090,1)
(10091,22)
(10092,10)
(10093,61)
(10094,13)
(10095,25)
(10096,47)
(10097,27)
(10098,33)
(10099,4)
(10101,68)
(10104,48)
(10105,4)
(10106,4)
(10107,2)
(10108,26)
(10109,69)
(10569,10)
(10571,3)
(10580,20)
(10581,3)
(10582,14)
(10584,1)
(10585,1)
(10638,102)
