(83,3)
(84,4)
(85,14)
(86,3)
(87,22)
(88,24)
(91,11)
(92,6)
(93,13)
(132,4)
(133,14)
(136,17)
(137,31)
(138,10)
(139,25)
(142,4)
(143,121)
(144,8)
(232,14)
(233,23)
(234,69)
(236,28)
(237,21)
(238,17)
(239,8)
(240,5)
(241,8)
(572,1)
(573,4)
(574,16)
(575,13)
(576,3)
(577,3)
(578,3)
(579,56)
(581,8)
(1059,3)
(1061,2)
(1062,5)
(1066,5)
(1067,4)
(1068,2)
(1069,10)
(1070,12)
(1072,3)
(1093,4)
(1097,7)
(1103,7)
(1104,31)
(1107,46)
(1108,10)
(1111,40)
(1112,1)
(1113,43)
(1168,14)
(1169,9)
(1170,6)
(1171,17)
(1173,10)
(1175,24)
(1176,9)
(1177,8)
(1180,41)
(10070,8)
(10071,16)
(10072,8)
(10073,7)
(10075,8)
(10076,7)
(10077,5)
(10078,10)
(10079,6)
(10133,54)
(10134,24)
(10135,20)
(10136,14)
(10140,14)
(10141,8)
(10142,32)
(10145,140)
(62,2)
(63,1)
(64,1)
(65,3)
(66,1)
(67,10)
(68,11)
(69,27)
(71,2)
(104,15)
(106,32)
(107,9)
(108,5)
(110,81)
(111,74)
(112,40)
(115,2)
(166,3)
(168,5)
(169,1)
(170,36)
(172,1)
(173,6)
(176,8)
(181,7)
(182,16)
(259,50)
(263,91)
(264,4)
(265,61)
(266,1)
(267,31)
(268,85)
(269,29)
(1,91)
(2,67)
(5,42)
(9,2)
(52,1)
(53,6)
(56,4)
(59,1)
(61,2)
(72,8)
(73,14)
(74,6)
(75,4)
(77,3)
(78,26)
(79,13)
(82,6)
(94,8)
(95,28)
(97,75)
(98,18)
(99,1)
(100,12)
(101,14)
(102,9)
(103,11)
(116,11)
(118,2)
(119,27)
(120,5)
(121,3)
(122,13)
(124,6)
(127,2)
(129,27)
(145,53)
(146,3)
(149,21)
(151,12)
(156,11)
(160,8)
(163,5)
(164,3)
(1019,6)
(1020,6)
(1021,7)
(1022,27)
(1023,31)
(1024,5)
(1025,4)
(1026,2)
(242,5)
(243,5)
(247,22)
(248,4)
(252,45)
(253,5)
(254,13)
(255,64)
(257,1)
(1027,1)
(1028,1)
(1029,16)
(1031,5)
(1033,7)
(1034,8)
(1036,54)
(1037,24)
(1038,4)
(184,8)
(225,7)
(226,58)
(227,3)
(228,48)
(229,17)
(230,23)
(231,23)
(1181,4)
(1182,20)
(1184,2)
(1186,6)
(1187,104)
(1302,2)
(1303,8)
(1413,40)
(1414,110)
(270,71)
(272,26)
(274,49)
(275,20)
(277,3)
(388,3)
(520,5)
(570,17)
(571,7)
(1415,20)
(10002,7)
(10005,11)
(10006,17)
(10007,2)
(10013,25)
(10014,3)
(10017,6)
(582,24)
(584,18)
(586,22)
(587,2)
(1001,35)
(1002,38)
(1004,3)
(1005,4)
(1073,10)
(1074,9)
(1075,7)
(1076,6)
(1077,5)
(1078,4)
(1079,3)
(1080,2)
(1081,4)
(10053,9)
(10056,21)
(10057,13)
(10062,14)
(10064,10)
(10065,9)
(10066,15)
(10068,4)
(10069,11)
(1083,1)
(1084,27)
(1085,4)
(1087,15)
(1088,11)
(1089,15)
(1091,6)
(1092,23)
(1006,4)
(1007,2)
(1008,1)
(1009,3)
(1010,3)
(1014,54)
(1015,102)
(1016,40)
(1018,1)
(1114,17)
(1115,83)
(1121,3)
(1122,43)
(1123,7)
(1165,55)
(1166,57)
(1167,73)
(1039,7)
(1040,5)
(1041,9)
(1042,5)
(1043,4)
(1046,17)
(1047,3)
(1048,13)
(1049,9)
(1050,6)
(1051,5)
(1052,2)
(1053,5)
(1054,3)
(1055,3)
(1056,2)
(1057,3)
(10121,15)
(10122,4)
(10123,9)
(10124,5)
(10127,55)
(10128,12)
(10130,8)
(10131,8)
(10132,8)
(10146,95)
(10403,11)
(10405,6)
(10406,13)
(10408,9)
(10409,31)
(10410,62)
(10412,4)
(10414,9)
(10080,20)
(10081,10)
(10082,12)
(10085,5)
(10086,13)
(10087,39)
(10088,5)
(10089,14)
(10424,24)
(10568,12)
(10569,7)
(10572,1)
(10575,3)
(10581,1)
(10585,1)
(10638,48)
(10090,9)
(10091,7)
(10092,5)
(10093,45)
(10094,30)
(10095,4)
(10096,9)
(10097,41)
(10098,25)
(10099,9)
(10101,7)
(10104,6)
(10105,4)
(10106,9)
(10107,5)
(10108,14)
(10109,20)
(10111,6)
(10113,33)
(10114,7)
(10115,9)
(10116,4)
(10117,34)
(10118,7)
(10119,6)
(10120,13)
