(73,11)
(74,3)
(75,3)
(77,2)
(78,14)
(79,10)
(82,9)
(83,2)
(120,3)
(121,1)
(122,13)
(124,5)
(126,2)
(127,2)
(129,22)
(132,4)
(182,20)
(184,4)
(225,5)
(226,71)
(227,4)
(228,42)
(229,14)
(230,28)
(268,70)
(269,15)
(270,68)
(272,14)
(274,26)
(275,7)
(277,1)
(388,5)
(1047,2)
(1048,10)
(1049,5)
(1051,1)
(1053,2)
(1055,1)
(1056,1)
(1057,2)
(1074,7)
(1075,2)
(1076,3)
(1077,15)
(1079,7)
(1080,8)
(1083,1)
(1084,9)
(1085,6)
(1122,17)
(1123,5)
(1165,63)
(1166,37)
(1167,51)
(1168,14)
(1169,9)
(1170,2)
(10073,8)
(10075,3)
(10076,4)
(10077,10)
(10078,8)
(10079,8)
(10080,18)
(10081,7)
(10082,4)
(10403,10)
(10405,6)
(10406,11)
(10408,8)
(10409,18)
(10410,30)
(10412,1)
(10414,17)
(84,8)
(85,7)
(87,16)
(88,17)
(91,5)
(92,4)
(93,9)
(94,7)
(95,25)
(1,78)
(2,48)
(5,22)
(9,1)
(53,12)
(56,4)
(57,1)
(59,2)
(61,1)
(97,52)
(98,15)
(99,5)
(100,6)
(101,11)
(102,3)
(103,8)
(104,7)
(133,5)
(136,20)
(137,21)
(138,9)
(139,15)
(142,2)
(143,58)
(144,6)
(145,22)
(62,1)
(64,1)
(65,3)
(67,4)
(68,5)
(69,9)
(71,5)
(72,11)
(231,17)
(232,11)
(233,29)
(234,70)
(236,12)
(237,16)
(238,18)
(239,1)
(240,4)
(146,4)
(149,21)
(151,12)
(156,9)
(160,5)
(163,2)
(164,3)
(166,8)
(520,2)
(570,7)
(571,2)
(572,2)
(573,1)
(574,13)
(575,9)
(576,7)
(577,9)
(241,6)
(242,3)
(243,4)
(247,21)
(248,10)
(252,17)
(253,5)
(254,9)
(1004,3)
(1005,2)
(1006,3)
(1007,1)
(1009,2)
(1010,1)
(1014,52)
(1015,73)
(1037,16)
(1038,4)
(1039,8)
(1040,1)
(1041,6)
(1042,10)
(1043,2)
(1046,17)
(106,13)
(107,9)
(110,36)
(111,43)
(112,24)
(115,3)
(116,8)
(119,10)
(1016,48)
(1018,1)
(1019,7)
(1020,4)
(1021,2)
(1022,16)
(1023,12)
(1024,4)
(1059,6)
(1062,4)
(1066,8)
(1067,4)
(1069,14)
(1070,18)
(1072,6)
(1073,6)
(168,2)
(170,22)
(171,2)
(172,1)
(173,3)
(176,6)
(179,1)
(181,7)
(255,42)
(257,2)
(259,37)
(263,61)
(264,1)
(265,37)
(266,1)
(267,21)
(1025,3)
(1026,3)
(1027,1)
(1029,17)
(1031,2)
(1033,10)
(1034,4)
(1035,2)
(1036,31)
(578,1)
(579,36)
(581,2)
(582,12)
(584,18)
(586,20)
(1001,24)
(1002,48)
(10007,1)
(10013,31)
(10014,3)
(10053,7)
(10056,23)
(10057,13)
(10058,3)
(10062,10)
(1087,12)
(1088,13)
(1089,8)
(1091,5)
(1092,19)
(1093,5)
(1097,3)
(1103,6)
(10064,9)
(10065,9)
(10066,11)
(10068,2)
(10069,5)
(10070,2)
(10071,10)
(10072,3)
(1104,13)
(1107,37)
(1108,4)
(1111,19)
(1113,17)
(1114,20)
(1115,65)
(1121,3)
(10123,6)
(10124,3)
(10127,32)
(10128,5)
(10130,6)
(10131,8)
(10132,5)
(10133,43)
(1171,12)
(1173,6)
(1175,15)
(1176,13)
(1177,4)
(1180,26)
(1181,2)
(1182,15)
(1186,11)
(10085,4)
(10086,7)
(10087,31)
(10088,4)
(10089,7)
(10090,10)
(10091,10)
(10092,5)
(10134,18)
(10135,11)
(10136,8)
(10140,12)
(10141,6)
(10142,26)
(10145,74)
(10146,84)
(10104,4)
(10105,6)
(10106,8)
(10107,6)
(10108,6)
(10109,17)
(10111,5)
(10113,18)
(1187,84)
(1303,4)
(1413,28)
(1414,93)
(1415,18)
(10002,9)
(10005,16)
(10006,13)
(10093,21)
(10094,25)
(10095,6)
(10096,15)
(10097,17)
(10098,24)
(10099,1)
(10101,7)
(10424,19)
(10568,12)
(10569,11)
(10573,1)
(10574,1)
(10575,1)
(10585,1)
(10638,51)
(10114,2)
(10115,10)
(10116,2)
(10117,23)
(10118,4)
(10119,6)
(10120,12)
(10121,14)
(10122,3)
