(1,10)
(2,12)
(5,3)
(52,1)
(53,3)
(101,1)
(103,3)
(106,2)
(107,1)
(110,2)
(168,1)
(169,1)
(172,1)
(176,1)
(179,1)
(247,3)
(248,2)
(252,3)
(254,3)
(255,6)
(1018,1)
(1019,2)
(1022,1)
(1023,1)
(1024,3)
(1039,2)
(1042,1)
(1046,2)
(1050,2)
(1052,2)
(1302,1)
(1413,3)
(1414,8)
(1415,4)
(10002,1)
(10005,4)
(10006,3)
(10013,3)
(10014,2)
(10056,1)
(10090,2)
(10091,2)
(10093,2)
(10094,1)
(10095,1)
(10096,1)
(10097,2)
(10098,1)
(10104,1)
(10109,2)
(92,1)
(95,4)
(97,3)
(98,2)
(100,1)
(57,1)
(64,1)
(67,2)
(69,2)
(73,1)
(74,1)
(82,3)
(83,1)
(87,1)
(88,2)
(133,1)
(139,1)
(143,2)
(144,1)
(145,3)
(111,2)
(112,3)
(121,1)
(124,1)
(129,1)
(146,1)
(149,1)
(156,2)
(160,3)
(166,1)
(182,2)
(184,1)
(226,13)
(228,4)
(229,1)
(236,2)
(237,1)
(238,3)
(240,1)
(243,1)
(230,4)
(231,2)
(232,3)
(233,5)
(234,10)
(388,1)
(571,2)
(575,1)
(576,1)
(579,6)
(259,6)
(263,19)
(265,5)
(267,2)
(268,6)
(269,1)
(270,9)
(272,1)
(274,3)
(275,2)
(1053,2)
(1056,1)
(1066,1)
(1067,1)
(1069,2)
(582,2)
(584,2)
(586,2)
(1001,4)
(1002,7)
(1025,1)
(1026,1)
(1029,1)
(1031,1)
(1035,1)
(1004,1)
(1005,1)
(1014,10)
(1015,12)
(1016,5)
(1072,1)
(1074,2)
(1075,1)
(1079,4)
(1081,1)
(1104,2)
(1107,3)
(1108,1)
(1111,1)
(1115,5)
(1084,1)
(1088,1)
(1091,1)
(1092,1)
(1103,3)
(10057,1)
(10064,1)
(10065,1)
(10066,2)
(10068,5)
(1165,8)
(1166,8)
(1167,9)
(1168,1)
(1169,2)
(1171,4)
(1173,4)
(1175,2)
(1176,1)
(1177,1)
(10069,2)
(10070,3)
(10073,1)
(10076,2)
(10078,3)
(1180,4)
(1181,2)
(1182,3)
(1186,1)
(1187,4)
(10080,2)
(10082,1)
(10086,1)
(10087,1)
(10088,2)
(10134,2)
(10136,1)
(10140,1)
(10142,1)
(10145,4)
(10115,2)
(10118,2)
(10119,1)
(10120,1)
(10121,2)
(10146,9)
(10405,1)
(10406,3)
(10408,2)
(10409,1)
(10123,1)
(10127,2)
(10128,1)
(10132,2)
(10133,3)
(10410,3)
(10424,1)
(10569,2)
(10638,3)
