(72,2)
(74,2)
(75,3)
(82,4)
(85,1)
(87,3)
(119,1)
(124,1)
(129,3)
(132,1)
(136,7)
(137,1)
(228,9)
(230,4)
(231,2)
(232,8)
(233,1)
(234,9)
(269,3)
(270,7)
(272,3)
(274,6)
(275,10)
(277,1)
(1036,2)
(1037,1)
(1039,3)
(1042,1)
(1046,1)
(1047,1)
(1048,1)
(1053,1)
(1062,1)
(1069,5)
(1070,3)
(1074,3)
(1121,1)
(1123,1)
(1165,6)
(1166,6)
(1167,8)
(1168,7)
(10071,7)
(10072,1)
(10073,1)
(10075,2)
(10076,3)
(10077,3)
(10414,4)
(10424,5)
(10568,3)
(10569,1)
(10572,1)
(10638,4)
(65,1)
(66,1)
(67,4)
(68,2)
(69,3)
(71,2)
(106,3)
(107,4)
(110,1)
(111,1)
(112,1)
(115,1)
(116,1)
(88,1)
(91,2)
(92,1)
(94,2)
(95,9)
(97,6)
(1,17)
(2,13)
(5,2)
(53,1)
(56,6)
(57,1)
(59,6)
(173,1)
(176,1)
(182,1)
(184,3)
(225,1)
(226,9)
(138,2)
(139,1)
(142,2)
(143,9)
(145,6)
(149,6)
(255,7)
(259,10)
(263,6)
(265,3)
(267,1)
(268,9)
(98,4)
(99,1)
(100,4)
(102,1)
(103,5)
(104,1)
(236,3)
(237,1)
(238,6)
(239,2)
(240,3)
(241,1)
(242,3)
(1001,4)
(1002,7)
(1004,1)
(1005,1)
(1014,2)
(1015,11)
(1016,6)
(160,3)
(164,3)
(166,1)
(168,2)
(170,7)
(172,2)
(1018,2)
(1019,5)
(1020,2)
(1021,1)
(1022,1)
(1023,6)
(388,1)
(571,1)
(572,2)
(573,2)
(574,5)
(575,1)
(243,2)
(247,2)
(248,1)
(252,3)
(253,3)
(254,6)
(1024,3)
(1025,5)
(1029,3)
(1031,1)
(1033,1)
(1035,2)
(577,3)
(578,1)
(579,8)
(582,9)
(584,1)
(587,1)
(1177,1)
(1180,7)
(1182,2)
(1184,1)
(1186,2)
(1187,10)
(1076,1)
(1077,2)
(1079,3)
(1084,2)
(1085,4)
(1087,1)
(1088,1)
(1089,1)
(1091,1)
(1092,2)
(1093,1)
(1097,1)
(1103,2)
(1301,1)
(1302,1)
(1303,1)
(1413,4)
(1414,20)
(1415,4)
(10005,3)
(10079,3)
(10080,5)
(10081,2)
(10082,1)
(10085,3)
(10086,1)
(10006,3)
(10013,2)
(10014,3)
(10017,1)
(10053,1)
(10056,1)
(1104,3)
(1107,2)
(1111,3)
(1113,4)
(1114,1)
(1115,14)
(10058,1)
(10062,1)
(10065,1)
(10066,2)
(10068,3)
(10070,1)
(10098,6)
(10105,4)
(10107,2)
(10108,7)
(10109,3)
(10113,1)
(10115,2)
(1169,1)
(1170,1)
(1171,2)
(1173,6)
(1175,3)
(1176,5)
(10122,1)
(10123,2)
(10124,1)
(10127,3)
(10128,1)
(10130,3)
(10133,4)
(10134,2)
(10135,1)
(10136,2)
(10140,4)
(10142,3)
(10089,2)
(10090,2)
(10091,2)
(10093,5)
(10094,4)
(10095,2)
(10145,13)
(10146,6)
(10403,1)
(10405,3)
(10406,6)
(10410,8)
(10116,1)
(10117,2)
(10118,1)
(10119,1)
(10120,10)
(10121,5)
