(72,3)
(73,10)
(74,6)
(75,4)
(78,8)
(82,4)
(85,4)
(87,6)
(120,2)
(121,1)
(122,1)
(124,2)
(127,1)
(129,12)
(132,1)
(133,2)
(226,28)
(227,3)
(228,12)
(229,9)
(230,10)
(231,9)
(232,12)
(272,1)
(274,18)
(275,9)
(277,2)
(388,2)
(520,3)
(570,1)
(1031,1)
(1033,4)
(1034,3)
(1035,3)
(1036,7)
(1038,1)
(1039,5)
(1041,2)
(1042,1)
(1045,1)
(1046,2)
(1048,2)
(1050,1)
(1051,1)
(1053,1)
(1054,2)
(1180,14)
(1181,4)
(1182,7)
(1184,1)
(1186,5)
(1187,15)
(1302,1)
(1303,1)
(1413,7)
(1414,39)
(1415,4)
(10002,3)
(10005,4)
(10006,6)
(10013,8)
(10014,5)
(10424,4)
(10568,5)
(10569,1)
(10574,2)
(10581,1)
(10582,1)
(10638,17)
(1,53)
(2,32)
(5,8)
(9,1)
(52,3)
(53,2)
(56,2)
(59,2)
(98,5)
(99,1)
(100,2)
(101,1)
(102,4)
(103,7)
(104,5)
(106,9)
(145,9)
(149,12)
(151,10)
(156,1)
(160,7)
(163,3)
(164,2)
(166,2)
(88,1)
(91,4)
(92,2)
(93,8)
(94,4)
(95,9)
(97,11)
(62,2)
(63,1)
(64,1)
(66,1)
(67,4)
(68,2)
(69,15)
(71,3)
(243,3)
(247,9)
(248,15)
(252,13)
(253,4)
(254,12)
(255,19)
(257,4)
(1168,12)
(1169,1)
(1170,3)
(1171,4)
(1173,5)
(1175,5)
(1176,2)
(1177,3)
(107,4)
(108,1)
(110,7)
(111,6)
(112,3)
(116,2)
(118,3)
(119,3)
(136,11)
(137,5)
(138,3)
(139,3)
(142,6)
(143,10)
(144,2)
(233,8)
(234,26)
(236,10)
(237,13)
(238,4)
(239,13)
(240,7)
(242,4)
(168,7)
(169,1)
(170,9)
(173,2)
(176,5)
(181,4)
(182,1)
(184,3)
(571,3)
(573,3)
(574,6)
(575,1)
(576,1)
(578,4)
(579,24)
(581,1)
(10053,2)
(10056,6)
(10057,4)
(10058,5)
(10062,3)
(10064,6)
(10065,2)
(1023,6)
(1024,2)
(1025,5)
(1026,4)
(1027,1)
(1028,1)
(1029,11)
(10066,4)
(10068,13)
(10069,7)
(10070,3)
(10071,6)
(10072,3)
(10073,2)
(10075,1)
(259,15)
(263,26)
(265,7)
(266,3)
(267,3)
(268,30)
(269,2)
(270,4)
(1076,2)
(1077,3)
(1078,1)
(1079,2)
(1080,5)
(1082,3)
(1083,1)
(1084,2)
(582,7)
(584,11)
(586,5)
(1001,7)
(1002,11)
(1004,1)
(1006,1)
(1009,1)
(1014,11)
(1015,48)
(1016,10)
(1018,5)
(1019,6)
(1020,2)
(1021,3)
(1022,2)
(1085,1)
(1087,5)
(1089,1)
(1092,3)
(1093,2)
(1097,1)
(1103,4)
(1107,12)
(1055,1)
(1056,2)
(1057,2)
(1059,1)
(1061,2)
(1062,1)
(1066,6)
(1111,3)
(1113,4)
(1114,10)
(1115,33)
(1165,20)
(1166,19)
(1167,11)
(10076,10)
(10077,11)
(10078,2)
(10079,6)
(10080,1)
(10081,4)
(10082,5)
(10085,5)
(10123,6)
(10124,1)
(10127,4)
(10128,1)
(10130,5)
(10131,1)
(10132,2)
(10133,13)
(10134,4)
(10135,5)
(10136,6)
(10140,7)
(10141,1)
(10142,14)
(10145,14)
(1067,3)
(1068,2)
(1069,4)
(1070,7)
(1072,4)
(1073,3)
(1074,3)
(1075,2)
(10146,10)
(10403,6)
(10405,6)
(10406,8)
(10408,1)
(10409,6)
(10410,13)
(10414,3)
(10086,3)
(10087,3)
(10088,4)
(10089,3)
(10090,6)
(10091,4)
(10092,2)
(10093,13)
(10094,9)
(10095,1)
(10096,3)
(10097,6)
(10098,10)
(10099,1)
(10104,4)
(10105,3)
(10106,4)
(10107,7)
(10108,3)
(10109,6)
(10111,1)
(10113,1)
(10114,3)
(10115,5)
(10116,2)
(10117,3)
(10118,5)
(10119,7)
(10120,3)
(10121,3)
(10122,1)
