(1,4)
(2,52)
(5,40)
(9,7)
(53,13)
(56,9)
(57,2)
(59,5)
(61,7)
(62,2)
(97,98)
(98,11)
(99,3)
(100,15)
(101,14)
(102,6)
(103,11)
(104,16)
(106,15)
(151,36)
(156,17)
(160,15)
(163,1)
(164,12)
(166,12)
(168,12)
(169,3)
(170,47)
(252,37)
(253,27)
(254,28)
(255,80)
(257,8)
(259,51)
(263,116)
(264,2)
(265,39)
(1069,14)
(1070,11)
(1072,4)
(1073,9)
(1074,8)
(1075,7)
(1076,8)
(1077,8)
(1078,5)
(1107,38)
(1108,6)
(1111,60)
(1112,1)
(1113,62)
(1114,17)
(1115,104)
(1121,3)
(1122,22)
(1175,21)
(1176,26)
(1177,28)
(1180,101)
(1181,10)
(1182,35)
(1184,1)
(1186,18)
(1187,54)
(10007,1)
(10013,69)
(10014,6)
(10017,5)
(10053,3)
(10056,34)
(10057,48)
(10058,9)
(10062,10)
(10095,22)
(10096,29)
(10097,39)
(10098,21)
(10099,10)
(10101,14)
(10104,24)
(10105,16)
(10106,11)
(10412,4)
(10414,15)
(10424,25)
(10568,39)
(10569,7)
(10570,3)
(10571,4)
(10572,3)
(10573,2)
(85,4)
(86,1)
(87,17)
(88,16)
(91,13)
(92,8)
(93,11)
(94,22)
(95,26)
(137,20)
(138,12)
(139,17)
(142,10)
(143,47)
(144,11)
(145,35)
(146,3)
(149,40)
(63,8)
(64,6)
(65,8)
(66,5)
(67,12)
(68,14)
(69,43)
(71,21)
(72,9)
(73,26)
(74,10)
(75,11)
(77,11)
(78,24)
(79,11)
(82,11)
(83,4)
(84,8)
(121,7)
(122,11)
(124,19)
(126,3)
(127,4)
(129,34)
(132,10)
(133,5)
(136,24)
(107,20)
(108,3)
(110,23)
(111,14)
(112,15)
(115,1)
(116,15)
(119,7)
(120,5)
(227,14)
(228,52)
(229,29)
(230,43)
(231,23)
(232,60)
(233,46)
(234,88)
(236,40)
(237,22)
(238,32)
(239,62)
(240,17)
(241,2)
(242,13)
(243,17)
(247,21)
(248,29)
(577,5)
(578,6)
(579,82)
(581,6)
(582,47)
(584,20)
(586,60)
(587,4)
(589,2)
(171,6)
(172,2)
(173,2)
(176,16)
(179,1)
(181,32)
(182,28)
(225,19)
(226,47)
(1043,9)
(1045,2)
(1046,15)
(1047,5)
(1048,24)
(1049,6)
(1050,1)
(1051,5)
(1053,5)
(388,21)
(520,2)
(570,28)
(571,13)
(572,4)
(573,4)
(574,40)
(575,10)
(576,10)
(266,14)
(267,23)
(268,107)
(269,29)
(270,67)
(272,15)
(274,77)
(275,29)
(277,9)
(387,1)
(1001,53)
(1002,71)
(1003,2)
(1004,6)
(1005,2)
(1006,11)
(1007,2)
(1008,2)
(1009,7)
(1023,21)
(1024,6)
(1025,30)
(1026,19)
(1027,18)
(1028,3)
(1029,31)
(1031,8)
(1033,24)
(1010,1)
(1014,101)
(1015,88)
(1016,86)
(1018,11)
(1019,25)
(1020,17)
(1021,14)
(1022,13)
(1123,10)
(1164,76)
(1165,112)
(1166,88)
(1167,45)
(1168,15)
(1169,13)
(1170,6)
(1171,41)
(1173,43)
(1301,1)
(1302,4)
(1303,4)
(1413,41)
(1414,149)
(1415,49)
(10002,32)
(10005,7)
(10006,14)
(1054,1)
(1055,2)
(1057,7)
(1059,1)
(1061,14)
(1062,6)
(1066,5)
(1067,4)
(1068,1)
(1034,11)
(1035,6)
(1036,33)
(1037,21)
(1038,3)
(1039,21)
(1040,3)
(1041,7)
(1042,8)
(10075,9)
(10076,32)
(10077,30)
(10078,4)
(10079,25)
(10080,30)
(10081,13)
(10082,38)
(10085,24)
(10064,28)
(10065,11)
(10066,8)
(10068,22)
(10069,25)
(10070,28)
(10071,36)
(10072,6)
(10073,7)
(1079,1)
(1080,5)
(1081,5)
(1082,3)
(1083,4)
(1084,4)
(1085,17)
(1087,27)
(1088,12)
(10142,21)
(10145,84)
(10146,55)
(10403,10)
(10405,28)
(10406,16)
(10408,12)
(10409,33)
(10410,57)
(10086,22)
(10087,26)
(10088,11)
(10089,21)
(10090,13)
(10091,30)
(10092,9)
(10093,33)
(10094,31)
(1089,13)
(1091,2)
(1092,21)
(1093,4)
(1095,1)
(1096,1)
(1097,10)
(1103,18)
(1104,12)
(10118,25)
(10119,20)
(10120,13)
(10121,16)
(10122,2)
(10123,24)
(10124,13)
(10127,47)
(10128,26)
(10107,8)
(10108,9)
(10109,50)
(10111,5)
(10113,30)
(10114,15)
(10115,29)
(10116,7)
(10117,27)
(10130,27)
(10131,10)
(10132,18)
(10133,80)
(10134,18)
(10135,35)
(10136,43)
(10140,38)
(10141,2)
(10574,1)
(10575,1)
(10576,1)
(10580,2)
(10581,1)
(10585,13)
(10586,1)
(10587,1)
(10638,67)
