(60,4)
(62,5)
(63,7)
(64,7)
(65,4)
(66,15)
(67,7)
(68,19)
(69,29)
(104,17)
(106,20)
(107,32)
(108,2)
(110,10)
(111,9)
(112,7)
(115,18)
(116,16)
(164,15)
(166,18)
(168,7)
(169,4)
(170,35)
(171,12)
(172,50)
(173,8)
(176,26)
(255,42)
(257,11)
(259,157)
(263,126)
(264,8)
(265,10)
(266,12)
(267,21)
(268,14)
(581,2)
(582,22)
(584,3)
(586,12)
(587,10)
(589,4)
(1001,28)
(1002,112)
(1048,5)
(1049,8)
(1050,2)
(1051,4)
(1052,5)
(1053,6)
(1054,6)
(1055,2)
(1056,4)
(1057,2)
(1061,11)
(1062,14)
(1066,6)
(1067,17)
(1068,2)
(1069,6)
(1070,9)
(1072,8)
(1082,19)
(1083,9)
(1084,8)
(1085,7)
(1087,23)
(1088,22)
(1089,9)
(1090,1)
(10076,27)
(10077,14)
(10078,19)
(10079,30)
(10080,33)
(10081,1)
(10082,23)
(10085,7)
(10086,27)
(10087,51)
(10088,37)
(10089,19)
(10090,4)
(10091,20)
(10092,4)
(10093,38)
(10094,11)
(10095,30)
(10096,21)
(10097,31)
(10098,26)
(10099,2)
(10101,38)
(10104,33)
(10105,6)
(10106,3)
(10412,7)
(10414,7)
(10424,5)
(10568,41)
(10569,12)
(10575,2)
(10582,11)
(10638,109)
(83,2)
(84,6)
(85,7)
(87,10)
(88,7)
(91,4)
(92,22)
(93,30)
(94,42)
(71,4)
(72,1)
(73,13)
(74,6)
(75,10)
(77,1)
(78,19)
(79,4)
(82,7)
(132,10)
(133,2)
(136,27)
(137,15)
(138,22)
(139,12)
(142,10)
(143,41)
(144,38)
(230,84)
(231,1)
(232,50)
(233,5)
(234,5)
(236,38)
(237,8)
(238,5)
(239,14)
(1,22)
(2,98)
(5,15)
(9,12)
(52,11)
(53,11)
(56,18)
(57,8)
(59,5)
(118,5)
(119,6)
(120,2)
(121,2)
(122,7)
(124,38)
(126,10)
(127,35)
(129,9)
(95,28)
(97,95)
(98,18)
(99,5)
(100,15)
(101,18)
(102,6)
(103,32)
(179,40)
(181,42)
(182,30)
(184,9)
(225,12)
(226,28)
(227,6)
(228,9)
(229,30)
(570,45)
(571,19)
(572,4)
(573,8)
(574,48)
(575,29)
(576,8)
(578,12)
(579,25)
(145,34)
(146,1)
(149,123)
(151,37)
(156,11)
(160,3)
(161,5)
(163,31)
(269,33)
(270,94)
(272,16)
(274,74)
(275,39)
(277,2)
(387,7)
(388,11)
(522,4)
(1028,24)
(1029,14)
(1031,3)
(1033,3)
(1034,12)
(1035,2)
(1036,14)
(1037,27)
(1038,1)
(240,68)
(242,13)
(243,4)
(247,24)
(248,30)
(252,60)
(253,79)
(254,66)
(1019,13)
(1020,2)
(1021,19)
(1022,12)
(1023,11)
(1024,11)
(1025,28)
(1026,16)
(1027,27)
(1073,10)
(1074,5)
(1075,8)
(1076,2)
(1077,9)
(1078,9)
(1079,15)
(1080,9)
(1081,21)
(1003,3)
(1004,3)
(1005,3)
(1006,7)
(1009,1)
(1014,130)
(1015,137)
(1016,103)
(1018,12)
(1091,4)
(1092,13)
(1095,2)
(1096,3)
(1097,13)
(1103,11)
(1104,2)
(1107,32)
(1108,8)
(1039,10)
(1040,8)
(1041,7)
(1042,8)
(1043,5)
(1045,6)
(1046,23)
(1047,5)
(1111,13)
(1112,2)
(1113,35)
(1114,5)
(1115,65)
(1121,40)
(1122,23)
(1123,12)
(1165,102)
(1302,5)
(1303,5)
(1413,142)
(1414,138)
(1415,75)
(10002,50)
(10005,39)
(10006,16)
(10007,70)
(10065,9)
(10066,27)
(10068,5)
(10069,33)
(10070,10)
(10071,34)
(10072,29)
(10073,10)
(10075,11)
(10013,1)
(10014,66)
(10017,8)
(10053,3)
(10056,48)
(10057,37)
(10058,6)
(10062,17)
(10064,63)
(1166,113)
(1167,49)
(1168,25)
(1169,24)
(1170,24)
(1171,237)
(1173,9)
(1175,38)
(1176,37)
(1177,47)
(1180,131)
(1181,102)
(1182,35)
(1184,68)
(1186,14)
(1187,43)
(1301,47)
(10108,22)
(10109,40)
(10111,13)
(10113,28)
(10114,6)
(10115,44)
(10116,6)
(10117,22)
(10118,33)
(10130,5)
(10131,13)
(10132,3)
(10133,15)
(10134,32)
(10135,5)
(10136,25)
(10140,26)
(10141,10)
(10119,34)
(10120,12)
(10121,22)
(10122,10)
(10123,3)
(10124,1)
(10127,30)
(10128,1)
(10142,11)
(10145,73)
(10146,27)
(10403,18)
(10405,3)
(10406,10)
(10408,15)
(10409,9)
(10410,12)
