(62,3)
(63,8)
(64,5)
(65,20)
(66,7)
(67,10)
(68,12)
(69,35)
(71,4)
(106,47)
(107,31)
(110,71)
(111,43)
(112,13)
(115,2)
(116,38)
(118,5)
(119,40)
(168,12)
(169,4)
(170,93)
(171,16)
(172,9)
(173,8)
(176,23)
(179,3)
(181,46)
(259,70)
(263,139)
(264,9)
(265,43)
(266,10)
(267,25)
(268,103)
(269,32)
(270,108)
(1019,32)
(1020,16)
(1021,36)
(1022,17)
(1023,30)
(1024,22)
(1025,26)
(1026,16)
(1028,4)
(1051,9)
(1052,8)
(1053,16)
(1054,3)
(1055,9)
(1056,14)
(1057,18)
(1059,5)
(1061,12)
(1075,9)
(1076,7)
(1077,10)
(1078,5)
(1079,3)
(1080,9)
(1081,39)
(1082,16)
(1083,4)
(10002,18)
(10005,13)
(10006,16)
(10007,2)
(10013,95)
(10014,11)
(10017,16)
(10053,9)
(10056,101)
(10092,13)
(10093,78)
(10094,7)
(10095,14)
(10096,10)
(10097,14)
(10098,10)
(10099,25)
(10101,15)
(10124,2)
(10127,86)
(10128,6)
(10130,9)
(10131,8)
(10132,7)
(10133,17)
(10134,68)
(10135,8)
(10408,6)
(10409,27)
(10410,85)
(10412,10)
(10414,8)
(10424,13)
(10568,72)
(10569,8)
(10570,1)
(1,111)
(2,108)
(5,120)
(9,13)
(52,7)
(53,32)
(56,12)
(57,2)
(59,4)
(61,2)
(95,37)
(97,84)
(98,25)
(99,14)
(100,15)
(101,17)
(102,18)
(103,27)
(104,18)
(72,2)
(73,11)
(74,9)
(75,3)
(77,7)
(78,65)
(79,13)
(82,11)
(83,11)
(84,15)
(85,21)
(86,3)
(87,17)
(88,32)
(91,15)
(92,24)
(93,37)
(94,24)
(133,21)
(136,46)
(137,51)
(138,18)
(139,50)
(142,11)
(143,103)
(144,22)
(145,61)
(146,3)
(149,133)
(151,68)
(156,18)
(160,17)
(161,4)
(163,7)
(164,6)
(166,23)
(120,13)
(121,16)
(122,19)
(124,24)
(126,2)
(127,3)
(128,1)
(129,100)
(132,19)
(242,21)
(243,27)
(247,53)
(248,30)
(252,106)
(253,28)
(254,23)
(255,97)
(257,12)
(232,113)
(233,43)
(234,98)
(236,48)
(237,87)
(238,50)
(239,25)
(240,31)
(241,5)
(182,39)
(184,26)
(225,13)
(226,99)
(227,34)
(228,96)
(229,39)
(230,94)
(231,19)
(582,59)
(584,59)
(586,38)
(587,3)
(589,1)
(1001,194)
(1002,135)
(1004,6)
(1005,9)
(572,12)
(573,4)
(574,45)
(575,29)
(576,13)
(577,15)
(578,8)
(579,177)
(581,10)
(1169,32)
(1170,31)
(1171,52)
(1173,35)
(1175,50)
(1176,35)
(1177,20)
(1180,183)
(1181,15)
(272,23)
(274,70)
(275,45)
(277,5)
(387,1)
(388,19)
(520,5)
(570,56)
(571,14)
(1006,13)
(1007,1)
(1008,3)
(1009,6)
(1010,2)
(1014,166)
(1015,252)
(1016,121)
(1018,10)
(1029,53)
(1031,20)
(1033,32)
(1034,15)
(1035,9)
(1036,65)
(1037,43)
(1038,6)
(1039,33)
(1040,16)
(1182,42)
(1184,8)
(1186,18)
(1187,109)
(1302,17)
(1303,37)
(1413,90)
(1414,211)
(1415,26)
(1041,16)
(1042,35)
(1043,14)
(1045,4)
(1046,21)
(1047,7)
(1048,19)
(1049,16)
(1050,4)
(10057,89)
(10058,23)
(10062,33)
(10064,29)
(10065,36)
(10066,26)
(10068,2)
(10069,36)
(10070,21)
(1062,17)
(1066,10)
(1067,11)
(1068,1)
(1069,18)
(1070,20)
(1072,8)
(1073,10)
(1074,23)
(10115,81)
(10116,1)
(10117,89)
(10118,29)
(10119,32)
(10120,15)
(10121,7)
(10122,20)
(10123,11)
(1084,16)
(1085,23)
(1087,45)
(1088,22)
(1089,16)
(1091,30)
(1092,22)
(1093,10)
(1095,2)
(1115,104)
(1121,19)
(1122,44)
(1123,16)
(1164,54)
(1165,169)
(1166,176)
(1167,85)
(1168,44)
(1097,28)
(1103,33)
(1104,50)
(1107,61)
(1108,19)
(1111,78)
(1112,6)
(1113,84)
(1114,37)
(10572,1)
(10573,1)
(10574,2)
(10575,12)
(10580,8)
(10581,5)
(10582,2)
(10585,3)
(10638,33)
(10071,101)
(10072,16)
(10073,16)
(10075,23)
(10076,1)
(10077,4)
(10078,13)
(10079,17)
(10080,77)
(10081,50)
(10082,7)
(10085,2)
(10086,43)
(10087,73)
(10088,22)
(10089,36)
(10090,1)
(10091,10)
(10104,30)
(10105,3)
(10106,5)
(10107,2)
(10108,30)
(10109,82)
(10111,15)
(10113,25)
(10114,4)
(10136,80)
(10140,8)
(10141,1)
(10142,22)
(10145,92)
(10146,97)
(10403,58)
(10405,7)
(10406,15)
