(59,10)
(60,2)
(61,8)
(62,6)
(63,3)
(64,5)
(65,4)
(66,1)
(67,23)
(103,16)
(104,13)
(106,18)
(107,20)
(108,2)
(110,20)
(111,23)
(112,18)
(115,10)
(166,16)
(168,5)
(169,5)
(170,33)
(171,2)
(172,16)
(173,7)
(176,22)
(179,3)
(259,23)
(263,90)
(264,2)
(265,24)
(266,12)
(267,22)
(268,97)
(269,10)
(270,30)
(582,30)
(584,32)
(586,33)
(589,2)
(590,7)
(591,6)
(1001,34)
(1002,37)
(1004,1)
(1005,4)
(1006,5)
(1007,2)
(1008,2)
(1009,4)
(1010,3)
(1014,53)
(1015,94)
(1016,58)
(1037,2)
(1038,5)
(1039,10)
(1040,3)
(1041,6)
(1042,4)
(1043,6)
(1045,1)
(1046,12)
(10070,10)
(10071,26)
(10072,10)
(10073,10)
(10075,8)
(10076,28)
(10077,17)
(10078,4)
(10079,29)
(10099,16)
(10101,9)
(10104,24)
(10105,9)
(10106,4)
(10107,2)
(10108,24)
(10109,47)
(10111,9)
(10113,18)
(10114,8)
(10115,33)
(10116,5)
(10117,18)
(10118,20)
(10119,5)
(10120,17)
(10121,12)
(1,5)
(2,66)
(5,19)
(9,4)
(11,8)
(52,2)
(53,6)
(56,15)
(57,6)
(93,21)
(94,18)
(95,25)
(97,42)
(98,5)
(99,1)
(100,31)
(101,5)
(102,6)
(144,6)
(145,42)
(146,5)
(149,45)
(151,41)
(156,11)
(160,20)
(163,4)
(164,5)
(82,8)
(83,6)
(84,11)
(85,7)
(86,2)
(87,11)
(88,20)
(91,12)
(92,20)
(68,21)
(69,33)
(71,8)
(72,5)
(73,33)
(74,3)
(75,10)
(78,17)
(79,8)
(129,47)
(132,5)
(133,14)
(136,37)
(137,18)
(138,19)
(139,9)
(142,6)
(143,61)
(116,19)
(118,2)
(119,11)
(120,9)
(121,15)
(122,8)
(124,12)
(126,1)
(127,3)
(242,5)
(243,14)
(247,18)
(248,15)
(252,24)
(253,8)
(254,40)
(255,86)
(257,11)
(232,32)
(233,9)
(234,69)
(236,23)
(237,22)
(238,24)
(239,45)
(240,9)
(241,11)
(181,13)
(182,10)
(225,11)
(226,73)
(227,13)
(228,63)
(229,26)
(230,44)
(231,22)
(272,10)
(274,46)
(275,31)
(277,3)
(388,10)
(520,7)
(522,2)
(570,6)
(571,11)
(1070,22)
(1072,4)
(1073,8)
(1074,18)
(1075,2)
(1076,2)
(1077,8)
(1078,6)
(1079,14)
(572,6)
(573,5)
(574,23)
(575,16)
(576,5)
(577,4)
(578,2)
(579,97)
(581,7)
(1056,7)
(1057,5)
(1059,1)
(1061,6)
(1062,7)
(1066,3)
(1067,5)
(1068,3)
(1069,19)
(1018,19)
(1019,15)
(1020,9)
(1021,7)
(1022,16)
(1023,18)
(1024,10)
(1025,40)
(1026,13)
(1080,8)
(1081,3)
(1083,2)
(1084,6)
(1085,3)
(1087,20)
(1088,4)
(1089,9)
(1091,7)
(1180,45)
(1181,9)
(1182,13)
(1184,5)
(1186,11)
(1187,48)
(1302,4)
(1303,3)
(1413,19)
(1092,10)
(1093,5)
(1097,13)
(1103,4)
(1104,23)
(1107,38)
(1108,9)
(1111,49)
(1112,1)
(1414,127)
(1415,9)
(10002,9)
(10005,13)
(10007,1)
(10013,43)
(10014,6)
(10017,3)
(10053,3)
(1027,6)
(1028,5)
(1029,18)
(1031,8)
(1032,1)
(1033,12)
(1034,7)
(1035,4)
(1036,27)
(1167,42)
(1168,10)
(1169,18)
(1170,8)
(1171,28)
(1173,29)
(1175,26)
(1176,10)
(1177,10)
(1047,3)
(1048,9)
(1049,7)
(1050,1)
(1051,5)
(1052,2)
(1053,6)
(1054,1)
(1055,5)
(10056,26)
(10057,22)
(10058,6)
(10062,16)
(10064,25)
(10065,7)
(10066,16)
(10068,24)
(10069,19)
(10134,20)
(10135,19)
(10136,32)
(10140,36)
(10141,7)
(10142,18)
(10145,99)
(10146,48)
(10403,15)
(10405,22)
(10406,27)
(10408,5)
(10409,11)
(10410,36)
(10412,1)
(10414,8)
(10424,41)
(10568,23)
(1113,46)
(1114,19)
(1115,124)
(1121,8)
(1122,1)
(1123,3)
(1164,53)
(1165,81)
(1166,68)
(10080,21)
(10081,7)
(10082,16)
(10084,34)
(10085,23)
(10086,16)
(10087,14)
(10088,7)
(10089,16)
(10569,15)
(10570,1)
(10574,1)
(10580,1)
(10582,1)
(10583,1)
(10585,1)
(10638,59)
(10090,16)
(10091,21)
(10092,8)
(10093,38)
(10094,34)
(10095,7)
(10096,14)
(10097,30)
(10098,36)
(10122,15)
(10123,13)
(10124,11)
(10127,35)
(10128,26)
(10130,12)
(10131,13)
(10132,13)
(10133,39)
