(1,9)
(2,43)
(5,5)
(9,1)
(52,7)
(53,4)
(56,7)
(57,6)
(95,12)
(97,21)
(98,3)
(99,5)
(100,4)
(101,4)
(102,4)
(103,7)
(146,1)
(149,36)
(151,6)
(156,2)
(160,3)
(161,5)
(163,5)
(164,2)
(240,10)
(241,3)
(242,5)
(243,5)
(247,11)
(248,8)
(252,26)
(253,6)
(1004,2)
(1005,1)
(1006,6)
(1007,1)
(1008,1)
(1009,1)
(1014,11)
(1015,22)
(1048,1)
(1049,3)
(1053,4)
(1054,1)
(1055,1)
(1061,1)
(1062,2)
(1066,4)
(1077,7)
(1079,6)
(1080,4)
(1081,3)
(1082,1)
(1083,1)
(1084,3)
(1087,1)
(1108,2)
(1111,3)
(1113,1)
(1114,4)
(1115,8)
(1121,1)
(1123,2)
(1165,24)
(10090,1)
(10091,23)
(10092,4)
(10093,9)
(10094,9)
(10095,5)
(10096,6)
(10097,6)
(10098,12)
(10099,1)
(10104,4)
(10105,3)
(10107,7)
(10108,7)
(10109,11)
(10111,1)
(10113,2)
(10114,2)
(10115,8)
(10116,6)
(10117,8)
(10118,7)
(10119,6)
(10120,6)
(10121,9)
(10122,2)
(10123,2)
(10124,4)
(10127,7)
(10128,3)
(10130,4)
(10131,7)
(72,7)
(73,2)
(74,3)
(75,1)
(78,15)
(82,2)
(83,2)
(84,4)
(118,3)
(119,4)
(121,1)
(122,4)
(124,6)
(127,7)
(129,3)
(132,4)
(85,5)
(86,1)
(87,20)
(88,2)
(91,4)
(92,4)
(93,5)
(94,5)
(62,1)
(63,1)
(64,2)
(66,1)
(67,2)
(68,6)
(69,14)
(71,1)
(179,9)
(181,21)
(182,5)
(184,8)
(226,11)
(228,5)
(229,5)
(230,3)
(104,5)
(106,8)
(107,18)
(108,1)
(110,4)
(111,7)
(112,12)
(115,5)
(166,11)
(168,2)
(169,4)
(170,24)
(171,5)
(172,3)
(173,1)
(176,8)
(254,16)
(255,16)
(259,10)
(263,11)
(265,11)
(266,3)
(267,4)
(268,4)
(269,3)
(270,27)
(272,4)
(274,13)
(275,9)
(388,3)
(520,1)
(133,1)
(136,12)
(137,15)
(138,10)
(139,9)
(143,14)
(144,3)
(145,15)
(231,3)
(232,14)
(233,4)
(234,4)
(236,8)
(237,6)
(238,2)
(239,11)
(1037,2)
(1038,2)
(1039,4)
(1042,7)
(1043,4)
(1045,1)
(1046,3)
(1047,2)
(582,13)
(584,6)
(586,8)
(587,1)
(589,4)
(1001,5)
(1002,16)
(1003,5)
(522,2)
(570,3)
(571,1)
(572,1)
(574,1)
(575,9)
(576,3)
(579,11)
(1016,20)
(1018,5)
(1019,1)
(1020,2)
(1021,4)
(1022,11)
(1023,7)
(1024,3)
(1068,1)
(1069,5)
(1070,7)
(1072,5)
(1073,2)
(1074,2)
(1075,5)
(1076,1)
(1088,3)
(1089,3)
(1092,1)
(1096,1)
(1097,4)
(1103,4)
(1104,2)
(1107,15)
(1025,4)
(1026,14)
(1027,4)
(1028,2)
(1033,2)
(1034,2)
(1035,2)
(1036,16)
(10006,14)
(10007,4)
(10013,1)
(10014,6)
(10017,1)
(10053,6)
(10056,6)
(10057,10)
(1166,21)
(1167,15)
(1168,8)
(1169,2)
(1170,2)
(1171,20)
(1173,12)
(10071,12)
(10072,21)
(10073,2)
(10075,2)
(10076,9)
(10077,9)
(10078,7)
(10079,1)
(1175,7)
(1176,4)
(1177,4)
(1180,16)
(1181,33)
(1182,20)
(1184,13)
(1186,1)
(10132,3)
(10133,15)
(10134,9)
(10135,5)
(10136,6)
(10140,12)
(10141,1)
(10142,10)
(10145,26)
(10146,17)
(10406,9)
(10408,4)
(10409,3)
(10410,4)
(10412,1)
(10414,4)
(1187,5)
(1301,16)
(1302,3)
(1413,21)
(1414,51)
(1415,6)
(10002,24)
(10005,16)
(10058,1)
(10062,10)
(10064,2)
(10065,10)
(10066,17)
(10068,4)
(10069,4)
(10070,3)
(10080,8)
(10081,3)
(10082,6)
(10085,5)
(10086,7)
(10087,13)
(10088,7)
(10089,6)
(10424,11)
(10568,4)
(10569,3)
(10581,1)
(10582,6)
(10583,2)
(10638,20)
