(85,18)
(86,1)
(87,18)
(88,13)
(91,19)
(92,24)
(93,29)
(94,26)
(95,28)
(136,47)
(137,25)
(138,17)
(139,20)
(142,18)
(143,100)
(144,16)
(145,47)
(146,3)
(236,26)
(237,40)
(238,54)
(239,45)
(240,22)
(241,18)
(242,24)
(243,12)
(247,26)
(574,57)
(575,19)
(576,2)
(577,5)
(578,8)
(579,113)
(581,7)
(582,47)
(584,52)
(1076,5)
(1077,5)
(1078,2)
(1079,10)
(1080,4)
(1081,6)
(1082,4)
(1083,3)
(1084,10)
(1186,20)
(1187,85)
(1301,2)
(1303,5)
(1413,49)
(1414,177)
(1415,58)
(10002,23)
(10005,11)
(10006,14)
(10013,79)
(10014,12)
(10017,2)
(10053,7)
(10056,42)
(10057,53)
(10058,9)
(10062,17)
(10086,26)
(10087,28)
(10088,5)
(10089,25)
(10090,13)
(10091,26)
(10092,14)
(10093,49)
(10094,41)
(10130,25)
(10131,14)
(10132,14)
(10133,79)
(10134,28)
(10135,32)
(10136,39)
(10140,55)
(10141,5)
(62,7)
(64,8)
(65,5)
(66,7)
(67,29)
(68,18)
(69,50)
(71,12)
(72,13)
(107,26)
(108,2)
(110,33)
(111,30)
(112,19)
(115,6)
(116,24)
(118,6)
(119,10)
(169,4)
(170,59)
(171,2)
(172,26)
(173,7)
(176,27)
(181,35)
(182,21)
(225,29)
(1,3)
(2,90)
(5,40)
(9,7)
(52,3)
(53,13)
(56,23)
(57,6)
(59,4)
(61,1)
(73,28)
(74,6)
(75,5)
(77,4)
(78,41)
(79,15)
(82,29)
(83,4)
(84,3)
(265,48)
(266,13)
(267,24)
(268,141)
(269,34)
(270,103)
(272,28)
(274,81)
(275,27)
(97,115)
(98,12)
(99,3)
(100,23)
(101,15)
(102,11)
(103,23)
(104,10)
(106,15)
(120,10)
(121,9)
(122,18)
(124,25)
(126,3)
(127,1)
(129,37)
(132,14)
(133,11)
(586,94)
(587,6)
(589,4)
(591,28)
(1001,63)
(1002,121)
(1003,2)
(1004,8)
(1005,7)
(149,63)
(151,55)
(156,12)
(160,20)
(161,3)
(163,5)
(164,10)
(166,18)
(168,16)
(226,60)
(227,21)
(228,86)
(229,41)
(230,42)
(231,17)
(232,58)
(233,51)
(234,117)
(1006,49)
(1008,5)
(1009,5)
(1010,2)
(1014,123)
(1015,147)
(1016,105)
(1018,12)
(1019,23)
(248,30)
(252,49)
(253,19)
(254,20)
(255,71)
(257,9)
(259,69)
(263,145)
(264,8)
(1020,16)
(1021,11)
(1022,12)
(1023,22)
(1024,11)
(1025,34)
(1026,21)
(1027,11)
(1028,6)
(277,6)
(387,1)
(388,27)
(520,1)
(522,1)
(570,31)
(571,5)
(572,5)
(573,1)
(1041,12)
(1042,12)
(1043,10)
(1045,2)
(1046,18)
(1047,5)
(1048,22)
(1049,5)
(1050,3)
(1085,9)
(1087,38)
(1088,11)
(1089,10)
(1091,10)
(1092,27)
(1093,10)
(1095,2)
(1097,10)
(1029,27)
(1031,8)
(1033,24)
(1034,21)
(1035,10)
(1036,26)
(1037,35)
(1038,4)
(1039,17)
(1040,6)
(1051,4)
(1052,6)
(1053,6)
(1054,2)
(1055,8)
(1056,4)
(1057,5)
(1061,18)
(1062,19)
(1066,4)
(1067,3)
(1068,2)
(1069,12)
(1070,15)
(1072,1)
(1073,7)
(1074,13)
(1075,8)
(1103,28)
(1104,22)
(1107,37)
(1108,15)
(1111,67)
(1113,67)
(1114,32)
(1115,118)
(1121,6)
(10075,8)
(10076,43)
(10077,26)
(10078,16)
(10079,37)
(10080,41)
(10081,7)
(10082,40)
(10085,31)
(10064,32)
(10065,17)
(10066,18)
(10068,25)
(10069,34)
(10070,45)
(10071,42)
(10072,15)
(10073,25)
(1122,20)
(1123,9)
(1164,70)
(1165,136)
(1166,117)
(1167,51)
(1168,27)
(1169,20)
(1170,8)
(10095,19)
(10096,54)
(10097,42)
(10098,37)
(10099,9)
(10101,12)
(10104,30)
(10105,18)
(10106,10)
(1171,39)
(1173,48)
(1175,41)
(1176,26)
(1177,25)
(1180,104)
(1181,20)
(1182,42)
(1184,2)
(10107,11)
(10108,21)
(10109,55)
(10111,5)
(10113,25)
(10114,11)
(10115,31)
(10116,13)
(10117,43)
(10142,22)
(10145,99)
(10146,80)
(10403,13)
(10405,20)
(10406,33)
(10408,8)
(10409,30)
(10410,67)
(10118,36)
(10119,8)
(10120,24)
(10121,20)
(10122,4)
(10123,36)
(10124,19)
(10127,70)
(10128,27)
(10412,6)
(10414,22)
(10424,45)
(10568,25)
(10569,7)
(10570,1)
(10571,4)
(10573,1)
(10574,1)
(10575,2)
(10578,3)
(10580,2)
(10581,3)
(10582,1)
(10585,2)
(10586,15)
(10587,1)
(10638,79)
