(74,1)
(78,3)
(79,1)
(86,1)
(87,2)
(119,1)
(124,1)
(127,1)
(132,3)
(136,1)
(181,3)
(182,3)
(225,1)
(226,7)
(227,1)
(252,3)
(253,2)
(254,3)
(255,3)
(259,9)
(1165,7)
(1166,9)
(1167,12)
(1168,3)
(1169,3)
(1170,2)
(1171,6)
(1173,2)
(1175,3)
(1176,2)
(1177,2)
(1181,5)
(1182,6)
(1184,2)
(1186,3)
(1415,2)
(10002,7)
(10005,5)
(10006,3)
(10007,1)
(88,2)
(91,1)
(93,2)
(94,2)
(95,1)
(63,1)
(64,1)
(67,1)
(71,1)
(73,1)
(137,2)
(139,3)
(142,1)
(143,4)
(144,1)
(110,3)
(111,1)
(112,5)
(115,1)
(116,1)
(2,9)
(5,2)
(9,1)
(53,4)
(59,1)
(62,1)
(228,3)
(229,1)
(230,1)
(231,1)
(232,4)
(97,6)
(98,3)
(99,2)
(103,2)
(107,1)
(263,4)
(265,1)
(267,3)
(268,3)
(269,7)
(145,3)
(149,1)
(163,2)
(164,1)
(166,2)
(233,2)
(234,1)
(236,4)
(238,1)
(240,2)
(575,3)
(579,1)
(582,1)
(584,2)
(586,2)
(170,2)
(171,1)
(172,1)
(176,1)
(179,3)
(1187,4)
(1301,5)
(1302,1)
(1413,12)
(1414,10)
(241,1)
(242,2)
(243,1)
(247,1)
(248,3)
(1026,1)
(1031,1)
(1036,2)
(1047,1)
(1061,1)
(1062,1)
(270,5)
(272,1)
(274,4)
(275,2)
(388,1)
(1001,1)
(1002,10)
(1003,1)
(1014,5)
(1015,5)
(1016,7)
(1019,1)
(1021,1)
(1022,1)
(1023,1)
(1069,1)
(1070,1)
(1072,1)
(1073,2)
(1074,2)
(1077,3)
(1080,4)
(1081,2)
(1082,1)
(1107,1)
(10065,1)
(10066,2)
(10068,2)
(10070,2)
(10071,2)
(10101,1)
(10105,1)
(10106,1)
(10109,2)
(10111,1)
(1111,1)
(1114,1)
(1115,2)
(1121,1)
(1123,3)
(10093,1)
(10094,2)
(10096,1)
(10097,1)
(10098,3)
(10013,1)
(10014,9)
(10056,5)
(10057,1)
(10064,1)
(10115,1)
(10118,2)
(10120,3)
(10121,1)
(10127,1)
(10405,1)
(10406,4)
(10408,2)
(10410,1)
(10414,1)
(10131,1)
(10133,2)
(10134,4)
(10135,2)
(10136,1)
(10072,2)
(10076,1)
(10079,1)
(10081,1)
(10082,2)
(10140,1)
(10141,1)
(10142,1)
(10145,7)
(10146,4)
(10086,2)
(10087,1)
(10088,4)
(10089,1)
(10091,3)
(10424,3)
(10568,1)
(10569,2)
(10580,1)
(10638,9)
