(68,15)
(69,41)
(71,20)
(72,9)
(73,37)
(74,5)
(75,5)
(77,5)
(78,36)
(119,13)
(120,9)
(121,13)
(122,10)
(124,20)
(126,3)
(127,9)
(129,42)
(132,22)
(225,26)
(226,142)
(227,23)
(228,78)
(229,44)
(230,60)
(231,35)
(232,66)
(233,51)
(275,51)
(277,4)
(387,3)
(388,17)
(520,3)
(522,1)
(570,51)
(571,14)
(572,11)
(1039,18)
(1040,6)
(1041,11)
(1042,13)
(1043,9)
(1045,1)
(1046,18)
(1047,4)
(1048,29)
(1182,34)
(1184,4)
(1186,12)
(1187,91)
(1302,3)
(1303,19)
(1413,46)
(1414,160)
(1415,40)
(10002,23)
(10005,13)
(10006,21)
(10013,95)
(10014,7)
(10017,4)
(10053,2)
(10056,38)
(10057,58)
(10072,10)
(10073,19)
(10075,21)
(10076,30)
(10077,27)
(10078,7)
(10079,28)
(10080,43)
(10081,14)
(79,12)
(82,18)
(83,4)
(84,6)
(85,7)
(87,18)
(88,10)
(91,15)
(92,15)
(133,18)
(136,30)
(137,23)
(138,9)
(139,21)
(142,16)
(143,59)
(144,16)
(145,34)
(59,7)
(60,1)
(61,5)
(62,5)
(63,6)
(64,6)
(65,4)
(66,5)
(67,23)
(234,110)
(236,30)
(237,37)
(238,40)
(239,57)
(240,25)
(241,12)
(242,16)
(243,18)
(104,14)
(106,19)
(107,18)
(108,4)
(110,24)
(111,20)
(112,18)
(115,7)
(116,16)
(1,9)
(2,83)
(5,46)
(9,7)
(11,5)
(52,4)
(53,18)
(56,14)
(57,2)
(168,20)
(169,3)
(170,40)
(171,4)
(172,23)
(173,6)
(176,26)
(181,41)
(182,15)
(93,36)
(94,17)
(95,33)
(97,111)
(98,9)
(99,3)
(100,26)
(101,17)
(102,12)
(146,2)
(149,62)
(151,45)
(156,22)
(160,18)
(161,1)
(163,2)
(164,15)
(166,17)
(264,6)
(265,48)
(266,10)
(267,26)
(268,136)
(269,34)
(270,113)
(272,23)
(274,62)
(247,18)
(248,25)
(252,40)
(253,27)
(254,23)
(255,76)
(257,8)
(259,59)
(263,125)
(1049,7)
(1050,2)
(1051,4)
(1052,3)
(1053,6)
(1054,2)
(1055,4)
(1056,8)
(1057,9)
(1020,9)
(1021,10)
(1022,15)
(1023,19)
(1024,24)
(1025,46)
(1026,14)
(1027,7)
(1028,10)
(1073,4)
(1074,6)
(1075,5)
(1076,8)
(1077,3)
(1078,2)
(1079,1)
(1080,5)
(1081,12)
(1029,38)
(1031,13)
(1032,3)
(1033,26)
(1034,17)
(1035,7)
(1036,19)
(1037,38)
(1038,1)
(573,5)
(574,57)
(575,20)
(576,7)
(577,1)
(578,5)
(579,127)
(581,11)
(582,37)
(584,35)
(586,80)
(589,5)
(591,26)
(1001,72)
(1002,92)
(1003,2)
(1004,8)
(1005,7)
(1006,50)
(1007,4)
(1008,1)
(1009,3)
(1014,109)
(1015,140)
(1016,105)
(1018,15)
(1019,20)
(1095,1)
(1097,24)
(1103,20)
(1104,18)
(1107,24)
(1108,10)
(1111,73)
(1113,63)
(1114,24)
(1059,2)
(1061,19)
(1062,15)
(1066,6)
(1067,7)
(1068,3)
(1069,10)
(1070,17)
(1072,2)
(1082,3)
(1084,6)
(1085,6)
(1087,33)
(1088,8)
(1089,21)
(1091,11)
(1092,26)
(1093,7)
(1115,127)
(1121,8)
(1122,19)
(1123,21)
(1164,90)
(1165,136)
(1166,93)
(1167,56)
(1168,25)
(10058,11)
(10062,13)
(10064,30)
(10065,16)
(10066,16)
(10068,25)
(10069,23)
(10070,35)
(10071,49)
(10082,34)
(10084,26)
(10085,37)
(10086,16)
(10087,31)
(10088,10)
(10089,26)
(10090,16)
(10091,28)
(10115,46)
(10116,11)
(10117,30)
(10118,36)
(10119,8)
(10120,18)
(10121,12)
(10122,10)
(10123,32)
(1169,21)
(1170,6)
(1171,40)
(1173,43)
(1175,44)
(1176,23)
(1177,38)
(1180,212)
(1181,12)
(10124,17)
(10127,50)
(10128,32)
(10130,31)
(10131,19)
(10132,17)
(10133,93)
(10134,13)
(10135,50)
(10408,6)
(10409,26)
(10410,65)
(10412,10)
(10414,19)
(10424,37)
(10568,31)
(10569,8)
(10570,1)
(10092,8)
(10093,51)
(10094,40)
(10095,29)
(10096,44)
(10097,27)
(10098,34)
(10099,18)
(10101,19)
(10104,20)
(10105,23)
(10106,9)
(10107,2)
(10108,13)
(10109,75)
(10111,6)
(10113,33)
(10114,11)
(10136,37)
(10140,50)
(10141,5)
(10142,26)
(10145,116)
(10146,56)
(10403,23)
(10405,21)
(10406,21)
(10571,10)
(10574,4)
(10575,1)
(10578,4)
(10580,1)
(10582,2)
(10585,2)
(10586,4)
