(72,4)
(73,14)
(74,1)
(75,8)
(77,5)
(78,60)
(79,10)
(82,12)
(83,4)
(120,11)
(121,8)
(122,16)
(124,14)
(126,2)
(127,2)
(129,58)
(132,18)
(133,11)
(225,13)
(226,80)
(227,23)
(228,73)
(229,36)
(230,56)
(231,26)
(232,99)
(233,55)
(275,34)
(277,5)
(387,2)
(388,25)
(520,2)
(570,44)
(571,7)
(572,10)
(573,3)
(1022,32)
(1023,43)
(1024,18)
(1025,24)
(1026,13)
(1027,2)
(1028,4)
(1029,29)
(1031,5)
(1033,28)
(1034,17)
(1035,2)
(1036,43)
(1037,52)
(1038,5)
(1039,24)
(1040,12)
(1041,19)
(1085,9)
(1087,38)
(1088,11)
(1089,13)
(1090,1)
(1091,16)
(1092,22)
(1093,8)
(1095,1)
(10056,55)
(10057,55)
(10058,23)
(10062,25)
(10064,38)
(10065,28)
(10066,25)
(10068,4)
(10069,22)
(10091,11)
(10092,3)
(10093,88)
(10094,10)
(10095,16)
(10096,23)
(10097,18)
(10098,14)
(10099,16)
(10123,8)
(10124,7)
(10127,78)
(10128,18)
(10130,5)
(10131,11)
(10132,11)
(10133,23)
(10134,36)
(10135,9)
(10136,60)
(10140,18)
(10141,3)
(10142,20)
(10145,100)
(10146,82)
(10403,25)
(10405,9)
(62,2)
(63,7)
(64,4)
(65,8)
(66,5)
(67,15)
(68,15)
(69,29)
(71,7)
(1,5)
(2,74)
(5,78)
(9,9)
(52,2)
(53,21)
(56,15)
(57,1)
(59,4)
(61,3)
(107,25)
(108,1)
(110,45)
(111,41)
(112,17)
(115,1)
(116,30)
(118,1)
(119,15)
(97,92)
(98,23)
(99,14)
(100,13)
(101,18)
(102,10)
(103,11)
(104,25)
(106,38)
(84,7)
(85,11)
(87,17)
(88,18)
(91,12)
(92,29)
(93,33)
(94,20)
(95,34)
(169,3)
(170,69)
(171,12)
(172,5)
(173,10)
(176,23)
(181,35)
(182,32)
(184,20)
(136,30)
(137,43)
(138,14)
(139,48)
(142,9)
(143,112)
(144,15)
(145,57)
(146,2)
(149,90)
(151,91)
(156,15)
(160,6)
(161,3)
(163,7)
(164,5)
(166,12)
(168,8)
(247,33)
(248,46)
(252,70)
(253,18)
(254,32)
(255,71)
(257,4)
(259,71)
(263,149)
(264,2)
(265,51)
(266,14)
(267,22)
(268,135)
(269,29)
(270,99)
(272,37)
(274,81)
(234,110)
(236,39)
(237,53)
(238,48)
(239,31)
(240,24)
(241,4)
(242,5)
(243,18)
(574,58)
(575,7)
(576,4)
(577,12)
(578,5)
(579,122)
(581,5)
(582,48)
(584,34)
(1042,26)
(1043,12)
(1045,2)
(1046,22)
(1047,4)
(1048,20)
(1049,13)
(1050,8)
(1051,6)
(1008,3)
(1009,5)
(1014,161)
(1015,159)
(1016,130)
(1018,13)
(1019,14)
(1020,18)
(1021,21)
(586,67)
(587,3)
(1001,116)
(1002,135)
(1003,1)
(1004,6)
(1005,10)
(1006,9)
(1007,3)
(1066,3)
(1067,2)
(1068,5)
(1069,7)
(1070,19)
(1072,5)
(1073,4)
(1074,13)
(1075,7)
(1052,9)
(1053,6)
(1054,2)
(1055,7)
(1056,9)
(1057,16)
(1059,1)
(1061,13)
(1062,18)
(1096,1)
(1097,15)
(1103,20)
(1104,33)
(1107,53)
(1108,9)
(1111,60)
(1113,59)
(1114,35)
(1076,12)
(1077,8)
(1078,2)
(1079,2)
(1080,3)
(1081,4)
(1082,3)
(1083,3)
(1084,12)
(1169,32)
(1170,47)
(1171,60)
(1173,52)
(1175,66)
(1176,34)
(1177,14)
(1180,163)
(1181,25)
(1115,100)
(1121,8)
(1122,64)
(1123,16)
(1164,76)
(1165,135)
(1166,182)
(1167,101)
(1168,28)
(1182,34)
(1184,4)
(1186,17)
(1187,86)
(1301,4)
(1302,11)
(1303,13)
(1413,50)
(1414,193)
(10070,29)
(10071,86)
(10072,18)
(10073,19)
(10075,10)
(10076,11)
(10077,6)
(10078,14)
(10079,12)
(1415,51)
(10002,16)
(10005,17)
(10006,9)
(10007,4)
(10013,89)
(10014,8)
(10017,6)
(10053,13)
(10571,2)
(10572,1)
(10574,4)
(10575,5)
(10580,11)
(10581,4)
(10585,2)
(10638,57)
(10080,47)
(10081,31)
(10082,9)
(10085,8)
(10086,33)
(10087,61)
(10088,18)
(10089,42)
(10090,4)
(10406,15)
(10408,10)
(10409,32)
(10410,78)
(10412,1)
(10414,8)
(10424,17)
(10568,49)
(10569,10)
(10101,10)
(10104,28)
(10105,2)
(10106,1)
(10107,2)
(10108,22)
(10109,55)
(10111,8)
(10113,16)
(10114,6)
(10115,48)
(10116,4)
(10117,67)
(10118,39)
(10119,20)
(10120,14)
(10121,12)
(10122,9)
