(69,2)
(73,4)
(78,2)
(79,1)
(82,1)
(124,1)
(127,1)
(129,2)
(132,1)
(133,1)
(184,1)
(226,16)
(227,1)
(228,3)
(229,1)
(254,1)
(255,8)
(259,11)
(263,9)
(264,1)
(1026,1)
(1034,1)
(1035,1)
(1036,1)
(1049,1)
(1051,2)
(1056,1)
(1062,1)
(1066,1)
(1068,1)
(1414,13)
(1415,2)
(10002,8)
(10005,5)
(10006,1)
(10007,3)
(10014,9)
(10053,3)
(10056,1)
(10057,2)
(62,1)
(63,1)
(65,1)
(67,1)
(68,1)
(107,3)
(111,1)
(112,4)
(120,1)
(84,2)
(87,2)
(92,1)
(93,1)
(95,1)
(170,1)
(171,2)
(179,1)
(181,2)
(182,1)
(137,2)
(138,1)
(139,1)
(143,5)
(144,2)
(243,1)
(247,5)
(248,4)
(252,4)
(253,1)
(1,5)
(2,4)
(5,2)
(9,1)
(53,1)
(270,12)
(272,2)
(274,6)
(275,2)
(571,1)
(230,3)
(231,2)
(232,5)
(233,1)
(265,1)
(266,2)
(267,1)
(268,1)
(269,3)
(584,1)
(587,1)
(589,1)
(1001,2)
(1002,5)
(97,3)
(100,1)
(103,4)
(104,3)
(106,3)
(1070,2)
(1072,3)
(1073,3)
(1074,1)
(145,3)
(149,4)
(156,1)
(163,2)
(166,3)
(1080,1)
(1085,1)
(1103,1)
(1107,2)
(1112,1)
(10065,1)
(10066,2)
(10068,1)
(10070,1)
(10071,1)
(234,2)
(236,4)
(237,3)
(240,1)
(242,1)
(10101,1)
(10105,1)
(10106,1)
(10109,2)
(574,2)
(575,1)
(579,4)
(581,1)
(1075,1)
(1076,1)
(1077,3)
(1078,1)
(1079,1)
(1121,1)
(1165,4)
(1166,6)
(1167,12)
(1168,3)
(1014,4)
(1015,5)
(1016,17)
(1022,2)
(1023,2)
(1186,4)
(1187,3)
(1301,2)
(1413,8)
(10113,1)
(10115,1)
(10118,3)
(10119,1)
(10120,2)
(1169,1)
(1170,4)
(1171,6)
(1173,7)
(1175,3)
(10133,2)
(10134,3)
(10135,1)
(10140,3)
(10142,2)
(1176,2)
(1177,2)
(1180,4)
(1181,14)
(1182,4)
(10145,22)
(10146,7)
(10408,1)
(10409,1)
(10410,1)
(10072,2)
(10080,3)
(10082,1)
(10086,3)
(10087,1)
(10414,1)
(10424,1)
(10568,1)
(10638,9)
(10088,3)
(10089,1)
(10091,3)
(10092,1)
(10097,3)
(10122,1)
(10124,1)
(10128,2)
(10130,1)
(10131,1)
