(59,5)
(60,6)
(62,5)
(63,7)
(64,10)
(65,4)
(66,7)
(67,15)
(68,23)
(104,9)
(106,19)
(107,20)
(110,31)
(111,19)
(112,38)
(115,24)
(116,12)
(118,4)
(168,11)
(169,2)
(170,75)
(171,11)
(172,14)
(173,6)
(176,23)
(179,24)
(181,56)
(263,58)
(264,7)
(265,11)
(266,11)
(267,13)
(268,24)
(269,19)
(270,62)
(1003,9)
(1004,3)
(1005,1)
(1006,11)
(1007,6)
(1009,2)
(1010,1)
(1014,94)
(1015,92)
(1016,48)
(1018,7)
(1019,9)
(1020,11)
(1021,8)
(1022,21)
(1023,25)
(1024,11)
(1025,9)
(1165,105)
(1166,90)
(1167,60)
(1168,14)
(1169,32)
(1170,36)
(1171,70)
(1173,23)
(1175,22)
(10017,10)
(10053,27)
(10056,34)
(10057,22)
(10058,5)
(10062,21)
(10064,29)
(10065,20)
(10066,15)
(10078,18)
(10079,28)
(10080,25)
(10081,10)
(10082,16)
(10084,5)
(10085,28)
(10086,15)
(10087,43)
(10088,23)
(10089,9)
(10090,8)
(10091,44)
(10092,14)
(10093,33)
(10094,24)
(10095,22)
(10096,20)
(83,5)
(84,11)
(85,8)
(86,1)
(87,35)
(88,8)
(91,6)
(92,16)
(93,18)
(133,9)
(136,27)
(137,30)
(138,20)
(139,25)
(142,5)
(143,95)
(144,25)
(145,64)
(69,29)
(71,8)
(72,11)
(73,20)
(74,6)
(75,14)
(78,39)
(79,6)
(82,22)
(119,9)
(120,14)
(121,1)
(122,14)
(124,33)
(126,4)
(127,12)
(129,41)
(132,7)
(1,52)
(2,63)
(5,14)
(9,1)
(11,9)
(52,5)
(53,21)
(56,20)
(57,16)
(233,10)
(234,13)
(236,25)
(237,6)
(238,4)
(239,20)
(240,22)
(241,11)
(242,15)
(94,19)
(95,21)
(97,42)
(98,5)
(99,2)
(100,15)
(101,10)
(102,14)
(103,31)
(182,18)
(225,7)
(226,33)
(227,5)
(228,21)
(229,8)
(230,30)
(231,1)
(232,50)
(572,17)
(573,9)
(574,17)
(575,32)
(576,16)
(577,1)
(578,7)
(579,27)
(581,8)
(272,18)
(274,47)
(275,34)
(277,1)
(388,6)
(520,2)
(522,1)
(570,19)
(571,21)
(146,6)
(149,117)
(151,32)
(156,10)
(160,2)
(161,10)
(163,5)
(164,5)
(166,13)
(1059,2)
(1061,5)
(1062,10)
(1066,7)
(1067,6)
(1068,5)
(1069,13)
(1070,17)
(1072,14)
(243,5)
(247,15)
(248,13)
(252,42)
(253,26)
(254,39)
(255,68)
(257,14)
(259,30)
(1036,32)
(1038,9)
(1039,6)
(1040,5)
(1041,9)
(1042,6)
(1043,4)
(1046,10)
(1047,2)
(1073,10)
(1074,10)
(1075,6)
(1076,6)
(1077,19)
(1078,7)
(1079,14)
(1080,14)
(1081,16)
(582,41)
(584,19)
(586,21)
(587,4)
(589,4)
(590,9)
(591,13)
(1001,31)
(1002,44)
(1082,14)
(1083,1)
(1084,9)
(1085,7)
(1087,22)
(1088,12)
(1089,4)
(1090,1)
(1091,5)
(1112,5)
(1113,20)
(1114,3)
(1115,38)
(1121,15)
(1122,3)
(1123,14)
(1164,3)
(1026,18)
(1027,9)
(1028,7)
(1029,5)
(1031,5)
(1032,1)
(1033,3)
(1034,19)
(1035,4)
(1302,12)
(1303,10)
(1413,35)
(1414,158)
(1415,10)
(10002,37)
(10007,29)
(10013,2)
(10014,25)
(1049,15)
(1050,3)
(1051,7)
(1052,4)
(1053,9)
(1054,4)
(1055,4)
(1056,5)
(1057,2)
(1176,10)
(1177,6)
(1180,58)
(1181,77)
(1182,51)
(1184,28)
(1186,6)
(1187,35)
(1301,50)
(10068,20)
(10069,10)
(10070,7)
(10071,38)
(10072,22)
(10073,2)
(10075,5)
(10076,33)
(10077,22)
(10120,41)
(10121,32)
(10122,15)
(10123,10)
(10124,1)
(10127,18)
(10128,15)
(10130,7)
(10131,9)
(1092,3)
(1095,1)
(1096,4)
(1097,14)
(1103,12)
(1104,6)
(1107,28)
(1108,5)
(1111,10)
(10132,21)
(10133,50)
(10134,70)
(10135,29)
(10136,35)
(10140,31)
(10141,11)
(10142,26)
(10145,61)
(10097,28)
(10098,46)
(10099,4)
(10101,12)
(10104,15)
(10105,5)
(10106,9)
(10107,16)
(10108,19)
(10146,86)
(10403,10)
(10405,3)
(10406,15)
(10408,13)
(10409,25)
(10410,7)
(10412,4)
(10414,22)
(10109,45)
(10111,16)
(10113,18)
(10114,4)
(10115,36)
(10116,30)
(10117,38)
(10118,14)
(10119,20)
(10424,33)
(10568,20)
(10569,13)
(10572,2)
(10581,1)
(10582,15)
(10583,2)
(10638,102)
