(72,9)
(73,11)
(74,9)
(75,17)
(77,4)
(78,29)
(79,5)
(82,14)
(83,6)
(120,8)
(121,10)
(122,18)
(124,45)
(126,11)
(127,17)
(128,1)
(129,37)
(132,25)
(182,25)
(184,8)
(225,43)
(226,34)
(227,9)
(228,37)
(229,31)
(230,83)
(231,4)
(272,22)
(275,20)
(277,2)
(387,9)
(388,28)
(520,1)
(522,3)
(570,60)
(571,26)
(582,39)
(584,9)
(586,58)
(587,15)
(589,6)
(1001,58)
(1002,74)
(1003,8)
(1004,7)
(1075,9)
(1076,6)
(1077,6)
(1078,9)
(1079,12)
(1080,3)
(1081,14)
(1082,24)
(1083,3)
(1095,7)
(1096,4)
(1097,16)
(1103,16)
(1104,1)
(1107,39)
(1108,7)
(1111,21)
(1112,9)
(1413,118)
(1414,140)
(1415,52)
(10002,46)
(10006,31)
(10007,61)
(10013,2)
(10014,84)
(10017,3)
(10099,6)
(10101,21)
(10104,38)
(10105,4)
(10106,7)
(10107,3)
(10108,22)
(10109,57)
(10111,15)
(62,10)
(63,5)
(64,5)
(65,2)
(66,20)
(67,10)
(68,13)
(69,25)
(71,10)
(1,63)
(2,76)
(5,16)
(9,19)
(52,10)
(53,15)
(56,18)
(57,12)
(59,9)
(60,3)
(107,23)
(108,1)
(110,20)
(111,16)
(112,26)
(115,8)
(116,8)
(118,8)
(119,10)
(97,82)
(98,9)
(99,6)
(100,13)
(101,17)
(102,8)
(103,30)
(104,6)
(106,15)
(168,12)
(169,3)
(170,42)
(171,32)
(172,35)
(173,26)
(176,15)
(179,36)
(181,80)
(146,6)
(149,118)
(151,46)
(156,21)
(160,3)
(161,11)
(163,19)
(164,16)
(166,19)
(84,11)
(85,11)
(87,20)
(88,4)
(91,6)
(92,19)
(93,24)
(94,20)
(95,16)
(242,24)
(243,12)
(247,33)
(248,33)
(252,64)
(253,53)
(254,47)
(255,32)
(257,10)
(259,115)
(263,121)
(264,8)
(265,21)
(266,18)
(267,20)
(268,37)
(269,31)
(270,151)
(133,10)
(136,27)
(137,19)
(138,21)
(139,27)
(142,8)
(143,67)
(144,29)
(145,32)
(1005,31)
(1006,24)
(1007,5)
(1009,5)
(1010,2)
(1014,125)
(1015,155)
(1016,115)
(1018,10)
(232,73)
(233,9)
(234,19)
(236,36)
(237,7)
(238,7)
(239,15)
(240,79)
(241,1)
(1050,5)
(1051,2)
(1052,3)
(1053,2)
(1054,4)
(1055,2)
(1056,3)
(1057,9)
(1061,22)
(1062,12)
(1066,5)
(1067,10)
(1068,4)
(1069,7)
(1070,14)
(1072,9)
(1073,6)
(1074,6)
(1028,48)
(1029,21)
(1031,10)
(1033,1)
(1034,30)
(1035,7)
(1036,29)
(1037,36)
(1038,2)
(1039,19)
(572,6)
(573,17)
(574,41)
(575,23)
(576,20)
(577,4)
(578,8)
(579,28)
(581,10)
(1019,10)
(1020,8)
(1021,9)
(1022,22)
(1023,16)
(1024,13)
(1025,24)
(1026,25)
(1027,32)
(1167,49)
(1168,19)
(1169,24)
(1170,37)
(1171,143)
(1173,43)
(1175,42)
(1176,20)
(1177,17)
(1180,77)
(1181,158)
(1182,78)
(1184,15)
(1186,12)
(1187,41)
(1301,38)
(1302,6)
(1303,5)
(10053,10)
(10056,46)
(10057,62)
(10058,27)
(10062,21)
(10064,34)
(10065,15)
(10066,26)
(10068,7)
(10069,16)
(10070,21)
(10071,33)
(10072,25)
(10073,22)
(10075,15)
(10076,12)
(10077,12)
(10078,9)
(10113,25)
(10114,2)
(10115,42)
(10116,5)
(10117,32)
(10118,54)
(10119,19)
(10120,16)
(10121,6)
(1040,6)
(1041,10)
(1042,11)
(1043,10)
(1045,3)
(1046,17)
(1047,3)
(1048,5)
(1049,6)
(10090,3)
(10091,22)
(10092,13)
(10093,61)
(10094,5)
(10095,4)
(10096,3)
(10097,29)
(10098,4)
(1084,8)
(1085,6)
(1087,36)
(1088,25)
(1089,16)
(1090,2)
(1091,11)
(1092,13)
(1093,1)
(10135,4)
(10136,41)
(10140,30)
(10141,1)
(10142,17)
(10145,133)
(10146,43)
(10403,18)
(10405,5)
(1113,24)
(1114,13)
(1115,75)
(1121,12)
(1122,25)
(1123,29)
(1164,15)
(1165,115)
(1166,134)
(10079,29)
(10080,24)
(10081,7)
(10082,23)
(10085,10)
(10086,35)
(10087,39)
(10088,33)
(10089,8)
(10122,11)
(10123,6)
(10124,1)
(10127,55)
(10128,3)
(10130,2)
(10132,7)
(10133,27)
(10134,51)
(10406,19)
(10408,1)
(10409,3)
(10410,25)
(10412,6)
(10414,4)
(10424,4)
(10568,34)
(10569,8)
(10570,1)
(10571,4)
(10575,1)
(10580,2)
(10581,4)
(10582,20)
(10583,1)
(10584,2)
(10638,65)
