(82,10)
(83,5)
(84,11)
(85,9)
(86,1)
(87,17)
(88,10)
(91,3)
(92,10)
(127,17)
(129,48)
(132,25)
(133,6)
(136,30)
(137,30)
(138,26)
(139,19)
(227,7)
(228,40)
(229,31)
(230,50)
(231,3)
(232,76)
(233,11)
(234,14)
(236,17)
(275,39)
(387,12)
(388,34)
(520,6)
(570,54)
(571,14)
(572,11)
(573,10)
(574,43)
(1061,20)
(1062,8)
(1066,3)
(1067,10)
(1068,5)
(1069,8)
(1070,11)
(1072,14)
(1073,1)
(1177,10)
(1180,128)
(1181,165)
(1182,71)
(1184,26)
(1186,6)
(1187,28)
(1301,41)
(1302,9)
(1303,6)
(1413,94)
(1414,162)
(1415,38)
(10002,39)
(10005,1)
(10006,34)
(10007,65)
(10014,88)
(10017,10)
(10053,8)
(10056,36)
(10057,36)
(10058,32)
(10062,29)
(10064,42)
(10065,14)
(60,5)
(62,6)
(63,3)
(64,4)
(65,4)
(66,9)
(67,11)
(68,24)
(69,28)
(1,61)
(2,56)
(5,25)
(9,15)
(52,15)
(53,20)
(56,13)
(57,16)
(59,5)
(103,31)
(104,10)
(106,16)
(107,24)
(108,2)
(110,25)
(111,17)
(112,19)
(93,26)
(94,39)
(95,24)
(97,84)
(98,16)
(99,4)
(100,14)
(101,13)
(102,11)
(142,14)
(143,51)
(144,30)
(145,43)
(146,3)
(149,130)
(151,56)
(156,10)
(160,1)
(71,9)
(72,7)
(73,18)
(74,8)
(75,6)
(77,2)
(78,56)
(79,7)
(161,4)
(163,16)
(164,11)
(166,18)
(168,19)
(169,4)
(170,49)
(171,27)
(237,12)
(238,16)
(239,30)
(240,66)
(241,1)
(242,15)
(243,5)
(247,36)
(248,9)
(252,64)
(253,59)
(254,44)
(255,49)
(257,8)
(259,106)
(263,158)
(264,9)
(115,12)
(116,5)
(118,3)
(119,16)
(120,7)
(121,8)
(122,18)
(124,41)
(126,13)
(575,26)
(576,32)
(577,2)
(578,3)
(579,28)
(581,15)
(582,44)
(584,18)
(586,74)
(172,30)
(173,23)
(176,24)
(179,37)
(181,93)
(182,26)
(184,12)
(225,18)
(226,30)
(1021,13)
(1022,18)
(1023,16)
(1024,12)
(1025,38)
(1026,22)
(1027,22)
(1028,35)
(265,37)
(266,23)
(267,4)
(268,33)
(269,32)
(270,145)
(272,37)
(274,48)
(1040,12)
(1041,5)
(1042,17)
(1043,15)
(1045,1)
(1046,25)
(1047,4)
(1048,7)
(1049,4)
(587,28)
(589,18)
(1001,61)
(1002,73)
(1003,17)
(1004,5)
(1005,27)
(1006,22)
(1007,5)
(1009,1)
(1010,2)
(1014,127)
(1015,147)
(1016,104)
(1018,20)
(1019,12)
(1020,7)
(1050,7)
(1052,5)
(1053,7)
(1054,4)
(1055,2)
(1056,7)
(1057,8)
(1059,1)
(1082,26)
(1083,5)
(1084,8)
(1085,9)
(1087,12)
(1088,16)
(1089,9)
(1090,2)
(1091,14)
(1113,32)
(1114,9)
(1115,74)
(1121,19)
(1122,32)
(1123,19)
(1164,22)
(1165,158)
(1166,158)
(1167,72)
(1168,23)
(1169,19)
(1170,38)
(1171,115)
(1173,52)
(1175,37)
(1176,19)
(1029,12)
(1031,4)
(1033,2)
(1034,25)
(1035,7)
(1036,22)
(1037,30)
(1038,4)
(1039,20)
(10066,17)
(10069,9)
(10070,9)
(10071,25)
(10072,26)
(10073,27)
(10075,17)
(10078,16)
(1074,6)
(1075,8)
(1076,9)
(1077,14)
(1078,11)
(1079,4)
(1080,7)
(1081,17)
(10132,9)
(10133,5)
(10134,41)
(10136,43)
(10140,31)
(10141,3)
(10142,22)
(10145,111)
(10108,27)
(10109,59)
(10111,10)
(10113,26)
(10114,4)
(10115,39)
(10117,36)
(10118,48)
(10568,41)
(10569,8)
(10570,1)
(10571,1)
(10581,2)
(10582,15)
(10585,7)
(10638,81)
(1092,18)
(1096,3)
(1097,21)
(1103,12)
(1104,2)
(1107,32)
(1108,8)
(1111,22)
(1112,3)
(10079,27)
(10080,43)
(10081,5)
(10082,22)
(10086,32)
(10087,39)
(10088,21)
(10089,16)
(10092,12)
(10093,27)
(10095,34)
(10096,29)
(10097,20)
(10098,70)
(10099,9)
(10101,17)
(10104,28)
(10106,6)
(10119,21)
(10120,15)
(10121,18)
(10122,9)
(10123,3)
(10127,56)
(10128,19)
(10130,14)
(10131,27)
(10146,52)
(10403,18)
(10405,9)
(10406,12)
(10408,20)
(10409,25)
(10410,16)
(10412,6)
(10424,33)
