(72,3)
(73,2)
(74,3)
(75,2)
(78,9)
(79,4)
(82,5)
(84,2)
(119,7)
(120,5)
(122,1)
(124,3)
(127,3)
(129,11)
(132,6)
(136,9)
(182,2)
(184,2)
(225,1)
(226,16)
(228,7)
(229,5)
(230,6)
(267,6)
(268,10)
(270,19)
(272,4)
(274,12)
(275,11)
(388,1)
(520,1)
(1003,2)
(1004,2)
(1006,2)
(1009,1)
(1014,21)
(1015,27)
(1016,12)
(1018,1)
(1062,3)
(1066,5)
(1067,5)
(1068,3)
(1069,4)
(1070,4)
(1072,6)
(1073,4)
(1082,2)
(1084,1)
(1087,3)
(1088,1)
(1089,1)
(1091,1)
(1097,2)
(1103,5)
(1301,11)
(1302,2)
(1413,18)
(1414,53)
(1415,8)
(10002,19)
(10005,15)
(10006,7)
(10146,16)
(10403,3)
(10405,1)
(10406,11)
(10408,3)
(10409,7)
(10410,4)
(10412,1)
(10414,6)
(10424,9)
(10568,10)
(10569,5)
(10580,1)
(10582,4)
(10638,20)
(1,10)
(2,45)
(5,2)
(9,4)
(52,4)
(53,8)
(56,3)
(57,4)
(85,6)
(87,9)
(88,4)
(91,1)
(92,2)
(93,9)
(94,4)
(95,7)
(97,17)
(98,6)
(99,6)
(100,4)
(101,2)
(102,5)
(103,5)
(104,5)
(137,11)
(138,7)
(139,10)
(142,2)
(143,18)
(144,9)
(145,13)
(149,47)
(59,2)
(62,1)
(63,3)
(64,4)
(66,2)
(67,2)
(68,10)
(69,7)
(151,11)
(156,4)
(160,1)
(161,3)
(163,4)
(164,3)
(166,5)
(168,2)
(106,10)
(107,6)
(110,3)
(111,10)
(112,14)
(115,8)
(116,1)
(118,4)
(231,2)
(232,12)
(233,3)
(234,1)
(236,11)
(237,4)
(238,1)
(239,6)
(240,6)
(241,1)
(242,9)
(243,2)
(247,7)
(248,4)
(252,20)
(253,14)
(169,3)
(170,18)
(171,8)
(172,4)
(173,8)
(176,6)
(179,12)
(181,27)
(522,1)
(571,1)
(572,2)
(573,2)
(574,4)
(575,7)
(576,4)
(578,1)
(1031,2)
(1034,4)
(1035,4)
(1036,6)
(1038,2)
(1039,3)
(1041,1)
(1042,4)
(579,11)
(581,2)
(582,8)
(584,1)
(586,2)
(589,7)
(1001,8)
(1002,8)
(254,9)
(255,22)
(257,2)
(259,10)
(263,13)
(264,2)
(265,8)
(266,3)
(1043,3)
(1045,1)
(1046,6)
(1047,2)
(1049,1)
(1050,1)
(1051,1)
(1175,8)
(1176,1)
(1180,16)
(1181,37)
(1182,22)
(1184,6)
(1186,2)
(1187,8)
(1022,6)
(1023,12)
(1024,2)
(1025,1)
(1026,11)
(1027,1)
(1028,3)
(1029,2)
(10007,8)
(10014,5)
(10017,4)
(10053,8)
(10056,8)
(10057,9)
(10058,7)
(10062,4)
(1104,1)
(1107,13)
(1108,2)
(1111,3)
(1113,4)
(1114,1)
(1115,7)
(1121,4)
(1052,3)
(1053,1)
(1054,1)
(1055,1)
(1056,5)
(1057,3)
(1059,2)
(1061,3)
(10064,9)
(10065,6)
(10066,9)
(10068,1)
(10069,3)
(10070,5)
(10071,9)
(10072,12)
(10073,7)
(10075,5)
(10076,8)
(10077,8)
(10078,11)
(10079,7)
(10080,15)
(1074,5)
(1075,3)
(1076,5)
(1077,11)
(1078,2)
(1079,6)
(1080,5)
(1081,2)
(10122,8)
(10123,4)
(10124,3)
(10127,6)
(10128,2)
(10130,3)
(10131,6)
(10132,5)
(1123,2)
(1165,31)
(1166,11)
(1167,15)
(1169,2)
(1170,4)
(1171,17)
(1173,4)
(10099,2)
(10104,5)
(10105,3)
(10106,5)
(10107,3)
(10108,6)
(10109,9)
(10111,3)
(10113,4)
(10115,7)
(10116,8)
(10117,2)
(10118,5)
(10119,5)
(10120,10)
(10121,11)
(10081,2)
(10082,9)
(10085,3)
(10086,4)
(10087,6)
(10088,8)
(10089,3)
(10090,1)
(10133,9)
(10134,9)
(10135,5)
(10136,13)
(10140,9)
(10141,1)
(10142,10)
(10145,20)
(10091,14)
(10092,1)
(10093,12)
(10094,12)
(10095,4)
(10096,7)
(10097,8)
(10098,10)
