(71,9)
(72,10)
(73,17)
(74,13)
(75,4)
(77,3)
(78,40)
(79,17)
(82,7)
(120,5)
(121,6)
(122,17)
(124,13)
(126,5)
(127,3)
(129,62)
(132,25)
(133,19)
(184,14)
(225,7)
(226,83)
(227,16)
(228,103)
(229,54)
(230,85)
(231,21)
(232,74)
(274,74)
(275,37)
(277,9)
(387,2)
(388,24)
(520,7)
(522,1)
(570,30)
(571,12)
(1018,12)
(1019,14)
(1020,14)
(1021,15)
(1022,13)
(1023,37)
(1024,5)
(1025,22)
(1026,11)
(1072,11)
(1073,7)
(1074,7)
(1075,11)
(1076,8)
(1077,11)
(1078,6)
(1079,5)
(1080,3)
(1111,77)
(1113,71)
(1114,17)
(1115,111)
(1121,9)
(1122,32)
(1123,7)
(1164,66)
(1165,151)
(10066,27)
(10068,8)
(10069,32)
(10070,20)
(10071,67)
(10072,9)
(10073,19)
(10075,7)
(10076,10)
(10077,10)
(10078,12)
(10079,12)
(10080,57)
(10081,22)
(10082,12)
(10085,6)
(10086,35)
(10087,38)
(1,5)
(2,85)
(5,58)
(9,3)
(52,2)
(53,14)
(56,15)
(57,5)
(59,1)
(60,1)
(95,51)
(97,76)
(98,15)
(99,8)
(100,13)
(101,16)
(102,11)
(103,16)
(104,11)
(149,70)
(151,66)
(156,20)
(160,14)
(161,2)
(163,2)
(164,11)
(166,15)
(168,7)
(61,2)
(62,3)
(63,6)
(64,8)
(65,5)
(66,3)
(67,16)
(68,24)
(69,29)
(243,19)
(247,35)
(248,30)
(252,75)
(253,27)
(254,18)
(255,71)
(257,4)
(259,54)
(106,46)
(107,27)
(110,40)
(111,43)
(112,28)
(115,2)
(116,12)
(118,1)
(119,20)
(83,4)
(84,13)
(85,14)
(87,18)
(88,19)
(91,9)
(92,14)
(93,40)
(94,31)
(582,54)
(584,28)
(586,95)
(587,3)
(589,2)
(1001,80)
(1002,135)
(1003,1)
(1004,10)
(169,5)
(170,64)
(171,9)
(172,10)
(173,5)
(176,21)
(179,1)
(181,37)
(182,25)
(136,32)
(137,41)
(138,18)
(139,36)
(142,7)
(143,103)
(144,13)
(145,63)
(146,5)
(1038,7)
(1039,24)
(1040,14)
(1041,16)
(1042,20)
(1043,13)
(1045,1)
(1046,25)
(1047,5)
(1057,13)
(1059,7)
(1061,10)
(1062,13)
(1066,7)
(1067,16)
(1068,8)
(1069,14)
(1070,19)
(233,52)
(234,124)
(236,42)
(237,52)
(238,45)
(239,28)
(240,9)
(241,1)
(242,13)
(263,155)
(264,8)
(265,65)
(266,6)
(267,35)
(268,119)
(269,29)
(270,108)
(272,26)
(1091,18)
(1092,28)
(1093,7)
(1096,2)
(1097,20)
(1103,26)
(1104,27)
(1107,37)
(1108,10)
(10014,10)
(10017,8)
(10053,7)
(10056,66)
(10057,54)
(10058,21)
(10062,27)
(10064,33)
(10065,27)
(572,7)
(573,3)
(574,48)
(575,22)
(576,3)
(577,6)
(578,9)
(579,126)
(581,12)
(1166,140)
(1167,79)
(1168,35)
(1169,30)
(1170,28)
(1171,45)
(1173,56)
(1175,44)
(1176,35)
(1005,6)
(1006,9)
(1007,2)
(1008,1)
(1009,4)
(1010,2)
(1014,153)
(1015,164)
(1016,108)
(10088,18)
(10089,25)
(10090,9)
(10091,15)
(10092,4)
(10093,62)
(10094,13)
(10095,17)
(10096,24)
(1177,28)
(1180,131)
(1181,14)
(1182,37)
(1184,7)
(1186,13)
(1187,91)
(1301,1)
(1302,5)
(10097,23)
(10098,20)
(10099,18)
(10101,12)
(10104,17)
(10105,4)
(10106,6)
(10107,1)
(10108,19)
(1027,11)
(1028,4)
(1029,41)
(1031,7)
(1033,18)
(1034,25)
(1035,5)
(1036,37)
(1037,36)
(1303,9)
(1413,45)
(1414,177)
(1415,45)
(10002,24)
(10005,13)
(10006,21)
(10007,4)
(10013,81)
(1048,18)
(1049,9)
(1050,5)
(1051,6)
(1052,4)
(1053,12)
(1054,2)
(1055,13)
(1056,7)
(10424,19)
(10568,41)
(10569,8)
(10574,2)
(10575,2)
(10580,7)
(10581,2)
(10582,3)
(10638,46)
(1081,14)
(1082,4)
(1083,4)
(1084,17)
(1085,19)
(1087,44)
(1088,13)
(1089,15)
(1090,1)
(10109,62)
(10111,12)
(10113,25)
(10114,7)
(10115,50)
(10116,3)
(10117,49)
(10118,40)
(10119,18)
(10120,13)
(10121,17)
(10122,8)
(10123,13)
(10124,3)
(10127,57)
(10128,29)
(10130,14)
(10131,7)
(10132,10)
(10133,28)
(10134,40)
(10135,8)
(10136,48)
(10140,17)
(10141,1)
(10142,25)
(10145,98)
(10146,89)
(10403,26)
(10405,5)
(10406,14)
(10408,7)
(10409,22)
(10410,68)
(10412,1)
(10414,8)
