(71,4)
(72,9)
(73,9)
(74,4)
(75,9)
(77,1)
(78,41)
(79,1)
(82,13)
(119,12)
(120,7)
(121,1)
(122,6)
(124,25)
(126,2)
(127,13)
(129,29)
(132,9)
(182,18)
(225,6)
(226,26)
(227,4)
(228,16)
(229,14)
(230,21)
(231,1)
(232,30)
(274,61)
(275,32)
(387,1)
(388,7)
(520,3)
(522,3)
(570,11)
(571,12)
(572,10)
(1062,7)
(1066,6)
(1067,5)
(1068,10)
(1069,19)
(1070,13)
(1072,21)
(1073,11)
(1074,9)
(1075,6)
(1076,8)
(1077,12)
(1078,8)
(1079,7)
(1080,17)
(1081,10)
(1082,16)
(1083,5)
(10057,17)
(10058,11)
(10062,23)
(10064,41)
(10065,17)
(10066,33)
(10068,12)
(10069,13)
(10070,7)
(10071,21)
(10072,23)
(10073,18)
(10075,10)
(10076,35)
(10077,20)
(10078,15)
(10079,21)
(10080,22)
(59,1)
(60,2)
(62,2)
(63,5)
(64,9)
(66,12)
(67,4)
(68,19)
(69,16)
(1,59)
(2,40)
(5,9)
(9,10)
(11,9)
(52,8)
(53,14)
(56,14)
(57,9)
(95,12)
(97,54)
(98,15)
(99,3)
(100,6)
(101,9)
(102,9)
(103,25)
(104,8)
(106,13)
(107,25)
(108,1)
(110,20)
(111,21)
(112,43)
(115,13)
(116,14)
(118,2)
(168,8)
(169,3)
(170,57)
(171,14)
(172,11)
(173,11)
(176,15)
(179,26)
(181,58)
(146,1)
(149,68)
(151,25)
(156,4)
(160,1)
(163,2)
(164,7)
(166,16)
(83,7)
(84,4)
(85,7)
(87,29)
(88,8)
(91,7)
(92,15)
(93,17)
(94,22)
(133,6)
(136,22)
(137,38)
(138,16)
(139,23)
(142,4)
(143,84)
(144,27)
(145,56)
(263,39)
(264,6)
(265,10)
(266,11)
(267,11)
(268,18)
(269,7)
(270,45)
(272,15)
(233,1)
(234,5)
(236,36)
(237,4)
(238,6)
(239,15)
(240,23)
(241,3)
(242,4)
(243,9)
(247,13)
(248,20)
(252,48)
(253,24)
(254,39)
(255,37)
(257,7)
(259,15)
(584,15)
(586,19)
(587,2)
(589,7)
(590,4)
(591,19)
(1001,26)
(1002,35)
(1027,9)
(1028,11)
(1029,5)
(1031,4)
(1033,2)
(1034,11)
(1035,1)
(1036,35)
(1038,6)
(573,7)
(574,41)
(575,20)
(576,2)
(577,5)
(578,8)
(579,21)
(581,8)
(582,34)
(1018,5)
(1019,6)
(1020,9)
(1021,9)
(1022,26)
(1023,28)
(1024,7)
(1025,10)
(1026,18)
(1050,3)
(1051,4)
(1052,6)
(1053,7)
(1054,1)
(1055,2)
(1056,8)
(1057,2)
(1061,3)
(1003,10)
(1004,2)
(1005,1)
(1006,6)
(1007,1)
(1008,1)
(1014,57)
(1015,81)
(1016,46)
(1169,18)
(1170,29)
(1171,56)
(1173,11)
(1175,16)
(1176,7)
(1177,6)
(1180,55)
(1181,68)
(1039,4)
(1040,2)
(1041,5)
(1042,12)
(1043,3)
(1046,13)
(1047,1)
(1048,1)
(1049,8)
(1084,11)
(1085,1)
(1087,15)
(1088,7)
(1089,7)
(1091,4)
(1092,4)
(1093,1)
(1096,1)
(1097,7)
(1103,5)
(1104,4)
(1107,27)
(1108,6)
(1111,11)
(1112,3)
(1113,9)
(1182,49)
(1184,21)
(1186,8)
(1187,31)
(1301,35)
(1302,13)
(1303,6)
(1413,51)
(1414,112)
(1114,3)
(1115,30)
(1121,17)
(1122,4)
(1123,17)
(1165,103)
(1166,57)
(1167,36)
(1168,11)
(10081,5)
(10082,21)
(10084,6)
(10085,16)
(10086,15)
(10087,36)
(10088,21)
(10089,10)
(10099,9)
(10101,4)
(10104,18)
(10105,9)
(10106,8)
(10107,10)
(10108,19)
(10109,36)
(10111,7)
(1415,7)
(10002,28)
(10005,1)
(10007,5)
(10013,2)
(10014,27)
(10017,4)
(10053,16)
(10056,34)
(10090,6)
(10091,30)
(10092,9)
(10093,16)
(10094,15)
(10095,26)
(10096,19)
(10097,41)
(10098,38)
(10134,37)
(10135,17)
(10136,27)
(10140,34)
(10141,3)
(10142,31)
(10145,51)
(10146,59)
(10403,2)
(10113,6)
(10114,3)
(10115,12)
(10116,14)
(10117,22)
(10118,16)
(10119,19)
(10120,45)
(10121,34)
(10122,16)
(10123,10)
(10124,4)
(10127,30)
(10128,12)
(10130,5)
(10131,19)
(10132,23)
(10133,46)
(10569,20)
(10572,1)
(10575,1)
(10580,1)
(10581,1)
(10582,14)
(10583,1)
(10638,36)
(10405,5)
(10406,5)
(10408,14)
(10409,18)
(10410,14)
(10412,2)
(10414,14)
(10424,30)
(10568,12)
