(83,8)
(84,11)
(85,7)
(86,3)
(87,13)
(88,13)
(91,5)
(92,17)
(93,20)
(132,22)
(133,8)
(136,37)
(137,22)
(138,23)
(139,27)
(142,18)
(143,44)
(144,49)
(231,2)
(232,64)
(233,7)
(234,8)
(236,24)
(237,8)
(238,11)
(239,17)
(240,73)
(522,3)
(570,57)
(571,31)
(572,19)
(573,17)
(574,47)
(575,22)
(576,34)
(577,4)
(578,7)
(579,25)
(581,14)
(582,68)
(584,20)
(586,75)
(587,15)
(589,19)
(1001,66)
(1002,68)
(1003,13)
(1004,4)
(1005,29)
(1006,30)
(1007,6)
(1009,1)
(1010,2)
(1014,131)
(1170,22)
(1171,93)
(1173,41)
(1175,32)
(1176,24)
(1177,19)
(1180,95)
(1181,184)
(1182,74)
(10002,53)
(10005,1)
(10006,23)
(10007,69)
(10013,1)
(10014,63)
(10017,5)
(10053,13)
(10056,46)
(10071,25)
(10072,26)
(10073,28)
(10075,11)
(10076,27)
(10077,3)
(10078,11)
(10079,9)
(10080,35)
(10081,2)
(10082,12)
(10085,33)
(10086,29)
(10087,36)
(10088,23)
(10089,16)
(10091,12)
(10092,6)
(60,5)
(62,6)
(63,3)
(64,12)
(65,2)
(66,7)
(67,11)
(68,11)
(69,30)
(71,13)
(72,11)
(73,16)
(74,11)
(75,10)
(77,2)
(78,48)
(79,3)
(82,18)
(1,46)
(2,86)
(5,21)
(9,14)
(52,14)
(53,13)
(56,6)
(57,13)
(59,5)
(118,6)
(119,6)
(120,7)
(121,2)
(122,17)
(124,57)
(126,18)
(127,10)
(129,35)
(94,26)
(95,18)
(97,68)
(98,4)
(99,14)
(100,13)
(101,15)
(102,11)
(103,30)
(104,16)
(106,11)
(107,30)
(108,4)
(110,15)
(111,20)
(112,24)
(115,14)
(116,4)
(145,40)
(146,3)
(149,112)
(151,65)
(156,11)
(160,4)
(161,5)
(163,27)
(164,10)
(166,19)
(168,20)
(169,2)
(170,67)
(171,21)
(172,27)
(173,21)
(176,22)
(179,40)
(181,64)
(182,23)
(184,11)
(225,23)
(226,40)
(227,12)
(228,40)
(229,26)
(230,45)
(257,8)
(259,85)
(263,147)
(264,6)
(265,22)
(266,11)
(267,2)
(268,22)
(269,35)
(270,112)
(272,26)
(274,32)
(275,36)
(277,1)
(387,2)
(388,16)
(520,4)
(241,4)
(242,15)
(243,10)
(247,37)
(248,25)
(252,48)
(253,55)
(254,48)
(255,41)
(1055,6)
(1056,7)
(1057,5)
(1059,2)
(1061,16)
(1062,14)
(1066,5)
(1067,11)
(1068,4)
(1025,30)
(1026,21)
(1027,18)
(1028,42)
(1029,14)
(1031,3)
(1033,5)
(1034,33)
(1035,6)
(1015,131)
(1016,118)
(1018,6)
(1019,11)
(1020,7)
(1021,8)
(1022,26)
(1023,27)
(1024,7)
(1046,20)
(1047,7)
(1048,4)
(1049,9)
(1050,3)
(1051,4)
(1052,6)
(1053,8)
(1054,2)
(1079,6)
(1080,7)
(1081,19)
(1082,23)
(1083,2)
(1084,10)
(1085,12)
(1087,14)
(1088,6)
(1036,29)
(1037,36)
(1038,5)
(1039,14)
(1040,11)
(1041,6)
(1042,13)
(1043,12)
(1045,1)
(1069,5)
(1070,8)
(1072,10)
(1073,1)
(1074,4)
(1075,4)
(1076,10)
(1077,7)
(1078,6)
(1121,19)
(1122,33)
(1123,24)
(1164,10)
(1165,131)
(1166,146)
(1167,57)
(1168,25)
(1169,26)
(1104,2)
(1107,33)
(1108,8)
(1111,16)
(1112,1)
(1113,36)
(1114,4)
(1115,80)
(1089,20)
(1090,2)
(1091,7)
(1092,5)
(1093,1)
(1095,1)
(1096,2)
(1097,9)
(1103,16)
(1184,37)
(1186,12)
(1187,30)
(1301,44)
(1302,4)
(1303,6)
(1413,123)
(1414,151)
(1415,34)
(10093,45)
(10095,50)
(10096,48)
(10097,12)
(10098,69)
(10099,6)
(10101,13)
(10104,32)
(10105,3)
(10057,35)
(10058,18)
(10062,26)
(10064,53)
(10065,13)
(10066,15)
(10068,11)
(10069,15)
(10070,18)
(10132,2)
(10133,25)
(10134,49)
(10135,8)
(10136,43)
(10140,18)
(10141,1)
(10142,4)
(10145,121)
(10106,5)
(10108,36)
(10109,72)
(10111,13)
(10113,15)
(10114,2)
(10115,50)
(10117,31)
(10118,38)
(10568,25)
(10569,8)
(10574,1)
(10580,2)
(10581,4)
(10582,15)
(10583,4)
(10638,92)
(10119,19)
(10120,13)
(10121,5)
(10122,6)
(10123,2)
(10127,48)
(10128,15)
(10130,11)
(10131,22)
(10146,56)
(10403,17)
(10405,6)
(10406,7)
(10408,21)
(10409,28)
(10410,20)
(10412,8)
(10424,28)
