(82,4)
(85,2)
(87,10)
(88,4)
(91,1)
(92,7)
(93,3)
(94,9)
(136,3)
(137,5)
(138,5)
(139,4)
(142,6)
(143,16)
(144,4)
(145,11)
(231,3)
(232,10)
(233,5)
(234,22)
(236,15)
(237,12)
(238,10)
(239,10)
(570,1)
(571,6)
(572,2)
(574,7)
(575,3)
(576,3)
(577,7)
(578,1)
(1001,16)
(1002,12)
(1004,1)
(1005,4)
(1006,2)
(1009,3)
(1014,15)
(1015,46)
(1068,1)
(1069,11)
(1070,7)
(1072,1)
(1073,3)
(1074,1)
(1076,3)
(1077,3)
(1079,7)
(1080,3)
(1081,2)
(1082,2)
(1083,1)
(1084,3)
(1087,9)
(1088,3)
(1089,1)
(1091,1)
(1092,2)
(1097,6)
(1103,8)
(1104,7)
(1107,13)
(1108,1)
(10105,6)
(10106,4)
(10107,4)
(10108,2)
(10109,15)
(10111,2)
(10113,5)
(10114,3)
(10115,11)
(10116,1)
(10117,5)
(10118,7)
(10119,2)
(10120,6)
(10121,7)
(10122,2)
(10133,9)
(10134,10)
(10135,10)
(10136,11)
(10140,8)
(10141,1)
(10142,6)
(10145,19)
(10414,2)
(10424,11)
(10568,7)
(10569,2)
(10572,2)
(10581,1)
(10638,12)
(1,9)
(2,19)
(5,6)
(9,1)
(11,4)
(53,2)
(56,4)
(57,2)
(69,10)
(71,1)
(72,3)
(73,13)
(74,2)
(75,10)
(78,3)
(79,2)
(59,3)
(61,2)
(62,3)
(63,1)
(65,3)
(66,1)
(67,5)
(68,6)
(119,3)
(121,1)
(122,1)
(124,2)
(127,2)
(129,11)
(132,1)
(133,3)
(95,13)
(97,23)
(98,3)
(99,1)
(100,3)
(102,1)
(103,5)
(104,1)
(182,2)
(225,2)
(226,13)
(227,5)
(228,10)
(229,8)
(230,13)
(106,7)
(107,6)
(108,1)
(110,9)
(111,3)
(112,2)
(115,1)
(116,8)
(146,1)
(149,17)
(151,10)
(156,2)
(160,13)
(161,2)
(164,3)
(166,3)
(168,4)
(169,3)
(170,7)
(171,1)
(172,1)
(173,2)
(176,4)
(181,5)
(268,21)
(269,2)
(270,10)
(272,2)
(274,22)
(275,8)
(388,1)
(520,3)
(240,5)
(241,4)
(242,2)
(243,1)
(247,4)
(248,4)
(252,10)
(253,1)
(254,12)
(255,23)
(257,2)
(259,9)
(263,15)
(265,9)
(266,1)
(267,6)
(579,20)
(581,4)
(582,15)
(584,5)
(586,3)
(589,3)
(590,5)
(591,7)
(1051,1)
(1053,1)
(1054,1)
(1057,1)
(1059,1)
(1061,3)
(1062,1)
(1066,3)
(1026,6)
(1027,1)
(1028,3)
(1029,5)
(1033,3)
(1034,4)
(1035,3)
(1036,4)
(1111,12)
(1113,3)
(1114,7)
(1115,43)
(1121,2)
(1123,1)
(1164,49)
(1165,44)
(1016,10)
(1018,2)
(1019,11)
(1021,2)
(1022,4)
(1023,5)
(1024,9)
(1025,5)
(1176,5)
(1177,9)
(1180,13)
(1181,6)
(1182,8)
(1184,2)
(1186,1)
(1187,16)
(1039,5)
(1042,1)
(1043,3)
(1046,2)
(1047,2)
(1049,1)
(1050,2)
(1166,10)
(1167,7)
(1168,12)
(1169,4)
(1170,4)
(1171,14)
(1173,5)
(1175,4)
(1302,3)
(1303,1)
(1413,7)
(1414,38)
(1415,2)
(10002,3)
(10005,5)
(10013,13)
(10075,1)
(10076,7)
(10077,3)
(10079,4)
(10080,4)
(10081,7)
(10082,1)
(10084,5)
(10066,5)
(10068,6)
(10069,9)
(10070,3)
(10071,8)
(10072,3)
(10073,6)
(10085,8)
(10086,5)
(10087,2)
(10088,3)
(10089,3)
(10090,3)
(10091,10)
(10092,3)
(10014,1)
(10017,1)
(10056,7)
(10057,7)
(10058,1)
(10062,3)
(10064,6)
(10065,3)
(10146,12)
(10403,4)
(10405,6)
(10406,12)
(10408,2)
(10409,5)
(10410,16)
(10412,1)
(10093,24)
(10094,15)
(10095,1)
(10096,6)
(10097,7)
(10098,9)
(10099,3)
(10104,2)
(10123,4)
(10124,6)
(10126,9)
(10127,13)
(10128,8)
(10130,2)
(10131,2)
(10132,6)
