(59,7)
(60,2)
(62,4)
(63,5)
(64,18)
(65,3)
(66,8)
(67,17)
(68,24)
(111,37)
(112,38)
(115,23)
(116,18)
(118,6)
(119,12)
(120,9)
(121,3)
(122,12)
(172,31)
(173,8)
(176,18)
(179,24)
(181,56)
(182,29)
(225,10)
(226,42)
(227,5)
(267,7)
(268,19)
(269,18)
(270,74)
(272,21)
(274,58)
(275,32)
(277,1)
(387,1)
(1059,1)
(1061,5)
(1062,16)
(1066,5)
(1067,6)
(1068,3)
(1069,11)
(1070,9)
(1072,5)
(1073,9)
(1074,11)
(1075,8)
(1076,4)
(1077,20)
(1078,3)
(1079,19)
(1080,11)
(1081,17)
(1111,15)
(1112,1)
(1113,12)
(1114,3)
(1115,23)
(1121,15)
(1122,7)
(1123,15)
(1164,11)
(1165,91)
(1166,76)
(1167,55)
(1168,22)
(1169,26)
(1170,21)
(1171,84)
(1173,24)
(1175,35)
(10120,37)
(10121,27)
(10122,13)
(10123,2)
(10124,3)
(10127,24)
(10128,13)
(10130,10)
(10131,26)
(10146,57)
(10403,2)
(10405,3)
(10406,19)
(10408,14)
(10409,30)
(10410,10)
(10412,3)
(10414,24)
(10424,30)
(10568,26)
(10569,17)
(10574,1)
(10580,3)
(10582,13)
(10583,4)
(10638,73)
(69,37)
(71,7)
(72,7)
(73,15)
(74,8)
(75,15)
(79,18)
(86,1)
(87,29)
(1,51)
(2,57)
(5,17)
(9,3)
(11,14)
(52,6)
(53,7)
(56,18)
(57,10)
(124,41)
(126,2)
(127,17)
(129,55)
(132,9)
(133,6)
(136,32)
(137,40)
(138,16)
(88,14)
(91,14)
(92,21)
(93,24)
(94,29)
(95,19)
(97,47)
(98,8)
(99,3)
(139,27)
(142,13)
(143,107)
(144,18)
(145,91)
(146,5)
(149,102)
(151,36)
(156,5)
(100,11)
(101,15)
(102,16)
(103,22)
(104,9)
(106,16)
(107,17)
(108,2)
(110,27)
(228,31)
(229,9)
(230,29)
(231,1)
(232,51)
(233,3)
(234,5)
(236,34)
(237,9)
(238,9)
(239,16)
(240,33)
(241,8)
(242,14)
(243,10)
(247,13)
(248,17)
(252,56)
(160,2)
(161,12)
(163,14)
(164,9)
(166,17)
(168,6)
(169,3)
(170,66)
(171,15)
(388,12)
(520,4)
(522,3)
(570,11)
(571,19)
(572,10)
(573,9)
(574,26)
(575,24)
(576,7)
(577,2)
(578,11)
(579,37)
(581,10)
(582,46)
(584,27)
(586,24)
(587,1)
(253,26)
(254,42)
(255,58)
(257,13)
(259,46)
(263,71)
(264,8)
(265,13)
(266,11)
(589,2)
(590,6)
(591,14)
(1001,34)
(1002,55)
(1003,9)
(1004,2)
(1005,2)
(1006,12)
(1007,2)
(1008,1)
(1009,3)
(1010,1)
(1014,86)
(1015,100)
(1016,48)
(1018,7)
(1019,4)
(1082,7)
(1083,3)
(1084,17)
(1085,3)
(1087,29)
(1088,6)
(1089,9)
(1090,1)
(1091,6)
(1020,10)
(1021,10)
(1022,46)
(1023,26)
(1024,6)
(1025,1)
(1026,32)
(1027,9)
(1028,8)
(1049,4)
(1050,3)
(1051,7)
(1052,5)
(1053,2)
(1054,4)
(1055,3)
(1056,17)
(1057,5)
(1029,4)
(1031,4)
(1032,1)
(1033,4)
(1034,20)
(1035,8)
(1036,51)
(1037,1)
(1038,9)
(1092,3)
(1093,1)
(1095,1)
(1096,5)
(1097,16)
(1103,10)
(1104,4)
(1107,46)
(1108,8)
(1039,17)
(1040,5)
(1041,10)
(1042,10)
(1043,4)
(1045,3)
(1046,21)
(1047,5)
(1048,1)
(1302,5)
(1303,2)
(1413,52)
(1414,185)
(1415,14)
(10002,40)
(10007,20)
(10013,1)
(10014,24)
(1176,14)
(1177,19)
(1180,47)
(1181,69)
(1182,42)
(1184,22)
(1186,7)
(1187,28)
(1301,41)
(10017,5)
(10053,30)
(10056,40)
(10057,32)
(10058,8)
(10062,21)
(10064,35)
(10065,20)
(10066,16)
(10078,17)
(10079,34)
(10080,29)
(10081,4)
(10082,24)
(10084,2)
(10085,30)
(10086,16)
(10087,32)
(10068,31)
(10069,11)
(10070,6)
(10071,41)
(10072,18)
(10073,4)
(10075,8)
(10076,44)
(10077,23)
(10109,48)
(10111,9)
(10113,14)
(10114,3)
(10115,21)
(10116,21)
(10117,34)
(10118,19)
(10119,17)
(10088,25)
(10089,11)
(10090,4)
(10091,58)
(10092,17)
(10093,30)
(10094,45)
(10095,16)
(10096,25)
(10132,16)
(10133,56)
(10134,48)
(10135,22)
(10136,38)
(10140,21)
(10141,6)
(10142,29)
(10145,39)
(10097,38)
(10098,50)
(10099,7)
(10101,9)
(10104,18)
(10105,21)
(10106,13)
(10107,6)
(10108,23)
