(74,2)
(78,7)
(82,3)
(84,1)
(85,1)
(86,1)
(112,2)
(115,1)
(116,1)
(122,1)
(132,2)
(136,1)
(181,2)
(182,1)
(184,2)
(226,4)
(228,4)
(230,3)
(264,1)
(266,1)
(267,3)
(268,2)
(269,2)
(270,10)
(571,1)
(572,1)
(574,1)
(575,1)
(576,1)
(578,1)
(579,5)
(582,3)
(584,1)
(586,1)
(589,2)
(1057,1)
(1062,1)
(1068,1)
(1069,1)
(1070,2)
(1072,1)
(1414,12)
(1415,2)
(10002,4)
(10005,4)
(10006,4)
(10014,9)
(10085,1)
(10086,1)
(10088,1)
(10089,1)
(10091,3)
(10113,1)
(10115,3)
(10117,1)
(10118,2)
(10120,4)
(10121,2)
(10132,1)
(10133,4)
(10134,4)
(10135,5)
(10136,2)
(10140,3)
(63,1)
(64,1)
(66,1)
(69,1)
(71,1)
(72,2)
(1,2)
(2,11)
(5,2)
(9,1)
(56,2)
(57,5)
(98,4)
(99,4)
(100,1)
(101,1)
(102,1)
(103,4)
(104,1)
(106,2)
(107,2)
(108,1)
(110,1)
(111,1)
(169,3)
(170,3)
(172,1)
(173,3)
(176,1)
(179,3)
(87,2)
(88,1)
(93,3)
(94,1)
(95,2)
(97,5)
(160,2)
(163,1)
(164,1)
(166,2)
(168,2)
(252,6)
(253,2)
(254,4)
(255,7)
(259,11)
(263,4)
(239,2)
(240,2)
(242,6)
(243,2)
(247,2)
(248,3)
(1165,8)
(1166,5)
(1167,8)
(1168,2)
(1169,1)
(1170,3)
(138,1)
(139,1)
(143,5)
(144,2)
(145,9)
(149,6)
(1001,6)
(1002,3)
(1003,2)
(1004,1)
(1014,6)
(1015,8)
(231,1)
(232,4)
(233,3)
(234,4)
(236,2)
(237,2)
(1016,4)
(1018,4)
(1019,3)
(1022,1)
(1023,3)
(1026,3)
(1171,7)
(1173,1)
(1175,3)
(1176,1)
(1177,1)
(1180,5)
(272,1)
(274,6)
(275,1)
(277,1)
(388,1)
(520,1)
(10053,2)
(10056,2)
(10057,2)
(10058,1)
(10066,1)
(10068,2)
(1073,1)
(1076,2)
(1077,1)
(1080,1)
(1081,1)
(1082,2)
(1027,1)
(1028,1)
(1036,2)
(1038,1)
(1047,1)
(1050,1)
(10069,3)
(10070,2)
(10071,4)
(10072,3)
(10073,1)
(10076,1)
(10077,1)
(10078,2)
(10079,1)
(10080,2)
(10081,2)
(10082,1)
(10092,1)
(10093,1)
(10094,3)
(10095,2)
(10097,3)
(10098,3)
(10122,1)
(10123,1)
(10124,1)
(10127,4)
(10128,3)
(10130,1)
(1087,2)
(1091,1)
(1092,2)
(1093,1)
(1096,1)
(1097,1)
(1103,2)
(1107,2)
(1108,1)
(1115,2)
(1123,4)
(10099,1)
(10105,1)
(10106,2)
(10108,3)
(10109,1)
(10111,1)
(10142,2)
(10145,15)
(10146,2)
(10403,1)
(10406,2)
(10408,2)
(1181,12)
(1182,3)
(1184,5)
(1186,1)
(1187,9)
(1413,9)
(10410,2)
(10414,1)
(10424,6)
(10568,1)
(10638,5)
