(1,10)
(2,5)
(5,1)
(53,1)
(56,2)
(57,3)
(98,1)
(100,3)
(103,2)
(104,1)
(106,3)
(145,5)
(146,1)
(149,4)
(160,1)
(163,1)
(237,5)
(238,1)
(239,5)
(242,2)
(243,1)
(1015,14)
(1016,5)
(1019,1)
(1020,2)
(1024,2)
(1057,1)
(1059,1)
(1062,1)
(1066,1)
(1069,2)
(10006,1)
(10013,8)
(10014,2)
(10056,6)
(10058,1)
(10077,3)
(10082,2)
(10086,2)
(10087,1)
(10088,2)
(10120,2)
(10121,1)
(10122,1)
(10123,2)
(10124,1)
(82,1)
(87,4)
(94,2)
(95,2)
(97,3)
(136,1)
(137,1)
(142,3)
(143,7)
(144,2)
(59,1)
(62,2)
(64,1)
(68,2)
(69,3)
(73,1)
(74,1)
(75,1)
(78,1)
(79,1)
(107,2)
(110,1)
(111,1)
(112,3)
(119,1)
(122,1)
(127,1)
(129,2)
(132,1)
(133,2)
(230,3)
(232,3)
(233,3)
(234,7)
(236,1)
(164,1)
(168,1)
(170,1)
(176,1)
(181,1)
(184,1)
(225,1)
(226,19)
(228,4)
(229,1)
(247,4)
(248,4)
(252,6)
(254,3)
(255,6)
(259,10)
(270,4)
(274,5)
(275,1)
(520,1)
(570,1)
(263,6)
(265,2)
(267,1)
(268,3)
(269,3)
(579,4)
(582,2)
(584,2)
(586,2)
(587,1)
(571,1)
(572,1)
(574,1)
(575,2)
(576,1)
(1114,1)
(1115,8)
(1165,9)
(1166,6)
(1167,10)
(1025,1)
(1029,2)
(1036,2)
(1046,1)
(1050,1)
(589,1)
(1001,6)
(1002,9)
(1006,1)
(1014,4)
(1070,1)
(1072,1)
(1073,1)
(1074,2)
(1077,2)
(1180,5)
(1181,5)
(1182,3)
(1184,1)
(1186,1)
(1187,14)
(1303,2)
(1413,6)
(1414,10)
(1415,2)
(10005,1)
(1168,6)
(1171,2)
(1173,2)
(1175,1)
(1177,6)
(1079,2)
(1087,1)
(1092,2)
(1107,4)
(1111,1)
(10089,2)
(10090,2)
(10093,4)
(10094,3)
(10097,2)
(10069,2)
(10070,3)
(10071,1)
(10072,1)
(10076,2)
(10062,1)
(10064,1)
(10065,2)
(10066,1)
(10068,2)
(10133,1)
(10135,2)
(10136,1)
(10140,2)
(10142,1)
(10098,3)
(10104,2)
(10105,1)
(10106,3)
(10108,1)
(10127,4)
(10128,1)
(10130,2)
(10131,4)
(10132,1)
(10410,1)
(10424,4)
(10568,1)
(10569,1)
(10638,3)
(10109,2)
(10114,1)
(10115,2)
(10117,2)
(10118,1)
(10145,3)
(10146,1)
(10403,2)
(10406,1)
(10409,2)
