(1,47)
(2,57)
(5,15)
(9,16)
(52,7)
(53,14)
(56,20)
(57,21)
(59,8)
(60,3)
(95,21)
(97,80)
(98,5)
(99,4)
(100,8)
(101,9)
(102,10)
(103,25)
(104,8)
(146,4)
(149,84)
(151,25)
(156,14)
(160,3)
(161,6)
(163,3)
(164,5)
(166,15)
(247,31)
(248,20)
(252,34)
(253,23)
(254,50)
(255,51)
(257,25)
(259,65)
(263,87)
(1039,7)
(1040,12)
(1041,11)
(1042,10)
(1043,8)
(1045,2)
(1046,19)
(1047,5)
(1048,4)
(1049,5)
(1050,4)
(1051,4)
(1052,5)
(1053,5)
(1054,3)
(1055,2)
(1056,5)
(1057,6)
(1082,17)
(1083,8)
(1084,10)
(1085,8)
(1087,28)
(1088,8)
(1089,10)
(1091,2)
(1092,9)
(1096,1)
(1097,17)
(1103,17)
(1104,4)
(1107,30)
(1108,10)
(1111,13)
(1112,9)
(1113,21)
(10090,6)
(10091,43)
(10092,16)
(10093,34)
(10094,25)
(10095,19)
(10096,37)
(10097,39)
(10098,49)
(10099,3)
(10101,15)
(10104,19)
(10105,16)
(10106,14)
(10107,2)
(10108,24)
(10109,58)
(10111,10)
(10569,9)
(10570,1)
(10571,1)
(10578,3)
(10581,1)
(10582,11)
(10583,1)
(10586,1)
(10638,85)
(84,4)
(85,12)
(86,2)
(87,11)
(88,11)
(91,8)
(92,13)
(93,24)
(94,20)
(72,7)
(73,17)
(74,5)
(75,12)
(77,1)
(78,47)
(79,4)
(82,12)
(83,8)
(133,3)
(136,29)
(137,19)
(138,20)
(139,17)
(142,9)
(143,48)
(144,26)
(145,52)
(119,8)
(120,5)
(121,2)
(122,22)
(124,23)
(126,15)
(127,9)
(129,44)
(132,20)
(62,11)
(63,5)
(64,4)
(65,1)
(66,13)
(67,18)
(68,19)
(69,26)
(71,9)
(234,7)
(236,17)
(237,5)
(238,11)
(239,37)
(240,51)
(241,1)
(242,15)
(243,8)
(182,29)
(225,22)
(226,28)
(227,16)
(228,31)
(229,14)
(230,35)
(231,2)
(232,62)
(573,7)
(574,26)
(575,15)
(576,18)
(577,3)
(578,8)
(579,16)
(581,11)
(582,54)
(275,23)
(277,5)
(387,4)
(388,18)
(520,5)
(522,4)
(570,37)
(571,17)
(572,14)
(1059,2)
(1061,16)
(1062,10)
(1066,6)
(1067,6)
(1068,3)
(1069,15)
(1070,12)
(1072,7)
(106,12)
(107,20)
(108,2)
(110,22)
(111,32)
(112,23)
(115,13)
(116,3)
(118,6)
(1073,5)
(1074,4)
(1075,6)
(1076,9)
(1077,4)
(1078,8)
(1079,7)
(1080,3)
(1081,20)
(1114,2)
(1115,36)
(1121,18)
(1122,20)
(1123,17)
(1164,13)
(1165,105)
(1166,105)
(1167,48)
(168,15)
(169,3)
(170,71)
(171,19)
(172,32)
(173,20)
(176,15)
(179,41)
(181,63)
(264,11)
(265,21)
(266,11)
(267,4)
(268,16)
(269,26)
(270,83)
(272,17)
(274,45)
(584,17)
(586,39)
(587,11)
(589,6)
(1001,36)
(1002,77)
(1003,7)
(1004,5)
(1005,16)
(1168,15)
(1169,24)
(1170,22)
(1171,90)
(1173,30)
(1175,35)
(1176,13)
(1177,10)
(1180,78)
(1414,152)
(1415,24)
(10002,54)
(10005,1)
(10006,32)
(10007,57)
(10013,1)
(10014,59)
(10017,14)
(1006,22)
(1007,2)
(1008,1)
(1009,2)
(1010,1)
(1014,93)
(1015,132)
(1016,70)
(1018,7)
(1181,136)
(1182,63)
(1184,26)
(1186,11)
(1187,25)
(1301,28)
(1302,14)
(1303,3)
(1413,60)
(1019,6)
(1020,7)
(1021,8)
(1022,33)
(1023,19)
(1024,15)
(1025,25)
(1026,24)
(1027,21)
(10053,9)
(10056,33)
(10057,35)
(10058,13)
(10062,20)
(10064,24)
(10065,15)
(10066,17)
(10068,35)
(10405,6)
(10406,18)
(10408,15)
(10409,17)
(10410,19)
(10412,5)
(10414,23)
(10424,31)
(10568,33)
(1028,20)
(1029,7)
(1031,2)
(1033,5)
(1034,14)
(1035,11)
(1036,21)
(1037,19)
(1038,6)
(10069,14)
(10070,10)
(10071,27)
(10072,21)
(10073,16)
(10075,14)
(10076,66)
(10077,42)
(10078,14)
(10079,44)
(10080,36)
(10081,4)
(10082,18)
(10085,56)
(10086,14)
(10087,41)
(10088,19)
(10089,11)
(10134,49)
(10135,27)
(10136,43)
(10140,46)
(10141,1)
(10142,38)
(10145,65)
(10146,48)
(10403,9)
(10113,13)
(10114,2)
(10115,29)
(10116,28)
(10117,26)
(10118,28)
(10119,12)
(10120,22)
(10121,16)
(10122,5)
(10123,5)
(10124,7)
(10127,24)
(10128,10)
(10130,4)
(10131,19)
(10132,16)
(10133,61)
