(56,1)
(59,1)
(69,1)
(73,4)
(75,2)
(78,1)
(111,2)
(112,5)
(115,5)
(116,1)
(124,2)
(126,1)
(182,2)
(225,2)
(226,6)
(228,3)
(229,3)
(264,1)
(265,3)
(266,2)
(268,2)
(269,2)
(270,18)
(1014,5)
(1015,7)
(1016,7)
(1019,1)
(1021,1)
(1022,4)
(1053,1)
(1054,1)
(1055,1)
(1056,1)
(1066,4)
(1067,1)
(10053,2)
(10056,2)
(10057,3)
(10058,2)
(10062,3)
(10066,3)
(10073,2)
(10076,1)
(10077,5)
(10079,2)
(10080,2)
(10081,1)
(10082,3)
(10085,3)
(10087,3)
(10088,3)
(10089,5)
(10091,3)
(10133,4)
(10134,2)
(10135,2)
(10136,3)
(10140,3)
(10142,4)
(94,1)
(95,4)
(97,4)
(98,1)
(99,1)
(1,2)
(2,18)
(5,2)
(9,1)
(52,1)
(53,4)
(82,1)
(83,2)
(86,1)
(87,2)
(91,1)
(93,4)
(138,1)
(143,5)
(144,1)
(145,4)
(146,1)
(149,16)
(100,1)
(102,1)
(104,1)
(106,2)
(107,5)
(108,1)
(127,1)
(129,1)
(132,1)
(136,2)
(137,2)
(239,2)
(242,9)
(243,1)
(247,4)
(248,6)
(252,2)
(160,1)
(170,3)
(171,1)
(172,1)
(179,7)
(181,6)
(230,3)
(231,1)
(232,5)
(234,1)
(236,3)
(237,1)
(253,1)
(254,5)
(255,1)
(259,8)
(263,8)
(272,2)
(274,4)
(275,4)
(277,1)
(571,2)
(573,1)
(574,2)
(575,1)
(579,2)
(581,1)
(582,4)
(1076,1)
(1077,3)
(1080,3)
(1081,1)
(1083,1)
(1084,1)
(1034,1)
(1036,1)
(1037,1)
(1041,1)
(1042,2)
(1046,1)
(584,1)
(586,1)
(589,1)
(1001,2)
(1002,4)
(1006,3)
(1180,5)
(1181,9)
(1182,4)
(1184,3)
(1186,2)
(1187,7)
(1087,1)
(1088,1)
(1091,2)
(1107,5)
(1112,1)
(1113,1)
(1023,4)
(1024,1)
(1025,2)
(1026,4)
(1031,1)
(10002,11)
(10005,4)
(10006,3)
(10007,4)
(10013,1)
(10014,8)
(1114,1)
(1121,1)
(1165,6)
(1166,10)
(1167,11)
(1069,2)
(1070,1)
(1072,2)
(1074,2)
(1075,2)
(10068,1)
(10069,2)
(10070,1)
(10071,2)
(10072,1)
(10145,24)
(10146,7)
(10403,1)
(10406,3)
(10409,4)
(10410,1)
(1301,4)
(1302,2)
(1413,17)
(1414,17)
(1415,5)
(10093,3)
(10094,2)
(10096,1)
(10097,2)
(10098,3)
(1168,3)
(1170,4)
(1171,8)
(1173,6)
(1175,3)
(1176,1)
(10104,1)
(10105,1)
(10106,1)
(10108,3)
(10109,6)
(10111,1)
(10121,3)
(10122,3)
(10124,1)
(10127,3)
(10130,1)
(10115,4)
(10116,2)
(10117,4)
(10118,2)
(10119,2)
(10120,5)
(10414,3)
(10424,3)
(10568,2)
(10569,3)
(10638,11)
