(74,3)
(75,6)
(78,8)
(79,3)
(82,5)
(84,3)
(87,5)
(127,3)
(129,10)
(132,1)
(133,1)
(136,5)
(137,2)
(138,1)
(139,2)
(231,13)
(232,6)
(233,3)
(234,14)
(236,4)
(237,8)
(238,9)
(388,4)
(520,2)
(522,1)
(570,3)
(571,6)
(573,1)
(574,9)
(575,4)
(1033,3)
(1035,1)
(1036,6)
(1038,1)
(1039,2)
(1040,2)
(1041,3)
(1042,1)
(1055,2)
(1057,1)
(1059,3)
(1061,2)
(1062,1)
(1066,1)
(1067,2)
(1089,1)
(1092,3)
(1097,2)
(1103,3)
(1104,8)
(1107,4)
(1108,3)
(1176,3)
(1177,4)
(1180,8)
(1181,3)
(1182,7)
(1184,1)
(1187,10)
(1301,1)
(10104,6)
(10105,2)
(10106,5)
(10107,3)
(10108,3)
(10109,7)
(10111,1)
(10133,15)
(10134,9)
(10135,7)
(10136,13)
(10140,13)
(10141,1)
(10142,6)
(1,9)
(2,10)
(5,2)
(9,1)
(52,1)
(53,2)
(56,1)
(57,1)
(99,5)
(100,5)
(102,2)
(103,6)
(104,1)
(106,1)
(107,6)
(108,2)
(59,5)
(62,2)
(65,2)
(67,7)
(68,5)
(69,14)
(72,2)
(73,7)
(163,1)
(164,1)
(168,1)
(169,3)
(170,6)
(173,1)
(176,6)
(110,9)
(111,6)
(112,5)
(116,6)
(121,2)
(122,1)
(124,1)
(88,3)
(91,5)
(92,3)
(93,6)
(94,7)
(95,12)
(97,24)
(98,9)
(253,2)
(254,13)
(255,18)
(257,5)
(259,7)
(263,16)
(264,1)
(265,7)
(142,5)
(143,21)
(144,7)
(145,11)
(146,2)
(149,20)
(151,5)
(160,12)
(181,3)
(182,3)
(225,2)
(226,16)
(227,5)
(228,8)
(229,4)
(230,8)
(1079,4)
(1080,4)
(1081,1)
(1082,1)
(1084,1)
(1085,1)
(1087,2)
(1088,5)
(239,13)
(240,3)
(241,4)
(242,2)
(243,2)
(247,1)
(248,3)
(252,5)
(266,2)
(267,2)
(268,14)
(270,10)
(272,3)
(274,15)
(275,1)
(577,2)
(578,1)
(579,16)
(581,2)
(582,7)
(584,5)
(586,7)
(590,4)
(1167,6)
(1168,2)
(1169,5)
(1170,3)
(1171,7)
(1173,2)
(1175,5)
(591,5)
(1001,8)
(1002,17)
(1003,1)
(1006,1)
(1008,1)
(1009,1)
(1023,1)
(1024,6)
(1025,7)
(1027,1)
(1029,4)
(1031,4)
(1032,1)
(1014,12)
(1015,29)
(1016,18)
(1018,2)
(1019,6)
(1020,3)
(1021,1)
(1022,5)
(10014,3)
(10017,1)
(10053,2)
(10056,5)
(10057,8)
(10058,1)
(10062,3)
(1043,2)
(1046,3)
(1047,2)
(1048,4)
(1049,1)
(1050,2)
(1053,1)
(1054,1)
(1111,9)
(1113,13)
(1114,7)
(1115,36)
(1122,1)
(1164,47)
(1165,35)
(1166,13)
(10064,2)
(10065,1)
(10066,6)
(10068,12)
(10069,4)
(10070,3)
(10071,7)
(10072,2)
(1302,3)
(1303,2)
(1413,6)
(1414,38)
(1415,4)
(10002,2)
(10005,4)
(10013,5)
(10113,2)
(10115,6)
(10117,2)
(10118,3)
(10119,2)
(10120,2)
(10121,4)
(10122,4)
(1068,2)
(1069,7)
(1070,9)
(1072,2)
(1073,1)
(1074,4)
(1075,1)
(1077,2)
(10073,2)
(10075,3)
(10076,14)
(10077,9)
(10079,5)
(10080,4)
(10081,5)
(10082,2)
(10084,3)
(10085,3)
(10086,1)
(10087,3)
(10088,4)
(10089,5)
(10090,2)
(10091,12)
(10093,11)
(10094,17)
(10096,8)
(10097,9)
(10098,8)
(10099,1)
(10101,1)
(10145,18)
(10146,14)
(10403,3)
(10405,8)
(10406,9)
(10409,7)
(10410,17)
(10414,1)
(10123,6)
(10124,3)
(10126,10)
(10127,3)
(10128,4)
(10130,2)
(10131,5)
(10132,3)
(10424,5)
(10568,3)
(10569,4)
(10572,1)
(10581,1)
(10583,1)
(10638,17)
