(82,3)
(85,1)
(87,5)
(91,1)
(93,5)
(94,2)
(95,6)
(136,3)
(137,5)
(138,6)
(142,2)
(143,6)
(144,1)
(230,5)
(232,7)
(233,3)
(234,2)
(236,8)
(237,1)
(272,5)
(274,14)
(275,3)
(387,1)
(522,1)
(570,5)
(571,2)
(572,1)
(573,1)
(574,8)
(575,3)
(577,1)
(579,7)
(1003,1)
(1005,3)
(1006,3)
(1009,2)
(1014,21)
(1015,27)
(1057,1)
(1062,1)
(1067,1)
(1069,1)
(1070,1)
(1072,2)
(1073,1)
(10056,4)
(10057,2)
(10062,1)
(10064,1)
(10065,1)
(10066,1)
(10089,3)
(10090,1)
(10091,6)
(10093,7)
(10094,6)
(10095,3)
(10096,1)
(10097,6)
(10098,3)
(10101,5)
(10104,2)
(10105,1)
(10106,1)
(10108,3)
(1,2)
(2,21)
(5,3)
(9,2)
(52,24)
(53,1)
(56,2)
(97,9)
(98,2)
(101,3)
(102,1)
(103,3)
(104,1)
(145,1)
(146,6)
(149,9)
(151,4)
(156,2)
(163,3)
(164,3)
(239,9)
(240,18)
(241,1)
(242,2)
(243,4)
(247,1)
(248,1)
(59,1)
(60,1)
(62,2)
(64,1)
(66,1)
(67,3)
(68,1)
(107,3)
(110,2)
(112,5)
(115,1)
(116,3)
(118,1)
(119,1)
(1028,4)
(1029,1)
(1031,1)
(1036,2)
(1037,5)
(1039,3)
(1040,3)
(1041,1)
(1042,1)
(1046,2)
(1047,2)
(1052,1)
(1053,2)
(69,4)
(72,2)
(73,3)
(77,2)
(78,5)
(79,1)
(166,3)
(170,16)
(171,10)
(172,6)
(176,3)
(179,2)
(120,1)
(122,2)
(124,2)
(126,3)
(127,3)
(132,2)
(133,2)
(181,7)
(182,4)
(184,2)
(226,11)
(227,4)
(228,5)
(229,7)
(1074,2)
(1076,1)
(1077,8)
(1078,2)
(1079,7)
(1080,1)
(252,7)
(253,9)
(254,7)
(255,11)
(259,21)
(263,28)
(264,5)
(265,6)
(266,5)
(267,3)
(268,3)
(269,9)
(270,22)
(1173,7)
(1175,2)
(1176,4)
(1177,2)
(1180,14)
(1181,25)
(1182,11)
(1082,1)
(1084,1)
(1085,2)
(1087,1)
(1089,1)
(1097,5)
(1103,3)
(10119,4)
(10120,7)
(10121,2)
(10122,2)
(10127,1)
(10128,1)
(10130,3)
(582,1)
(584,1)
(586,4)
(587,2)
(589,1)
(1001,7)
(1002,12)
(1016,7)
(1018,1)
(1022,1)
(1023,3)
(1024,5)
(1025,1)
(1027,1)
(10140,3)
(10142,5)
(10145,26)
(10146,13)
(10405,1)
(10406,1)
(10408,6)
(1107,7)
(1108,2)
(1111,1)
(1115,3)
(1121,2)
(1122,2)
(10002,9)
(10005,11)
(10006,1)
(10007,9)
(10014,23)
(10017,1)
(10053,3)
(1123,1)
(1165,19)
(1166,15)
(1168,3)
(1169,4)
(1170,5)
(1171,17)
(10410,2)
(10414,2)
(10424,8)
(10568,3)
(10569,4)
(10582,1)
(1184,8)
(1187,5)
(1301,7)
(1413,25)
(1414,22)
(1415,3)
(10079,4)
(10080,2)
(10082,8)
(10086,1)
(10087,2)
(10088,3)
(10070,3)
(10071,6)
(10072,4)
(10073,10)
(10076,11)
(10077,5)
(10078,1)
(10109,3)
(10113,3)
(10115,3)
(10116,1)
(10117,4)
(10118,3)
(10131,1)
(10132,2)
(10133,9)
(10134,11)
(10135,6)
(10136,4)
