(94,1)
(95,3)
(97,5)
(98,1)
(101,1)
(139,2)
(142,1)
(143,9)
(145,1)
(146,1)
(230,2)
(232,2)
(233,2)
(236,5)
(237,4)
(268,2)
(269,1)
(270,12)
(272,1)
(274,4)
(1089,1)
(1103,2)
(1107,1)
(1115,1)
(1121,3)
(1177,1)
(1180,2)
(1181,10)
(1182,8)
(1184,5)
(1187,10)
(1301,1)
(1413,10)
(1414,8)
(10002,3)
(10056,1)
(10057,7)
(10064,1)
(10069,1)
(1,2)
(2,8)
(5,2)
(52,2)
(53,2)
(103,3)
(104,1)
(106,2)
(107,2)
(108,1)
(62,1)
(68,1)
(72,3)
(73,2)
(74,1)
(149,4)
(163,1)
(164,1)
(166,2)
(169,1)
(111,1)
(112,3)
(115,1)
(116,1)
(118,2)
(238,1)
(239,4)
(240,4)
(242,2)
(247,1)
(78,1)
(82,3)
(84,1)
(87,2)
(93,1)
(170,2)
(172,1)
(179,2)
(181,5)
(122,1)
(127,1)
(132,2)
(137,2)
(138,2)
(275,2)
(574,1)
(575,1)
(576,2)
(586,1)
(248,2)
(252,5)
(253,2)
(254,5)
(255,3)
(589,1)
(1001,1)
(1002,2)
(1006,1)
(1007,2)
(182,4)
(184,1)
(226,13)
(228,2)
(229,1)
(259,4)
(263,9)
(265,1)
(266,1)
(267,1)
(10005,2)
(10006,2)
(10007,3)
(10014,11)
(10053,3)
(1022,1)
(1023,1)
(1025,1)
(1026,1)
(1027,1)
(10070,1)
(10071,1)
(10072,6)
(10076,1)
(10077,2)
(1028,1)
(1031,1)
(1033,1)
(1036,1)
(1014,3)
(1015,7)
(1016,12)
(1018,2)
(1020,2)
(10111,1)
(10114,1)
(10116,1)
(10117,1)
(10121,1)
(1039,1)
(1042,2)
(1046,1)
(1047,1)
(1057,1)
(1067,1)
(1068,1)
(1072,1)
(1074,3)
(1076,1)
(1170,2)
(1171,7)
(1173,3)
(1175,2)
(1176,1)
(10133,3)
(10134,2)
(10140,2)
(10142,3)
(10145,11)
(1077,1)
(1080,1)
(1082,1)
(1083,1)
(1085,1)
(1165,6)
(1166,4)
(1167,6)
(1168,3)
(1169,4)
(10414,1)
(10424,3)
(10569,2)
(10638,10)
(10078,1)
(10079,3)
(10080,2)
(10081,2)
(10082,2)
(10094,2)
(10097,2)
(10098,1)
(10101,1)
(10108,1)
(10086,2)
(10089,1)
(10090,1)
(10091,4)
(10093,3)
(10123,2)
(10127,1)
(10128,1)
(10130,1)
(10132,1)
(10146,4)
(10405,2)
(10406,1)
(10409,1)
(10410,1)
