2015-06-01 08:54:12 030000, 2, 128, 1, 67108864
2015-06-01 09:51:12 000000, 2, 68, 3, 33554432
2015-06-01 10:15:13 015000, 2, 128, 1, 33554432
2015-06-01 10:22:44 780000, 2, 129, 1, 83886080
2015-06-01 10:32:51 525000, 2, 1025, 4, 33554432
2015-06-01 10:44:31 360000, 2, 144, 4, 16777216
2015-06-01 13:51:15 135000, 2, 151, 2, 33554432
2015-06-01 14:03:13 521000, 2, 10218, 4, 33554432
2015-06-01 14:08:59 000000, 2, 79, 4, 33554432
2015-06-01 16:17:48 838000, 2, 10449, 4, 16777216
2015-06-01 16:23:50 318000, 2, 10236, 1, 33554432
2015-06-01 16:24:49 437000, 2, 10077, 1, 33554432
2015-06-01 16:25:31 997000, 2, 10076, 1, 33554432
2015-06-01 16:43:55 000000, 2, 75, 4, 50331648
2015-06-01 17:21:01 344000, 2, 10458, 1, 33554432
2015-06-01 17:23:48 231000, 2, 10228, 1, 33554432
2015-06-01 17:25:47 390000, 2, 264, 1, 16777216
2015-06-01 17:35:03 783000, 2, 10228, 3, 16777216
2015-06-01 17:38:23 846000, 2, 10227, 3, 33554432
2015-06-01 17:39:45 576000, 2, 10458, 3, 33554432
2015-06-01 17:42:32 525000, 2, 1025, 3, 50331648
2015-06-01 17:51:01 645000, 2, 144, 4, 33554432
2015-06-01 18:54:38 930000, 2, 151, 2, 33554432
2015-06-01 19:29:37 285000, 2, 151, 4, 33554432
2015-06-01 20:16:39 615000, 2, 1039, 4, 16777216
2015-06-02 06:04:44 968000, 2, 10232, 1, 16777216
2015-06-02 06:19:39 241000, 2, 1066, 4, 33554432
2015-06-02 06:20:42 287000, 2, 1067, 4, 33554432
2015-06-02 06:23:05 877000, 2, 1073, 4, 33554432
2015-06-02 06:32:15 000000, 2, 5, 1, 33554432
2015-06-02 07:05:35 554000, 2, 10234, 4, 16777216
2015-06-02 07:24:39 571000, 2, 10087, 2, 16777216
2015-06-02 07:26:31 843000, 2, 10234, 2, 16777216
2015-06-02 08:00:35 330000, 2, 53, 4, 33554432
2015-06-02 08:01:35 775000, 2, 10072, 2, 33554432
2015-06-02 08:28:36 820000, 2, 10071, 3, 33554432
2015-06-02 08:40:32 645000, 2, 10458, 3, 33554432
2015-06-02 08:41:06 165000, 2, 1025, 3, 33554432
2015-06-02 08:41:33 105000, 2, 1028, 3, 50331648
2015-06-02 08:44:16 180000, 2, 1027, 3, 16777216
2015-06-02 09:16:00 900000, 2, 1039, 4, 16777216
2015-06-02 09:27:38 397000, 2, 1074, 1, 33554432
2015-06-02 09:33:18 050000, 2, 10236, 1, 50331648
2015-06-02 10:13:37 210000, 2, 144, 4, 16777216
2015-06-02 10:25:10 000000, 2, 78, 3, 33554432
2015-06-02 18:23:44 480000, 2, 151, 2, 33554432
2015-06-02 18:56:45 030000, 2, 1039, 4, 16777216
2015-06-03 08:10:04 000000, 2, 78, 1, 50331648
2015-06-03 08:17:03 000000, 2, 78, 2, 33554432
2015-06-03 08:19:24 343000, 2, 10449, 4, 16777216
2015-06-03 08:45:14 450000, 2, 1029, 4, 50331648
2015-06-03 09:17:03 750000, 2, 144, 4, 33554432
2015-06-03 10:01:51 240000, 2, 143, 2, 33554432
2015-06-03 10:10:57 000000, 2, 2, 1, 16777216
2015-06-03 10:17:07 000000, 2, 1, 2, 16777216
2015-06-03 12:14:56 906000, 2, 232, 4, 33554432
2015-06-03 12:40:24 170000, 2, 10104, 3, 16777216
2015-06-03 12:41:14 000000, 2, 60, 3, 16777216
2015-06-03 12:48:48 000000, 2, 68, 3, 33554432
2015-06-03 13:07:28 000000, 2, 79, 4, 16777216
2015-06-03 13:08:14 000000, 2, 78, 4, 33554432
2015-06-03 17:57:31 510000, 2, 151, 2, 50331648
2015-06-03 18:26:16 180000, 2, 1104, 4, 33554432
2015-06-03 18:29:08 603000, 99, 587, 4, 50331648
2015-06-03 18:29:55 375000, 2, 151, 4, 16777216
2015-06-03 19:25:53 195000, 2, 144, 4, 33554432
2015-06-03 19:25:53 615000, 2, 144, 4, 50331648
2015-06-03 19:38:57 000000, 2, 78, 3, 16777216
2015-06-04 06:49:55 518000, 2, 10233, 4, 33554432
2015-06-04 06:50:56 445000, 2, 10105, 4, 33554432
2015-06-04 07:06:55 000000, 2, 74, 1, 33554432
2015-06-04 07:50:31 565000, 2, 10080, 4, 16777216
2015-06-04 07:55:28 243000, 2, 10594, 4, 16777216
2015-06-04 07:57:16 267000, 2, 10595, 4, 16777216
2015-06-04 08:53:57 783000, 2, 10603, 2, 67108864
2015-06-04 08:54:40 475000, 2, 10602, 2, 33554432
2015-06-04 09:00:48 603000, 2, 10615, 2, 50331648
2015-06-04 09:36:50 010000, 2, 10105, 2, 33554432
2015-06-04 09:37:54 464000, 2, 10233, 2, 83886080
2015-06-04 10:42:06 000000, 2, 78, 3, 16777216
2015-06-05 05:57:05 000000, 2, 78, 1, 33554432
2015-06-05 06:16:44 804000, 2, 10233, 2, 33554432
2015-06-05 06:23:15 252000, 2, 10076, 1, 50331648
2015-06-05 06:42:56 825000, 2, 1027, 3, 50331648
2015-06-05 06:46:41 652000, 2, 10076, 3, 50331648
2015-06-05 06:47:27 868000, 2, 10077, 3, 16777216
2015-06-05 06:48:27 945000, 2, 1029, 3, 67108864
2015-06-05 07:03:37 121000, 2, 10076, 1, 33554432
2015-06-05 07:19:35 000000, 2, 66, 3, 33554432
2015-06-05 07:51:16 787000, 2, 10211, 4, 33554432
2015-06-05 08:14:39 915000, 2, 1077, 2, 16777216
2015-06-06 10:08:01 420000, 2, 10077, 1, 33554432
2015-06-06 10:09:11 096000, 2, 10076, 1, 33554432
2015-06-06 10:49:02 615000, 2, 1103, 4, 33554432
2015-06-06 11:01:28 000000, 2, 75, 4, 50331648
2015-06-06 11:08:16 288000, 2, 10076, 3, 16777216
2015-06-06 11:09:26 635000, 2, 10077, 3, 16777216
2015-06-06 12:33:45 408000, 2, 10076, 3, 33554432
2015-06-06 12:35:21 326000, 2, 10077, 3, 16777216
2015-06-06 12:39:43 270000, 2, 1040, 3, 33554432
2015-06-06 12:41:11 000000, 2, 78, 4, 33554432
2015-06-06 16:00:37 000000, 2, 88, 3, 16777216
2015-06-06 17:16:51 000000, 2, 79, 4, 16777216
2015-06-06 17:17:44 000000, 2, 1040, 1, 33554432
2015-06-06 17:27:14 484000, 2, 10236, 1, 33554432
2015-06-06 17:44:14 720000, 2, 144, 4, 50331648
2015-06-06 19:05:36 000000, 2, 5, 1, 16777216
2015-06-06 20:20:44 786000, 2, 10460, 3, 67108864
2015-06-06 20:26:58 000000, 2, 73, 2, 16777216
2015-06-06 20:36:40 225000, 2, 143, 2, 50331648
2015-06-06 20:38:51 000000, 2, 73, 4, 33554432
2015-06-06 21:12:35 830000, 2, 10211, 2, 33554432
2015-06-06 21:28:15 000000, 2, 66, 3, 16777216
2015-06-06 21:43:02 060000, 2, 1040, 3, 33554432
2015-06-06 22:24:23 795000, 2, 1039, 1, 33554432
2015-06-06 22:47:16 640000, 2, 10211, 2, 50331648
2015-06-06 22:54:16 600000, 2, 1026, 1, 16777216
2015-06-06 23:03:59 401000, 2, 10225, 1, 16777216
2015-06-06 23:17:15 940000, 2, 10070, 1, 16777216
2015-06-06 23:24:55 946000, 2, 10082, 4, 16777216
2015-06-06 23:26:28 697000, 2, 10593, 4, 16777216
2015-06-06 23:27:31 069000, 2, 10080, 4, 16777216
2015-06-06 23:31:22 240000, 2, 10594, 4, 16777216
2015-06-06 23:32:23 948000, 2, 10595, 4, 16777216
2015-06-06 23:33:15 986000, 2, 10234, 4, 16777216
2015-06-06 23:34:33 726000, 2, 10087, 4, 16777216
2015-06-06 23:40:23 984000, 2, 10609, 3, 33554432
2015-06-06 23:46:05 000000, 2, 72, 4, 50331648
2015-06-06 23:47:17 441000, 2, 10608, 4, 50331648
2015-06-07 07:17:30 000000, 2, 67, 4, 16777216
2015-06-07 07:24:11 915000, 2, 1103, 4, 33554432
2015-06-07 07:38:23 000000, 2, 64, 1, 16777216
2015-06-07 07:51:31 000000, 2, 68, 3, 16777216
2015-06-07 08:02:41 285000, 2, 129, 1, 83886080
2015-06-07 08:04:49 300000, 2, 1025, 4, 50331648
2015-06-07 08:09:14 555000, 2, 1030, 1, 33554432
2015-06-07 08:37:55 406000, 2, 10085, 2, 100663296
2015-06-07 08:39:13 795000, 2, 10058, 2, 50331648
2015-06-07 08:40:43 000000, 2, 75, 2, 16777216
2015-06-07 08:53:03 000000, 2, 75, 4, 50331648
2015-06-07 09:02:41 039000, 2, 10076, 3, 50331648
2015-06-07 09:04:08 544000, 2, 10077, 3, 16777216
2015-06-07 09:10:03 330000, 2, 1040, 3, 50331648
2015-06-07 09:16:02 000000, 2, 78, 3, 33554432
2015-06-07 11:08:05 392000, 2, 10591, 1, 50331648
2015-06-07 12:26:02 225000, 2, 1107, 3, 33554432
2015-06-07 12:31:54 000000, 2, 2, 3, 33554432
2015-06-07 12:37:58 780000, 2, 1030, 1, 16777216
2015-06-07 12:39:39 901000, 2, 10085, 2, 16777216
2015-06-07 13:07:36 945000, 2, 1030, 1, 33554432
2015-06-07 13:47:08 720000, 2, 1031, 4, 50331648
2015-06-07 13:48:39 891000, 2, 10108, 4, 67108864
2015-06-07 14:13:49 570000, 2, 143, 2, 50331648
2015-06-07 14:30:59 160000, 2, 10221, 4, 16777216
2015-06-07 14:32:24 111000, 2, 10088, 4, 50331648
2015-06-07 14:40:13 337000, 2, 10615, 2, 50331648
2015-06-07 15:18:55 825000, 2, 1033, 1, 33554432
2015-06-07 16:03:53 000000, 2, 74, 3, 33554432
2015-06-07 16:05:37 510000, 2, 143, 2, 33554432
2015-06-07 16:48:08 000000, 2, 79, 4, 33554432
2015-06-07 16:50:18 000000, 2, 78, 4, 33554432
2015-06-07 17:26:44 000000, 2, 78, 1, 33554432
2015-06-07 17:30:13 737000, 2, 10449, 4, 16777216
2015-06-07 17:51:06 269000, 2, 10076, 3, 50331648
2015-06-07 18:06:13 803000, 2, 10077, 3, 16777216
2015-06-07 18:25:51 450000, 2, 10236, 2, 67108864
2015-06-07 19:58:40 120000, 2, 1025, 2, 50331648
2015-06-07 20:40:14 600000, 2, 901, 2, 33554432
2015-06-07 20:44:43 046000, 2, 10104, 3, 33554432
2015-06-07 20:45:56 000000, 2, 59, 2, 33554432
2015-06-07 20:46:31 686000, 2, 10229, 3, 33554432
2015-06-07 20:47:32 845000, 2, 10568, 3, 33554432
2015-06-08 06:56:58 000000, 2, 78, 1, 16777216
2015-06-08 07:51:10 306000, 99, 587, 2, 33554432
