1
2
5
9
11
52
53
56
57
59
60
61
62
63
64
65
66
67
68
69
71
72
73
74
75
77
78
79
82
83
84
85
86
87
88
91
92
93
94
95
97
98
99
100
101
102
103
104
106
107
108
110
111
112
115
116
118
119
120
121
122
124
126
127
128
129
132
133
136
137
138
139
142
143
144
145
146
149
151
156
160
161
163
164
166
168
169
170
171
172
173
176
179
181
182
184
202
225
226
227
228
229
230
231
232
233
234
236
237
238
239
240
241
242
243
247
248
252
253
254
255
257
259
263
264
265
266
267
268
269
270
272
274
275
277
387
388
520
522
570
571
572
573
574
575
576
577
578
579
581
582
584
586
587
589
590
591
1001
1002
1003
1004
1005
1006
1007
1008
1009
1010
1014
1015
1016
1018
1019
1020
1021
1022
1023
1024
1025
1026
1027
1028
1029
1031
1032
1033
1034
1035
1036
1037
1038
1039
1040
1041
1042
1043
1045
1046
1047
1048
1049
1050
1051
1052
1053
1054
1055
1056
1057
1059
1061
1062
1066
1067
1068
1069
1070
1072
1073
1074
1075
1076
1077
1078
1079
1080
1081
1082
1083
1084
1085
1087
1088
1089
1090
1091
1092
1093
1095
1096
1097
1103
1104
1107
1108
1111
1112
1113
1114
1115
1121
1122
1123
1164
1165
1166
1167
1168
1169
1170
1171
1173
1175
1176
1177
1180
1181
1182
1184
1186
1187
1301
1302
1303
1413
1414
1415
10002
10005
10006
10007
10013
10014
10017
10053
10056
10057
10058
10062
10064
10065
10066
10068
10069
10070
10071
10072
10073
10075
10076
10077
10078
10079
10080
10081
10082
10084
10085
10086
10087
10088
10089
10090
10091
10092
10093
10094
10095
10096
10097
10098
10099
10101
10104
10105
10106
10107
10108
10109
10111
10113
10114
10115
10116
10117
10118
10119
10120
10121
10122
10123
10124
10126
10127
10128
10130
10131
10132
10133
10134
10135
10136
10140
10141
10142
10145
10146
10403
10405
10406
10408
10409
10410
10412
10414
10424
10568
10569
10570
10571
10572
10573
10574
10575
10576
10578
10579
10580
10581
10582
10583
10584
10585
10586
10587
10603
10605
10608
10610
10612
10620
10623
10624
10627
10638