10299,308,沿港路中百超市,114.410194934930,30.644222291117
10298,28,解放大道解放公园路口,114.308917104760,30.609021262263
593,593,二环线汉西铁路货场附近（桥上）,114.235915288570,30.593568504424
10295,306,和平大道三弓路口,114.374806632510,30.626589153627
10294,26,解放大道香港路立交,114.299132762530,30.599814048880
10297,307,和平大道建四路口,114.389644361980,30.635346691875
10296,27,解放大道三阳路口,114.305413091600,30.605512045860
10291,301,野芷湖桥桥面,114.340209854170,30.470666730449
10290,294,南湖大道华中农大,114.361216543770,30.486802579170
10293,305,武珞路珞狮路口,114.360204149970,30.532274116438
10292,302,三环线文化路立交,114.333320989200,30.464076820792
10453,63,发展大道唐家墩路口,114.277561601280,30.624181888432
10242,172,友谊大道武昌大队,114.323612276440,30.563503733024
10518,247,自治街前进四路口,114.291538042250,30.586733720842
10407,0272014JY00090,知音大道江汉一桥下闸路口JY,114.272013001600,30.567310657864
10109,0272014JY00052,和平大道建设一路JY,114.378993682240,30.628822852036
10108,0272014JY00051,中山大道崇仁路JY,114.268221677030,30.575234550163
10455,65,青年路汉口火车站段,114.259751977260,30.624344875880
10454,64,市公安局大门,114.264248354420,30.621282795150
10105,0272014JY00047,建设大道航空侧路JY,114.262414512390,30.594439425260
10104,0272014JY00046,沿江大道三阳路JY,114.314019852000,30.601673167979
10107,0272014JY00049,和平大道建设八路JY,114.409884657710,30.645758710384
10106,0272014JY00048,工业四路随州街JY,114.411687690580,30.631107152981
10101,0272014JY00043,华师园路华师一附中北门JY,114.388033772340,30.461601649761
10240,147,徐东路梨园段,114.361673313210,30.588075646557
10103,0272014JY00045,友谊大道工业二路JY,114.401767821630,30.641884158674
10102,0272014JY00044,民族大道政法学院大门口JY,114.400732035960,30.480533044490
10241,171,中山路友谊大道路口,114.323978602090,30.557996135281
10603,027LF2015012,解放大道汉西一路LF-QK,114.226614432990,30.591170650683
10246,177,小东门路口,114.324989363320,30.549580988443
10247,178,解放路张之洞路口,114.303397124440,30.540340247585
10581,0272015LF15002,东湖路蔡家嘴至中南医院公交站路段LF,114.366111596230,30.562334485617
10580,0272015LF15001,东湖路湖北日报至省博物馆公交站路段LF,114.372972630420,30.572921057135
10583,0272015LF15004,东湖路蔡家嘴至省博物馆公交站路段LF,114.370060178920,30.568948373644
10582,0272015LF15003,东湖路中南医院至蔡家嘴公交站路段LF,114.366073879000,30.561573981687
10585,0272015LF15006,东湖路梨园至梨园广场公交站路段LF,114.377776910850,30.578164233207
10244,174,友谊大道湖大路口,114.335543424800,30.583330166960
10587,0272015LF15010,珞狮路傅家咀至北港村公交站路段LF,114.348556440640,30.502020892979
10586,0272015LF15009,珞狮路南湖山庄至傅家咀公交站路段LF,114.346419074730,30.497423112457
10589,0272015bk10018,黄浦大街丝宝卡口bk,114.299209086140,30.627769210887
10588,博康,黄浦大街丝宝卡口,114.308620436660,30.586281297122
10245,176,和平大道积玉桥路口,114.313090355790,30.561202348496
10605,027LF2015013,解放大道古田五路LF-QK,114.223075289680,30.592718138484
10206,75,洪山路双湖桥,114.359759479150,30.552234266883
10207,107,和平大道铁机路口,114.356238180160,30.612371486409
10204,73,东湖路黄鹂路口  ,114.371365232570,30.569861819203
10205,74,东湖路东湖宾馆,114.366500501030,30.562865023314
10202,41,中北路东湖路段,114.345702296970,30.556358713967
10203,66,长江一桥解放路桥上,114.306078629990,30.551379439213
10200,39,中北路楚汉路,114.349802763630,30.563017786037
10201,40,中北路公正路 ,114.347802686530,30.560070178765
10208,108,解放路大成路口,114.305148052330,30.548792542949
10209,110,友谊大道厂前路口,114.443161834590,30.624638600498
1069,0272014LF14015,解放大道水厂（二环线）LF,114.232201084590,30.587235674760
1068,0272014LF14003,发展大道俊才街LF,114.287112559400,30.627455695497
10194,32,长江二桥汉口桥头堡,114.320758390720,30.615784104866
10195,33,长江二桥汉口铁索,114.346267215190,30.637472271861
10192,9,首义隧道大桥端,114.310401232250,30.549049768620
10193,34,长江二桥武昌铁索,114.333116468310,30.608084990662
10190,6,湖北剧场,114.313449488120,30.546907775403
10191,7,武珞路首义路口,114.316477970160,30.546131681168
1061,420100000000000208,沙湖大道东湖西路,114.341682421060,30.558581017403
1062,420100000000000210,武珞路五巷中南二路,114.333417819020,30.548536476746
10451,61,新华路唐家墩路口,114.275223859140,30.613818752359
1067,0272014LF14002,发展大道中一路LF,114.291031582120,30.628962581080
1066,0272014LF14001,发展大道黄孝河路LF,114.292718215210,30.629631470971
10519,248,民生路花楼街段,114.297777568360,30.582005160806
10231,134,友谊大道园林路口,114.376030353960,30.618473889788
10457,69,建设大道青年路口,114.269773640970,30.600129964440
10456,67,青年路常青路口,114.265653199630,30.613846900557
1087,420100000000000203,珞瑜东路森林公园,114.442971057150,30.511384699488
590,0272013kx13005,黄浦大街与九万方路路口,114.297918575930,30.628463954606
1085,420100000000000189,光谷一路高新四路口,114.445159930490,30.457641245517
1084,420100000000000206,平安路文治街,114.326659319630,30.510149443663
1083,420100000000000174,东三路洪山侧路,114.354247957980,30.547489510048
1082,420100000000000173,八一路襄阳汉办,114.354406467500,30.543212522065
1081,420100000000000172,八一路东三路,114.350703079640,30.543640400790
1080,0272014LF14008,发展大道银墩街LF,114.259741063920,30.619891570794
1120,420100000000000264,公正路沙湖果批,114.340497245440,30.562000375101
194,420100120000000054,后湖大道百步亭花园路口,114.321955012190,30.660178816972
1122,420100000000000209,书城路石牌岭,114.339075940510,30.491039717342
1123,420100000000000188,光谷一路高新六路口LF,114.449819706620,30.444921282098
1089,420100000000000202,珞喻东路三环线西出口人行,114.454216474960,30.515704594453
1088,420100000000000199,珞瑜东路光谷一路口,114.448113140930,30.512772233208
270,420100120000000139,汉施公路新河大桥桥东LF,114.447742869730,30.713102935395
10512,241,长江日报路台北路口,114.283400351250,30.609772882786
272,420100120000000142,武汉绕城高速阳逻大桥北端LF,114.577101080570,30.644552538544
274,420100120000000144,芳草大道四新大道北LF,114.209415676550,30.535679961459
275,420100120000000145,航空路立交桥二层东LF,114.276020973090,30.587005178665
277,420100120000000147,解放大道香港路,114.299341926070,30.600281245688
10352,363,直属大门正门,114.213787915970,30.569008833294
10510,239,新华路北湖西路口,114.277529589300,30.610422449459
10458,69,青年路立交全景,114.270040308920,30.600299950771
10516,245,京汉大道武商路口,114.278016939390,30.584031593465
10100,0272014JY00042,南湖大道华农北门JY,114.359910590440,30.486734984674
524,0272013TS10021,武汉大道(梨园转盘至华电小区)TS,114.374293452630,30.581545225680
526,0272012TS10022,发展大道_黑泥湖路TS,114.321037413720,30.638662114259
527,0272012TS10024,发展大道_二七横路TS,114.324461299460,30.639620496160
520,0272013TS10017,徐东大街(火车头体育场至徐东平价商场)TS,114.353848691900,30.593504547908
1019,12108,京汉大道南京路口,114.294664427660,30.592175692281
522,0272013TS10019,徐东大街(团结大道至麦德龙)TS,114.365372512400,30.584591207304
523,0272013TS10020,武汉大道(岳家嘴至东湖中学)TS,114.374130457570,30.580768610395
1014,0272014LF14021,发展大道振兴三路东附近LF,114.249032467380,30.614951529989
1015,0272014LF14023,发展大道中一路路段LF,114.291413569840,30.629189614407
1016,0272014LF14022,发展大道马场二路路段LF,114.272997415870,30.623260010973
1017,420100120000000101,解放大道解放公园路口,114.308633197280,30.608703486443
528,0272012TS10025,二环线_二七路高架前后拍TS,114.312109523810,30.635024262307
529,0272012TS10026,二环线_二七大桥武昌奥山前后拍TS,114.361595751960,30.626421270379
10332,369,丁字桥文安路口,114.339898240640,30.535899052903
10333,478,三环线青菱路立交,114.276061915420,30.475751106967
10330,370,团结大道建十路口,114.421584996910,30.615301271208
10331,371,友谊大道建二路口,114.388345281820,30.623559016974
10336,481,企业路21号公路口,114.431384142410,30.650208389669
10337,482,企业路21号公路口,114.442988557700,30.652999975124
10334,479,107国道民院分校,114.276551446930,30.467580936589
10335,480,107国道青郑高速入口 ,114.268295411840,30.448123110781
10338,483,21号公路焦化公司大门,114.448703237660,30.647397311632
10339,484,21号公路K4+940处,114.454406410760,30.646504018678
108,420100000000000284,体育路辛亥革命博物馆,114.309595904590,30.542375798375
109,420100000000000286,恒安路建安路,114.320407580480,30.510054298001
102,420100000000000278,解放路中山路丁字路口,114.309098801660,30.560802881292
103,420100000000000279,民主路民主三巷（胖锅轩）,114.336732014070,30.550467861088
100,420100000000000276,民主路解放路路口（司门口）,114.305901789730,30.551890203451
101,420100000000000277,中南二路民主路,114.330550620960,30.549871535405
106,420100000000000282,静安路福安街,114.328932525850,30.532397146605
107,420100000000000283,丁字桥大浪淘沙门口,114.336741633170,30.529663048848
104,420100000000000280,静安路北安街,114.329046228620,30.534734720709
105,420100000000000281,中山路友谊大道,114.323383618910,30.558871907508
901,HPKK002,岱黄公路府河收费站,114.315631615200,30.707866649553
10428,615,二环线姑嫂树立交桥交汇处（桥上）,114.277389699690,30.624819011033
10639,0272012TS10058,洪山路口,114.350181209170,30.551631594971
10638,0272015HY15001,江城大道（三环线至太子湖北路路段）卡口HY,114.215308347490,30.510801692517
10637,027LF2015109,汉西三路长丰大道以南300米LF-QK,114.225708297270,30.611875787678
10636,027LF2015108,南泥湾大道古田四路以西300米LF-QK,114.221080208150,30.604003878200
10635,027LF2015107,南泥湾大道古田二路以西400米LF-QK,114.205216589000,30.608101467360
10634,027LF2015106,古田一路解放大道以南100米LF-QK,114.189686615590,30.607580586599
10633,027LF2015105,沿河大道广电江湾新城路段LF-QK,114.205958441640,30.591217991125
10632,027LF2015104,沿河大道水厂二路以东路段LF-QK,114.232735013650,30.579518653651
10631,027LF2015103,民意四路民主二街以南路段LF-QK,114.285039090960,30.580230213004
10630,027LF2015102,顺道街航发路以东路段LF-QK,114.277244926340,30.581421670889
10141,0272014JY00080,建设六路红钢二街JY,114.399586294200,30.645583391558
10140,0272014JY00074,建设大道万松园路JY,114.272794331240,30.600419920787
10143,0272014JY00082,建设一路建岗南街JY,114.381955386530,30.625274521147
10142,0272014JY00081,赫山路玫瑰街JY,114.227547006710,30.570882290807
10145,HPKK001,岱黄公路府河桥头,114.311072405810,30.692558695829
10144,0272014JY00083,工业路黄州街JY,114.393762230870,30.629413350611
10411,0272014JY00093,金银湖路金银湖南一街JY,114.211773708990,30.643749716025
10146,HPKK003,巨龙大道阳光天下,114.308719561000,30.702134399599
10419,607,二环线新华四路路口,114.270445513370,30.619880893213
10418,606,二环线金墩路路口,114.266480045230,30.622027350671
10387,341,崇仁路荣华西村路口,114.267921722020,30.577260348199
10422,610,二环线黄孝河路路口,114.292414436390,30.629423776765
10385,339,武胜路电车公司,114.275245008670,30.581186088993
10384,270,中山大道崇仁路段,114.268035325710,30.575170296175
10383,269,中山大道~口路口,114.257857336940,30.576036359061
10382,268,多福路长堤街,114.283399701180,30.575929754665
10028,0272011xx10015,新华路马场角,114.275223457360,30.613387872118
10029,0272011xx10014,雪松路劲松巷,114.276273204250,30.598810996196
10026,0272011xx10012,长江日报路菱角湖路,114.280107019390,30.610194972008
10027,0272011xx10013,金墩街常青一路,114.263632711990,30.628706151289
10024,0272011xx10010,新湾五路常青三路,114.261953044170,30.633162478823
10025,0272011xx10011,新华路黄孝北路,114.277908042400,30.604572283761
10022,0272011xx10008,解放公园惠济路,114.296612272350,30.614458936300
10023,0272011xx10009,长港路新湾一路,114.248730756780,30.634103357187
10020,0272011xx10006,沿江大道蔡锷路,114.311080637580,30.595887013743
10021,0272011xx10007,建设大道黄孝河路,114.293159499400,30.613237599984
10421,609,二环线中一路路口,114.290719838750,30.628834004770
10169,153,汉阳大道翠微横路,114.269472932770,30.555855042173
10444,54,黄孝河路育才小学正门,114.292136957080,30.614588299972
10426,613,二环线贺家墩路路口（桥上）,114.257222978130,30.619062082395
10427,614,二环线银家墩路路口（桥上）,114.259339950840,30.619834252976
10424,0272014JY00096,民族大道政法学院大门JY,114.402201966810,30.489976468229
10425,612,二环线竹叶山转盘金桥大道路口,114.294882117570,30.630799481156
10584,0272015LF15005,东湖路省博物馆至湖北日报公交站路段LF,114.373854034060,30.573554187724
10445,55,胜利街一元路口,114.309980948090,30.598574038114
10163,3,洪山广场隧道南,114.342157463140,30.549120661681
10162,2,省政府大门,114.348493572370,30.551519172014
99,420100000000000275,民主路胭脂路丁字路口,114.314640295780,30.550777504087
98,420100000000000274,民主路武昌路路口（古楼洞）,114.315476154660,30.550596835023
10248,17,中山大道武胜路口,114.274290498190,30.570833608092
10249,18,中山大道利济路口,114.279580013160,30.571361411324
10567,254,金山大道机场高速路口,114.237272002420,30.642538278962
10566,396,汉施公路欣椹大道段,114.381394125840,30.684452421555
10565,395,汉施路椹家矶段,114.364857714830,30.673786547096
10564,394,汉施路江岸路段,114.359511730270,30.671007983315
91,420100000000000265,临江大道船艇大队,114.299625219830,30.550511487367
10243,173,友谊大道新河街路口,114.323459503730,30.571336576229
93,420100000000000268,体育街彭刘杨路,114.310715072980,30.545517798054
92,420100000000000267,临江大道前进路（万达公馆）,114.314349450740,30.571027374939
95,420100000000000270,中山路武昌火车站门口,114.321560155470,30.534427725046
94,420100000000000269,张之洞路体育街,114.309548181570,30.539902349738
97,420100000000000272,中山路中铁十一局,114.324524972050,30.553986340972
96,420100000000000271,中山路民主路路口,114.325289992930,30.549407020116
10093,0272014JY00033,关山大道创业街JY,114.419172335400,30.507113645026
10092,0272014JY00032,临江大道中华路JY,114.301862344580,30.556054112692
10091,0272014JY00031,友谊大道武昌大队JY,114.323658837940,30.563375555635
10090,0272014JY00030,彭刘杨路黄鹤楼南路JY,114.308125486330,30.545514196746
10097,0272014JY00037,光谷大道武汉传媒学院JY,114.427860604400,30.447060490959
10096,0272014JY00036,光谷大道凌家山北路JY,114.428139277210,30.492214490168
10095,0272014JY00035,光谷大道高新四路JY,114.427532483170,30.454750340827
10094,0272014JY00034,关山大道南湖大道JY,114.416366016810,30.484915347128
10099,0272014JY00041,临江大道中山路JY,114.306386538630,30.561349406658
10098,0272014JY00039,珞瑜东路关山大道JY,114.419895560010,30.513148380698
10359,429,玫瑰西街建行段,114.217110456840,30.571704272854
10447,57,新华路体育场正门,114.282247305940,30.593129054090
238,420100120000000104,解放大道台北路,114.295151180350,30.595921015966
239,420100120000000105,解放大道万松园路（外环）LF,114.274486503170,30.586686335248
234,420100120000000100,解放大道三环线_东500M_进城LF,114.171256891550,30.619334891608
10350,357,拦江路鹦鹉花园段,114.274934868040,30.549599494719
236,420100120000000102,解放大道球场街东LF,114.302089806110,30.602763500399
237,420100120000000103,解放大道汉宜路西(至汉西路)LF,114.241958152180,30.582098702571
230,420100120000000096,光谷大道黄龙山南路LF,114.426822252890,30.472611527423
231,420100120000000097,和平大道建设九路_进城LF,114.414996054200,30.648209193640
232,420100120000000098,后湖大道全民健身中心LF,114.292060283680,30.646157217431
233,420100120000000099,后湖大道新荣客运站_进城LF,114.339497978560,30.663644546521
1050,420100000000000183,工业二路随州街路口,114.402622801250,30.631297262570
1051,420100000000000182,工业二路恩施街路口（,114.402653270760,30.627201833371
1052,420100000000000181,工业二路鄂州街路口,114.402654388980,30.634686088737
1053,420100000000000185,工业四路黄州街路口,114.411716769980,30.629122302008
1054,420100000000000194,建八路红钢二街,114.407594047260,30.649343858139
1055,420100000000000196,临江大道四马路口,114.312118418820,30.567680077211
1056,420100000000000195,临江大道大成路口,114.299181252740,30.548524660485
1057,420100000000000197,临江大道南湾俊园人行横道,114.310641514020,30.565859449829
1058,420100000000000193,和平大道粮道街中学人行,114.333326849890,30.588901762499
1059,420100000000000205,平安路瑞安街,114.325997280460,30.518739329341
10353,364,玫瑰东路永丰路口,114.219943898680,30.571463683767
1,420100000000000149,长江大桥,114.289104972270,30.558703039221
10380,266,多福路汉正街口,114.283306485100,30.572796349584
10441,51,中山大道前进四路,114.295742146560,30.582991575446
146,420100000000000356,京汉大道_前进一路,114.286756569270,30.587302210478
1176,0272014bk10017,国博大道_三环线_进城出城bk,114.237778130780,30.505413729046
1175,0272014bk10006,光谷一路_三环线_进城出城bk,114.443282148540,30.472744264253
145,420100000000000326,书城路文治街路口,114.343629041560,30.507309440405
142,420100000000000323,书城路文秀街路口,114.346151865590,30.511782653895
143,420100000000000324,书城路文馨街路口,114.341712832750,30.501215134756
1171,0272014bk10012,文化大道_三环线_北300M_出城bk,114.328382498420,30.460038357000
1170,0272014bk10011,民族大道_三环线_北1KM_出城bk,114.397894587930,30.470850460843
10358,428,琴台大道兵工厂,114.245452130660,30.569938225077
149,420100000000000392,长江二桥bk,114.335214440600,30.606521932945
10062,0272014JY00098,工业路随州街JY,114.393705050720,30.631475081727
10063,0272014JY00010,沿江大道卢沟桥路JY,114.320364343180,30.611600856111
10060,620011020,沿江大道三阳道JY,114.314069168350,30.601709864973
10061,706761002,三眼桥三眼桥北路,114.289494573020,30.615035699076
10066,0272014JY00040,中山路和平大道JY,114.312405307410,30.560895486735
1301,0272014JW10001,八一路隧道南出口处,114.371194441240,30.536605943875
1302,0272014JW10002,八一路_广八路,114.364021923570,30.539537981307
1303,0272014JW10003,八一路珞珈南路,114.364281894290,30.539281437627
10068,0272014JY00008,沿江大道天津路JY,114.307759139690,30.588427135461
10069,0272014JY00005,澳门路光华路JY,114.297931512670,30.609975657052
133,420100000000000314,友谊大道建二路口,114.388616165340,30.623650364465
132,420100000000000313,青化路康宁路路口,114.503432262760,30.609249932784
131,420100000000000312,友谊大道团结路,114.346173360360,30.592704481850
130,420100000000000311,青王公路动车基地,114.451286119470,30.573547068699
137,420100000000000318,友谊大道才茂街,114.357405847280,30.604624619477
136,420100000000000317,友谊大道才华街（二桥大队）,114.352745442120,30.599523298623
134,420100000000000315,友谊大道秦园路,114.344227867970,30.590884496375
10343,488,21号公路武钢20号门处,114.482245683810,30.622943188498
10342,487,21号公路K5+660处,114.478537214100,30.635581786657
139,420100000000000320,友谊大道铁机集团门口,114.369051662110,30.613687958313
138,420100000000000319,和平大道建七路口,114.405999403530,30.643954723787
10347,354,汉阳大道都市兰亭段,114.274799842450,30.555756106087
10569,0272014JY00099,惠济路惠济四路,114.302928398740,30.619551425606
10345,213,翠微路归元寺正门端,114.267694066730,30.552043205735
10344,489,21号公路青化路口,114.489060190950,30.609325710371
10527,327,黎黄陂路中队段,114.304835951380,30.594194297401
10196,35,长江二桥和平大道路口,114.366401621890,30.621179061334
10525,325,洞庭街一元路口,114.311189870300,30.598010651597
10524,253,友谊南路晴川桥段,114.289147626350,30.574879604602
10523,252,沿河大道民族路口,114.291143194330,30.572657026108
10522,251,三民路铜人像段,114.292156979560,30.578083963035
10288,292,文化路无名十字路口,114.322048274370,30.453124072073
10197,36,徐东大街友谊大道段,114.350231443380,30.595898426244
10286,290,卓刀泉南路虎泉路,114.374696452380,30.521330048803
10287,291,珞狮南路南湖大道,114.345688708170,30.485601005322
10284,304,东湖路双湖桥段,114.361185056080,30.557927610776
10285,289,卓刀泉立交桥下,114.376238576600,30.525386883164
10282,300,东三路八一路,114.350868368170,30.543517827434
10283,303,友谊大道长江隧道出口,114.329903620080,30.578483000989
10280,298,东湖路水果湖路,114.349991707190,30.553353042867
10281,299,东湖路白鹭街,114.352688174400,30.557861893931
10480,190,京汉大道武展西路口,114.279109853470,30.584506766571
10448,58,新华路江汉北路口,114.280985590180,30.597068846737
10449,59,建设大道西北湖广场段,114.275222577980,30.600955166830
10118,0272014JY00072,建设大道妙墩路JY,114.267635222260,30.598893276934
10119,0272014JY00073,三眼桥路唐蔡路JY,114.282395040420,30.624238784307
10116,0272014JY00065,红旗渠路新湾三路JY,114.256748826540,30.629530207743
10117,0272014JY00068,沿河大道古田四路JY,114.218140889150,30.592034615836
10114,0272014JY00060,汉江大道江汉桥东侧JY,114.272108126490,30.567286491114
10115,0272014JY00062,新华路马场角路JY,114.275337655080,30.613376610765
10112,0272014JY00055,冶金大道工人村路JY,114.432706281990,30.632539806802
10113,0272014JY00057,冶金大道工业二路JY,114.402628516910,30.636864266963
10110,0272014JY00053,和平大道建设二路JY,114.382608644020,30.630971322081
10111,0272014JY00054,建设八路红钢三街JY,114.408692161260,30.647506462671
10556,386,利济南路北端,114.278733173160,30.575844821479
10557,387,多福路燕山巷段,114.282988841800,30.577331524543
10542,345,民主一街前进二路,114.290959773360,30.584330334076
10592,027LF2015002,崇仁路沿河大道LF-QK,114.268228892220,30.571007736178
10593,027LF2015003,沿河大道~口路LF-QK,114.256771489570,30.574056612409
10590,0272014JY00006,建设大道解放公园路JY,114.294526458430,30.615373619208
10591,027LF2015001,多福路口沿河大道LF-QK,114.283993763520,30.569223431884
10596,027LF2015006,古田三路沿河大道LF-QK,114.209338126600,30.593224212227
10597,027LF2015007,沿河大道军事经济学院LF-QK,114.199204805530,30.587678229205
10594,027LF2015004,沿河大道水厂路LF-QK,114.226970411870,30.583788489571
10595,027LF2015005,沿河大道~口区政府LF-QK,114.220591724540,30.588009105772
10598,027LF2015008,利济东街民意四路LF-QK,114.284198946260,30.581656222583
10599,027LF2015009,顺道街民意四路LF-QK,114.283056646490,30.583799472983
10189,109,卓刀泉立交桥顶层,114.376452314940,30.525351893994
1177,0272014bk10004,团结大道_三环线_进城出城bk,114.430606036850,30.616536990737
10642,0272015JY00002,青年路淮海路JYC,114.269338697360,30.608005949221
144,420100000000000325,书城路文惠街路口,114.347320577870,30.513469674536
10233,136,友谊大道纺机路口,114.360129199010,30.607114255423
10232,135,友谊大道铁机路口,114.361001381000,30.608433082666
88,420100000000000262,友谊大道园林路,114.375857850050,30.617989687925
10230,133,友谊大道建一路口,114.384413781850,30.621464036591
10237,143,首义广场北路弯道,114.314481698290,30.549341980844
10198,37,徐东大街团结大道段,114.357636731880,30.590143464202
10235,139,友谊大道秦园路口,114.344179513470,30.591246444217
10234,137,友谊大道才华街口,114.352653277170,30.599853774517
82,420100000000000256,汉阳大道永丰路,114.166455001360,30.565855806219
83,420100000000000257,和平大道新生路,114.327508300420,30.581826555155
80,420100000000000254,芳草大道四新南路,114.205763818960,30.528858353422
81,420100000000000255,芳草大道四新北路,114.211148608080,30.538570197453
86,420100000000000260,和平大道建一路,114.379068230280,30.628826917880
87,420100000000000261,友谊大道建一路,114.384741405250,30.621870052326
84,420100000000000258,临江大道电厂站,114.322715122970,30.583428118960
85,420100000000000259,临江大道秦园路,114.333408523500,30.597914062432
140,420100000000000321,丁字桥南路建安街,114.332000337950,30.510155934773
141,420100000000000322,书城路南湖大道丁字路口,114.338708877190,30.487346251254
10558,388,多福路品牌广场段,114.283364283300,30.575396494733
10568,0272014JY00097,沿江大道芦沟桥路JY,114.320222689950,30.611641776663
170,420100120000000025,后湖大道后湖四路,114.301223092430,30.650940077283
586,0272013kx13001,金桥大道与和谐大道路口,114.301726187290,30.659454033234
587,0272013kx13002,金桥大道与后湖大道,114.296594465080,30.648529660321
584,0272010TS10015,武汉大道_徐东高架南落点卡口TS,114.360141086100,30.588480221923
585,0272013TS10016,徐东大街(销品茂至宏昌路)TS,114.352747593710,30.594001782793
582,0272010TS10013,徐东大街_团结大道路口TS,114.357553402800,30.590605660119
583,0272010TS10014,武汉大道岳家嘴立交麦德龙TS,114.364534111500,30.585333431433
581,0272010TS10012,徐东大街_友谊大道TS,114.349942070100,30.596319657234
588,0272013kx13003,金桥大道与兴业路路口,114.292245613900,30.639359567912
589,0272013kx13004,金桥大道与正义路路口,114.293075147540,30.636122231509
245,420100120000000113,高新大道省体校门口LF,114.458532707720,30.492955125774
10619,027LF2015027,解放大道皇经堂菜场LF-QK,114.198479441880,30.605788057618
247,420100120000000115,马沧湖路动物园路以南200米LF,114.254424523960,30.550236394329
246,420100120000000114,塔子湖东路三环线_南700MLF,114.288591115930,30.653384256700
241,420100120000000108,罗七路汉阳大道北LF,114.234502562980,30.564906747266
240,420100120000000106,解放大道新世界酒店（至青年路）LF,114.271573543070,30.585740429723
243,420100120000000111,琴台大道五琴路西300MLF,114.257899873870,30.561874516410
242,420100120000000109,珞瑜东路三环线_西500M_进城LF,114.459872929200,30.516770439279
248,420100120000000116,友谊大道三环线_西1KMLF,114.421710781240,30.625035960381
10517,246,京汉大道友谊路口,114.284298408160,30.586771311070
10466,81,沿江大道六合路口,114.316985870190,30.605897759425
10508,236,姑嫂树路兴业路口,114.272610505730,30.631603884557
1009,9000009,杨春湖和谐路,114.423196138170,30.610966595670
1008,9000008,欢乐大道工业四路,114.417943117010,30.605030297754
1007,9000007,欢乐大道工业二路人行过街,114.412686826340,30.604731409147
1006,9000006,欢乐大道工业二路,114.407455146170,30.603698286828
1005,9000005,欢乐大道园林一路,114.395814894380,30.599842421877
1004,9000004,欢乐大道园林路人行过街,114.395365087270,30.599207920445
1003,9000003,欢乐大道园林路,114.386157044780,30.595181424761
1002,9000002,欢乐大道青化卡口,114.431631873210,30.604989460998
1001,9000001,欢乐大道红庙卡口,114.382841333590,30.593691039121
10450,60,新华路江汉区委正门段,114.278152028820,30.607033385738
591,0272013kx13006,黄浦大街与建设大道路口,114.304942589300,30.624516621113
10309,315,青王公路团结路,114.443080558020,30.617118772536
10308,86,解放大道崇仁路口,114.266884206260,30.583892679161
10307,313,友谊大道三弓路口,114.380439642160,30.619936013178
10306,312,工业四路随州街路,114.411557319600,30.631138099840
10305,31,解放大道黄浦路口,114.316119441440,30.618357478278
10304,311,工业二路随州街路,114.402650289050,30.631153013876
10303,30,黄浦路立交桥全景,114.313356411990,30.619764372736
10302,310,工业路随州街路,114.393799054320,30.631353238355
10301,29,解放大道永清街口,114.312497594020,30.613998535018
10300,309,三弓路旅大路口,114.372629578030,30.629777595285
592,592,二环线解放大道上桥匝道口出口附近,114.235118453410,30.591752409378
179,420100120000000034,解放大道宝丰路,114.258354030710,30.583512639882
178,420100120000000033,中山大道利济路,114.278793683840,30.576251734727
177,420100120000000032,香港路菱角湖路,114.282287826380,30.616286475540
176,420100120000000031,新华路长江日报路,114.277516457340,30.610373299170
175,420100120000000030,京汉大道前进五路,114.290927059280,30.589181768347
174,420100120000000029,京汉大道友谊路路,114.284468233160,30.586415013928
173,420100120000000028,民权路黄陂街口,114.299056726080,30.576376631180
172,420100120000000027,沿江大道民生路,114.302987349130,30.578877164428
171,420100120000000026,友谊路民主街,114.285825842460,30.583568917603
198,420100120000000058,自治街前进四路口,114.291125432870,30.586819307570
10646,0272015JY00111,青年路(航空路-电业路）JYC,114.271195609380,30.591593239727
10628,027LF2015036,武胜路中山大道LF-QK,114.274811479390,30.575466345748
10502,230,建设大道台北路东段,114.285407696380,30.605256317174
597,597,二环线淮海路路口（桥上）,114.240354733350,30.612226397211
10629,027LF2015101,建设大道汉西路以东(1KM)LF-QK,114.242332195670,30.592362605681
182,420100120000000038,鹦鹉大道汉新大道路口,114.256075987430,30.522646321553
599,599,二环线常腾路路口（桥上）,114.246515871820,30.613771435640
2,420100000000000150,江汉一桥,114.274014282050,30.569434549508
10513,242,北湖西路西北湖路口,114.271265591400,30.608539072593
10468,83,建设大道解放公园路口,114.294540644130,30.615112716930
184,420100120000000040,澳门路绿缘路路口,114.302832289320,30.606861429263
1121,420100000000000176,东一路洪山侧路,114.349534745100,30.548862162456
10620,027LF2015028,解放大道辛加地北路LF-QK,114.208487995460,30.600758187067
10621,027LF2015029,解放大道湖北警官学院LF-QK,114.213808284900,30.598128808759
10622,027LF2015030,解放大道湖北长江出版印刷物资有限公司LF-QK,114.214880706640,30.597662333313
10506,234,解放公园惠济路口,114.296585960320,30.614529718964
10624,027LF2015032,解放大道汉水熙园LF-QK,114.223016320980,30.592587447434
10625,027LF2015033,汉西一路简易路LF-QK,114.226024914900,30.589027267164
10626,027LF2015034,~口路中山大道转盘LF-QK,114.257740649060,30.576052723073
10627,027LF2015035,武胜路航空路立交上桥处LF-QK,114.274283018130,30.584070507381
10152,16,江汉一桥全景,114.273113896380,30.567079298955
10153,12,长江大桥汉阳桥头,114.288445993780,30.559042276678
10150,asdf,ad,114.199386196090,30.636590321015
10151,2,洪山广场,114.343558110340,30.552489245499
10156,15,龟山尾,114.275153340910,30.559028108259
10157,42,汉阳大道钟家村路段,114.270940024200,30.555575574008
10154,13,长江大桥汉阳引桥,114.285702626400,30.560542034498
10155,14,龟山中,114.282594301840,30.559905373411
10408,0272014JY00092323,汉江大道江汉桥西侧JY,114.273560488560,30.567338320874
10409,0272014JY00091,江堤中路江欣苑路JY,114.251970442890,30.535984087245
10158,105,金马凯旋楼顶,114.216717354220,30.569050355808
10159,106,马沧湖路动物园路口,114.254749289430,30.551938708192
10390,348,解放大道皇经堂大市场,114.199237778570,30.605693400529
10391,349,长丰大道古田四路口,114.225138220220,30.613403723439
10019,0272011xx10005,沿江大道五福路,114.315813544420,30.604578721759
10018,0272011xx10004,兴业路后湖五路,114.306582876780,30.646192381507
10394,590,二环线振兴三路路口（桥下）,114.249404001570,30.615149174125
10395,591,二环线振兴东路路口（桥下）,114.252677935490,30.616408778485
10396,594,二环线汉西铁路小区路口（桥上）,114.236165219270,30.598470470976
10397,595,二环线汉西二手汽车交易市场（桥上）,114.235003746180,30.603294708326
10013,272014GGZN14001,天兴洲大桥桥中,114.400242189070,30.681087443681
10012,11135,文治街文昌路,114.338165317930,30.508830435849
10011,11134,文馨街文昌路,114.336821743500,30.502246124589
10010,11149,静安路南安街,114.326885783810,30.529242511124
10017,0272011xx10003,胜利街六合路,114.314733847980,30.606809001641
10016,0272011xx10002,兴业路温馨路,114.320813093580,30.652789792388
10015,0272011xx10001,兴业路百步亭花园路,114.324363340850,30.653984522104
10014,272014GGZN14002,天兴洲大桥青山侧,114.411056407040,30.663215460009
11,420100000000000178,水果湖路水果湖横路,114.350015936880,30.553168685122
10623,027LF2015031,解放大道武汉市公安局水上分局LF-QK,114.216519851850,30.596401136737
10511,240,长江日报路菱角湖路口,114.280071678240,30.610287035261
10499,228,金桥大道三金潭立交桥,114.304988057310,30.669863445888
10498,227,金桥大道后湖大道口,114.296543833230,30.649042176953
10497,226,建设大道江大路口,114.302215353090,30.622685397443
10496,225,中山大道黄兴路口,114.304360463020,30.595782463755
10495,223,澳门路惠济路口,114.294203964150,30.610891306457
10494,222,永清路惠济路口,114.304589011940,30.620770387295
10493,221,台北路台北一路口,114.290056335300,30.600144562448
10492,220,香港路光华路口,114.294799049130,30.607202891923
10491,219,黄孝河路江大路口,114.292543560690,30.623845325186
10490,219,黄孝河路江大路口,114.292544376310,30.623843958835
10277,295,徐东大街省电力,114.377413822750,30.581293800310
10276,287,洪山广场民主路,114.341696087890,30.550932428181
10275,286,洪山广场洪山路,114.345676638910,30.551412354090
10274,285,洪山广场八一路,114.344935265300,30.549968182419
10273,284,民主路中铁七局段,114.336132572110,30.550302459934
10272,283,解放路中华路,114.306822670760,30.554651364586
10271,282,粮道街胭脂路,114.315218998870,30.553433978503
10270,281,中山路中铁十一局,114.324450016220,30.554995760432
10402,583,二环线解放大道交汇路口,114.231938332900,30.587333642905
10279,297,梅苑路文安路,114.331367505650,30.536905441320
10278,296,中南路中南二路,114.340481788370,30.546151061312
10475,101,常青路华安里段,114.249254660810,30.626917538287
10431,618,二环线二七侧路至赵家条小路之间（桥上）,114.298002350280,30.631287156900
10477,103,古田二路长丰大道路口,114.208865014410,30.613566536118
10403,0272014JY00086,江城大道琴台路JY,114.250836070630,30.566305974431
10578,0272015LF15007,珞狮路北港村至傅家咀公交站路段LF,114.348853524720,30.503425429051
10579,0272015LF15008,珞狮路傅家咀至南湖山庄公交站路段LF,114.346170870750,30.497804767272
10473,100,香港路马祖路口,114.297171927290,30.602689252435
10430,617,二环线赵家条小路路口（桥上）,114.301063397500,30.632106396440
10574,0272014TS10044,解放大道大智路（长江海事局对面）公交卡口TS,114.299052048290,30.600095166551
10575,0272014TS10046,解放大道黄浦路（长江水利委员会旁）公交卡口TS,114.313187504710,30.615266109685
10576,0272014TS10046,解放大道循礼门（武汉市总工会对面）公交卡口TS,114.291627988750,30.592233281887
10577,0272014TS10047,二七长江大桥公交卡口TS,114.349064949460,30.634979542424
10570,0272014TS10040,解放大道中山公园侧门公交卡口TS,114.277374695260,30.587707031515
10571,0272014TS10041,解放大道SOGO商场旁公交卡口TS,114.291234300500,30.591392575351
10572,0272014TS10042,解放大道西马路天桥公交卡口TS,114.297952944210,30.599040142991
10573,0272014TS10043,解放大道香港路义和巷公交卡口TS,114.297939038500,30.598422143873
10432,619,二环线二七侧路路口（桥上）,114.306128717460,30.633354135429
10088,0272014JY00028,解放大道海工大JY,114.254749312910,30.581694529893
10089,0272014JY00029,南泥湾大道古田二路JY,114.205319510740,30.608084555651
10084,0272014JY00024,友谊大道武车路JY,114.331914249060,30.580277229961
10085,0272014JY00025,京汉大道武展东路JY,114.281993845630,30.585572581601
10086,0272014JY00026,建设大道宝丰一路JY,114.259188017330,30.590421447826
10087,0272014JY00027,沿河大道古田三路JY,114.209306418390,30.593083407796
10080,0272014JY00019,沿河大道双厂巷JY,114.251420357340,30.577163433783
10081,0272014JY00020,友谊大道才林路JY,114.354975753680,30.602073978567
10082,0272014JY00021,沿河大道崇仁路JY,114.268176918430,30.570775579301
10083,0272014JY00022,友谊大道铁机路JY,114.355077741620,30.602071212026
10437,47,沿江大道民生路,114.302731524600,30.578550888626
10643,0272015JY00001,建设大道青年路JYC,114.269790467520,30.600342142602
10436,46,沿江大道青岛路口,114.306137293070,30.586425121124
202,420100120000000062,中山大道民生路口,114.295444065960,30.583005055647
205,420100120000000065,新华路_建设大道路口,114.278253880110,30.602341097722
10472,99,发展大道黄孝河路口,114.292718139620,30.628625786900
10514,243,解放大道武商路口,114.275752345060,30.586740564576
77,420100000000000251,大兴路路段,114.296133805090,30.573795891952
76,420100000000000250,顺道街_前进二路,114.289272978280,30.586232249056
75,420100000000000249,京汉大道_江汉路,114.292967991810,30.590651735068
74,420100000000000247,京汉大道崇仁路,114.267772187040,30.579751719934
73,420100000000000246,解放大道蓝天,114.261315321940,30.584009906333
72,420100000000000245,解放大道工农路,114.176448740430,30.615556641790
71,420100000000000244,解放大道长丰大道,114.174340332030,30.616252025898
70,420100000000000243,金门路,114.296528047510,30.605107657886
79,420100000000000253,红旗渠路_新华路,114.266217435590,30.632102427466
78,420100000000000252,红旗渠路_新湾五路,114.262815891010,30.631219785538
1043,420100000000000221,冶金大道_工业一路口,114.398175436170,30.636932347287
1042,420100000000000215,友谊大道123街坊人行道,114.378002210940,30.619037850898
1041,420100000000000216,友谊大道工业三路口,114.402667283050,30.625218624831
1040,420100120000000083,常青一路新华路,114.267078632390,30.629602939526
1047,420100000000000190,和平大道八大家路口,114.393598990600,30.637286566257
1046,420100000000000192,和平大道建设三路口,114.386203192320,30.633135324122
1045,420100000000000212,冶金大道_二轻学院路口,114.420158805000,30.635231540839
1044,420100000000000213,冶金大道_工业三路口,114.407157139740,30.636775267277
10515,244,解放大道武展东路口,114.280372567400,30.588105136579
1049,420100000000000184,工业路恩施街路口,114.393763056700,30.627361509345
1048,420100000000000191,和平大道建九路口,114.413573655040,30.647506034548
10392,350,同济医院正门,114.267707467580,30.584531825815
10641,0272015JY00004,武珞路黄鹤楼东路JYC,114.308472653610,30.547035340491
10393,589,二环线常滕路路口（桥下）,114.245944315490,30.614038599426
10398,596,二环线展望路路口（桥上）,114.235256878270,30.606166373451
10399,600,二环线振兴三路路口（桥上）,114.248592022280,30.614749287268
10064,0272014JY00012,临江大道彭刘杨西路JY,114.299206060180,30.548446931502
10470,97,常青路机场高速入口,114.243716080320,30.633980035265
10065,0272014JY00092,工业二路黄州街JY,114.406920400430,30.631055249235
10199,38,岳家嘴立交桥上,114.367877266130,30.583172330235
1018,420100120000000045,沿江大道青岛路口,114.306269606490,30.586281824704
521,0272013TS10018,徐东大街（徐东嘉园至团结大道）TS,114.360396601600,30.589085068085
10354,424,汉阳大道西桥路口,114.269304795310,30.555569829539
10355,425,国博大道归元寺路口,114.268322994650,30.549956802614
10356,426,鹦鹉大道夹河路口,114.272786642420,30.546865929519
10357,427,汉阳大道滨江大道口,114.286596236380,30.554440869543
10179,163,扁担山陵园处,114.192461605110,30.571111032383
10351,358,汉阳大道马沧湖段,114.256560328080,30.557466938332
10059,0272014JY00102,南湖大道华农北门路口,114.359911125810,30.486728747099
10058,0272014JY00030,京汉大道前进一路JY,114.286533126140,30.587633945386
10057,272014GGZN14013,鹦鹉洲长江大桥武昌侧,114.292369497770,30.537789713551
10056,272014GGZN14012,鹦鹉洲长江大桥汉阳侧,114.282941855020,30.541540964995
10055,0272014JY00007,光谷大道创业街路口,114.429593511910,30.505685456448
10054,701301002,滨江大道龟北路,114.288043458770,30.557061857186
10053,11122,平安路雅安街,114.326347075240,30.515377537537
10052,0272011xx10037,知音大道月湖桥东翼道口,114.253405339070,30.571161124306
10051,0272011xx10036,知音大道龙灯堤路口,114.253435451130,30.571349990018
10050,0272011xx10035,金龙路玫瑰街路口,114.213635772560,30.572552158601
120,420100000000000299,建一路吉林街,114.380440001130,30.627100884607
121,420100000000000301,建二路和平大道,114.382620619950,30.630960852649
122,420100000000000302,建设一路旅大街（单行线）,114.376233204750,30.632243426880
123,420100000000000304,青化路武钢冶末公司门口,114.471310984570,30.601351202887
124,420100000000000305,洪山路_天鹅路路口,114.359656491290,30.552312548758
125,420100000000000306,青化路武钢侧门,114.468117365110,30.600886151874
126,420100000000000307,洪山路_省委门口,114.356999709540,30.552091961047
127,420100000000000308,青王公路青化路丁字路口,114.446838980680,30.595135644645
128,420100000000000309,青王公路武东路丁字路口,114.448661692930,30.585475139460
129,420100000000000310,团结大道秦园东路,114.351076365280,30.586124354037
10538,338,解放大道武展西路口,114.278427051790,30.587647588570
1010,9000010,欢乐大道杨春湖路,114.425130421110,30.604791898800
10423,611,二环线竹叶山转盘黄浦大街路口,114.295069897970,30.630145382765
10349,356,归元寺路复地翠微新城,114.266965289710,30.554115579801
10611,027LF2015019,南泥湾大道古田四路LF-QK,114.221110031190,30.603857878891
10610,027LF2015018,南泥湾大道警官学院门口LF-QK,114.216435873300,30.605321046826
10613,027LF2015021,古田三路古田路LF-QK,114.209822524840,30.596037866020
10612,027LF2015020,南泥湾大道汉西三路LF-QK,114.228115637180,30.599932786623
10615,027LF2015023,建设大道海军工程大学LF-QK,114.241393532620,30.592998685018
10614,027LF2015022,建设大道云都路LF-QK,114.258759733370,30.590344735795
10617,027LF2015025,古田四路沿河大道LF-QK,114.218157144700,30.592111148222
10616,027LF2015024,汉西北路旧车交易市场LF-QK,114.236803429210,30.608715344856
10539,342,唐家墩路万国路口,114.277235633920,30.615812439987
10618,027LF2015026,古田一路南泥湾大道LF-QK,114.191098354200,30.611740319773
10530,330,三眼桥路江大路口,114.282862991900,30.624331228509
10531,331,江大路俊才路口,114.287413103430,30.624424455514
10532,332,曙光幼儿园,114.306687811340,30.616990562016
10533,333,后襄河二路金家墩路口,114.261221169090,30.617408531475
10534,334,红旗渠路金墩路口,114.262637061550,30.631371670749
10535,335,民族路大兴路口,114.291527353990,30.574169800627
10536,336,友谊南路清芬一路口,114.288861390970,30.578807343654
10537,337,自治街前进二路口,114.289582656330,30.586397491207
10420,608,二环线俊才街路口,114.287092673540,30.627450843590
1029,420100120000000066,马场角路新华下路路口,114.275356839810,30.613488332082
10446,56,胜利街三阳路口,114.312295628340,30.602342411678
10439,49,中山大道游艺路口,114.282569239300,30.577864623389
10438,48,沿江大道龙王庙,114.298272877280,30.572359189344
10129,0272014JY00056,友谊大道工业四路JY,114.411663841070,30.625151123418
10128,0272014JY00050,京汉大道~口路JY,114.257745616130,30.577987101612
10123,0272014JY00078,友谊南路民主二路JY,114.287042739840,30.581472186166
10122,0272014JY00077,沿江大道张自忠路JY,114.318384847260,30.608817887423
10121,0272014JY00076,黄孝河路江大路JY,114.292553326070,30.623791759469
10120,0272014JY00075,三眼桥路三眼桥北路JY,114.285903886020,30.619011317197
10127,0272014JY00023,友谊大道新生路JY,114.323754641030,30.571247411369
10126,0272014JY00009,沿江大道南京路JY,114.305500559060,30.584929875246
10125,0272014JY00084,工业路鄂州街JY,114.393805319390,30.634837169658
10124,0272014JY00079,友谊路自治街JY,114.285194243310,30.584604222962
10400,601,二环线振兴东路东路口十字路口中间（桥上）,114.252752162880,30.616787127720
10340,485,21号公路焦沙路口,114.463815614830,30.646375047518
10644,0272015JY00010,青年路万松园横路JYC,114.270990509470,30.592108478552
10346,353,拦江路三中门前,114.278839549920,30.550461145441
10401,602,二环线复兴二村车站附近（桥上）,114.254278307380,30.617475079157
10545,375,友谊南路泰源轻纺城北,114.289433251440,30.576437276208
10544,352,民权路黄陂街,114.299065425240,30.576440319965
10547,377,友谊南路晴川桥28号桥墩段西,114.288464239390,30.571848049983
10546,376,友谊南路大夹街段,114.288683672400,30.574072975803
10228,131,友谊大道工业一路口,114.397921915690,30.625607139241
10229,132,友谊大道建三路口,114.392265838050,30.625505788036
10543,351,宝丰一路宝丰二路口,114.259344254520,30.585309836832
387,TidC0390420112000000,金山大道东吴大道路口,114.126492336560,30.632089058612
388,TidC0391420112000000,金山大道吴中路,114.162630360690,30.639594681762
10225,128,友谊大道三环线段,114.432258886330,30.625145463721
10226,129,友谊大道工业四路,114.411587051480,30.625091320817
10227,130,友谊大道工业二路口,114.402343172840,30.625555409890
10220,121,和平大道建五路口,114.397953633980,30.640340841779
10221,122,八大家转盘,114.397953905300,30.640346261933
10222,123,和平大道建二路口,114.382581682560,30.630937500685
10223,124,和平大道建一路口,114.378904963270,30.628754096349
10459,70,建设大道台北路口,114.284246291920,30.605325076404
10183,187,龙阳大道烟厂段（摩尔城）,114.213312759920,30.564377975577
10182,184,汉阳大道三环立交桥,114.172818754150,30.569872821658
10541,344,万松园路雪松路口,114.272630243650,30.598103646722
252,420100120000000120,琴台大道罗七路东100MLF,114.237338005840,30.571610152553
10540,343,江汉北路渣家路口,114.290421040070,30.592660023469
1164,0272014HK10100,长江大桥_黄鹤楼（武昌至汉阳HK),114.300465243570,30.552286561791
579,0272010TS10010,长江二桥_徐东落点卡口TS,114.346417494050,30.598905947290
578,0272011TS10009,珞狮南路_南湖大道TS,114.345459696720,30.485909372616
573,0272011TS10004,八一路_沙湾路TS,114.402378400170,30.536864171803
572,0272011TS10003,八一路_阳光路TS,114.396760243330,30.537119503950
571,0272011TS10002,八一路_卓北路TS,114.381895319180,30.534729381720
570,0272011TS10001,卓北路_广卓路TS,114.381186771980,30.533443387398
577,0272011TS10008,珞狮南路_武梁路TS,114.347213971920,30.499926130226
576,0272011TS10007,珞狮南路_文荟街TS,114.354435202650,30.512983349681
575,0272011TS10006,八一路_延长线沙湾卡口TS,114.404652004100,30.536808843087
574,0272011TS10005,八一路_鲁磨路TS,114.415766469030,30.531556470957
60,420100000000000233,胜利街三阳路,114.312289561570,30.602505996578
61,420100000000000234,沿江大道三阳路,114.314067810730,30.601706056923
62,420100000000000235,南京路路段,114.300446014920,30.588225851182
63,420100000000000236,绿缘路路段,114.303125129630,30.607276949946
64,420100000000000237,胜利街一元路,114.309658389980,30.598560851550
65,420100000000000238,胜利街五福路,114.313869171500,30.605312967610
66,420100000000000239,建设大道台北路,114.284859265670,30.604720282982
67,420100000000000240,中山大道卢沟桥,114.315968756090,30.613167572205
68,420100000000000241,黄孝河路解放公园路,114.292663852490,30.616446535395
69,420100000000000242,台北路台北一路,114.290259336130,30.600037890205
253,420100120000000121,江城大道_梅子山隧道(往月湖桥)LF,114.250962500380,30.564551148601
257,420100120000000125,芦沟桥路武汉天地（至中山大道）LF,114.319469859270,30.611969280580
254,420100120000000122,解放大道台北路东LF,114.295759157800,30.596326646093
255,420100120000000123,解放大道解放公园东LF,114.311514925710,30.612721316213
10549,379,沿江大道晴川桥西,114.289133297740,30.569766951008
156,420100000000000399,沿江大道滨江苑LF,114.326299804030,30.621740299546
10548,378,友谊南路晴川桥28号桥墩段东,114.288471581870,30.571898125017
1038,420100120000000081,安居路幸福街,114.327387326880,30.657073093246
1039,420100120000000082,常青三路新湾一路,114.250070494000,30.630411272020
10405,0272014JY00088,京汉大道友谊路JY,114.283906520080,30.586635332812
1032,420100120000000069,解放大道汉西路口,114.245152488560,30.582075176062
1033,420100120000000070,解放大道宝丰一路口,114.259518759070,30.584276385704
1030,420100120000000067,京汉大道_游艺路口,114.279481094160,30.584543342327
1031,420100120000000068,中山大道荣华一路口,114.271466770650,30.575305935816
1036,420100120000000078,百步亭花园路安居路,114.325883635890,30.650933750091
1037,420100120000000080,汉阳大道西桥路口,114.269426707320,30.555746791038
1034,420100120000000071,南泥湾大道古乐路口,114.208809693220,30.607267140928
1035,420100120000000073,南泥湾大道古田二路口,114.205323310480,30.608101706768
10318,90,解放大道水厂路口,114.238374446400,30.583458145896
10319,321,梨园正门,114.380815284670,30.580253036795
10310,316,临江大道建八路,114.405708765440,30.652470501545
1168,0272014bk10009,珞瑜东路_三环线_西500M_出城bk,114.456821688160,30.516136481343
10312,317,东湖南路风光村路口,114.383804310200,30.540719243575
10313,88,解放大道双厂巷口,114.253672425870,30.581435251838
10314,318,鲁磨路植物园路段,114.417354655950,30.548532173846
10315,89,解放大道汉西路口,114.246287062380,30.582254130884
10316,319,东湖东路磨山大门,114.411005224230,30.550583569904
10317,320,环湖路鹅嘴路口,114.413830837980,30.565512794167
168,420100120000000023,中山大道黄兴路,114.304378569380,30.595693158060
169,420100120000000024,中山大道车站路口 ,114.305669408180,30.596809969969
164,420100120000000015,利济南路(沿河大道至中山大道)LF,114.278910888570,30.575452403387
166,420100120000000021,京汉大道黄石路口,114.296383430260,30.593644932622
167,420100120000000022,中山大道南京路口,114.299399919090,30.588655227375
160,420100120000000010,沿江大道_民生路西50MLF,114.303066008880,30.578392671085
161,420100120000000011,崇仁路(中山大道至沿河大道)LF,114.267759845490,30.579288298890
162,420100120000000012,多福路(中山大道至沿河大道)LF,114.282990460030,30.577097660146
163,420100120000000013,沿河大道(~口路至崇仁路)LF,114.258020067670,30.572709061262
10341,486,21号公路K4+160处,114.467844468420,30.640592508645
10474,101,常青路华安里段,114.249258188630,30.626915087234
1106,14001,武咸公路红霞物流,114.267742183980,30.443282780224
1107,420100120000000075,鹦鹉大道翠微路口,114.272735516740,30.551962768363
1104,420100120000000056,后湖大道后湖五路,114.304418769630,30.652585366530
10476,102,常青路复兴村路口,114.260125939640,30.613362363132
1103,420100120000000049,京汉大道_公安路口,114.305952656490,30.602174908808
10471,98,金桥大道兴业路口,114.292249694130,30.639370910721
10188,203,琴台路金龙路,114.215545043400,30.577516341848
1108,420100120000000072,南泥湾大道丰硕路口,114.197903071840,30.609930886833
1109,420100120000000055,后湖大道汉黄路路口,114.340966072780,30.664030405083
10004,0272012TS10027,二环线(高架)_友谊大道(罗家港)卡口TS,114.369766440930,30.615765466723
10005,0272014bk10024,长江大桥_龟山（汉阳_武昌BK)bk,114.286441501790,30.560024361081
10006,0272014HY10002,解放大道_黄浦路二层高架,114.316174142290,30.618397020906
10007,0272014HY12001,琴台大道_三环线米粮村卡口,114.171544792920,30.582389805897
10002,0272014bk10021,解放大道汉黄路_出城bk,114.341189277090,30.662228941867
10168,152,汉阳大道五琴路口,114.258097758920,30.557479992507
10167,148,龙阳大道陶家岭段,114.199215204960,30.538620582193
10166,150,汉阳大道罗七路口,114.232413411110,30.559234190248
10164,4,武珞路中南路口,114.342271510830,30.549025266443
10008,问问,测试1,114.349419492620,30.634746650718
10009,2222222222,后湖,114.219443230810,30.590156804919
10161,146,二桥路玫瑰园路口,114.217665290200,30.571488852912
10160,145,二桥路琴台路口,114.220150962050,30.576290616424
10369,588,二环线长丰大道交汇路口（东南）,114.239099464060,30.612198028348
10368,587,二环线淮海路路口（桥下）,114.239720153290,30.611658547494
10365,584,二环线汉西一路交汇路口,114.234299285330,30.591689124934
10364,435,汉阳大道十里建材市场段,114.222907294420,30.566331541969
10367,586,二环线汉西小学附近,114.236459768370,30.598316314721
10366,585,二环线建设大道交汇路口,114.234819551160,30.591425693657
10361,431,鹦鹉大道锦绣长江警务平台,114.273085792060,30.539858269786
10360,430,长丰桥汉阳侧上桥处,114.174320749720,30.605803202276
10363,433,芳草路隆兴东街口,114.218362378890,30.552983571189
10362,432,芳草路四新北路口,114.211108303380,30.538646250643
10559,389,多福路大夹街,114.283244483030,30.573910356569
10521,250,中山大道前进一路,114.291201640620,30.580924355069
10479,188,建设大道高雄路口,114.289609335230,30.609455080233
10289,293,南湖大道江大师范学院,114.332085586840,30.487556672311
10478,104,沿河大道友谊南路口,114.289105497090,30.570814622701
10488,217,三眼桥路三眼桥北路口,114.285933247470,30.622323435004
10489,218,工农兵路二七路口,114.319561874820,30.633531271250
10440,50,中山大道友谊路口,114.288343377590,30.579915680313
9,420100000000000175,东湖路水果湖横路,114.350711306680,30.555335456776
10481,191,京汉大道前进四路口,114.289405879900,30.588617927602
10482,193,京汉大道大智路口,114.300927706000,30.597567409581
10483,194,京汉大道三阳路口,114.306593366480,30.602643049446
10484,198,市委正门高清,114.299389302530,30.612943340342
10485,199,市政府正门高清,114.312304306110,30.598746161600
10486,215,京汉大道解放公园路口,114.310384261150,30.608125426698
10487,216,京汉大道卢沟桥路口,114.314190068040,30.613871496291
10260,201,省政府正门高清,114.348189875430,30.551494655810
10261,271,和平大道理工大,114.361570155310,30.617175765964
10262,272,中山路公平路,114.320170006670,30.560049376929
10263,274,中山路解放路,114.308952730920,30.560728232957
10264,275,临江大道彭刘杨路口,114.298289440240,30.546175196505
10265,276,临江大道张之洞路口,114.296833698680,30.541510079853
10266,277,首义路701所门前,114.315080861270,30.536899019056
10267,278,张之洞路中南财大,114.319107352820,30.539122457672
10268,279,解放路彭刘杨路,114.304768242890,30.545432219529
10269,280,解放路火炬路,114.307907232980,30.557513371447
10509,238,建设大道新华路口,114.278124994400,30.602381650789
10467,82,沿江大道四维路口,114.315278239160,30.603058670270
10464,79,中山大道黄浦路口,114.318563737610,30.616685702671
10465,80,沿江大道卢沟桥路口,114.320424275490,30.611500905724
10462,78,建设大道黄浦路口,114.304662745020,30.624444656536
10463,77,发展大道黄浦路口,114.295210547320,30.630223991423
10460,72,建设大道澳门路口,114.292515119650,30.611547970544
10461,76,京汉大道江汉路口,114.292965362990,30.590780643495
10501,229,香港路唐家墩段,114.279434121560,30.617991784085
10500,229,香港路唐家墩段,114.279431394210,30.617989661601
10503,231,中山大道大智路口,114.301706632470,30.592045025439
10528,328,兴荣村客运站门前,114.340677475700,30.664266427213
10505,233,长江隧道南京路入口段,114.301157291740,30.587916285614
10504,232,沿江大道天津路出口,114.307245653150,30.587830617987
10507,235,解放公园正门段,114.300401638570,30.612569985070
10469,85,解放大道青少年宫段,114.293228035180,30.593710626768
10526,326,解放公园路育才高中门前,114.306972969510,30.609483335810
10417,605,二环线银墩路路口（北）,114.259809979470,30.620347960615
10348,355,动物园正门段,114.251645013970,30.552674262118
10416,604,二环线银墩路路口（南）,114.259767160120,30.619503817803
10415,603,二环线常青路交汇处,114.255749546460,30.618207079583
10215,116,和平大道工人村路口,114.430812109700,30.647734354575
10214,115,冶金大道工业二路口,114.402614074350,30.636858273307
10217,118,和平大道建十路口,114.417369673930,30.649323005596
10216,117,和平大道建十一路口,114.420797620020,30.649078948124
10211,112,冶金大道天兴洲段,114.426815932560,30.633997414351
10210,111,冶金大道企业路口,114.432589273370,30.632560040423
10213,114,冶金大道工业四路口,114.411953339660,30.636924021982
10212,113,冶金大道青山大队,114.416355522460,30.635966479677
10413,0272014JY00085,关山大道新竹路JY,114.417696615690,30.495174938302
10219,120,和平大道建七路口,114.405778955920,30.644100605876
10218,119,和平大道建八路口,114.409965061520,30.646123766310
10412,0272014JY00094,光谷七路神墩三路JY,114.544512922690,30.483984244886
10185,196,江城大道四新大道口,114.226545243760,30.525051877738
10184,195,江城大道墨水湖桥南,114.235513913260,30.539185332816
10187,202,鹦鹉大道前进集贸市场,114.262422535350,30.528906908823
10186,197,江城大道三环立交桥,114.217825000830,30.513576383125
10181,182,汉阳大道锅顶山变电站,114.198195596350,30.573076173981
10180,180,汉蔡路金龙路路口,114.212563043500,30.569631297397
1078,0272014LF14009,发展大道振兴二路LF,114.252260459510,30.616510142529
1079,0272014LF14007,发展大道青年路LF,114.263175188910,30.620831459683
1076,0272014LF14010,发展大道振兴三路LF,114.248114462090,30.613977119662
1077,0272014LF14006,发展大道金墩街LF,114.266037652000,30.621592715750
1074,0272014LF14005,发展大道新华西路LF,114.269513962840,30.622350421258
1075,0272014LF14011,发展大道振兴四路LF,114.246133470030,30.613563016205
1072,0272014LF14012,发展大道淮海路LF,114.239813922170,30.612005890688
1073,0272014LF14004,发展大道三眼桥路LF,114.281875789520,30.625533948537
1070,0272014LF14014,建设大道汉西一路LF,114.234754152180,30.591518625356
1071,0272014LF14013,汉西路常码侧路（空军九通基地）LF,114.237136518730,30.609453516233
10442,52,中山大道江汉路口,114.298410120850,30.586377175189
5,420100000000000157,江汉二桥,114.226537185770,30.583319511845
10443,53,中山大道南京路口,114.299528837440,30.588830470410
1094,420100000000000198,流芳大道东园西路,114.457708582370,30.429862006354
1095,420100000000000187,光谷二路富五路,114.464626506850,30.430161260985
1096,420100000000000179,高新二路湖北第二师范学院大门口LF,114.456092261400,30.482418066385
1097,420100000000000204,南湖大道软件园三路,114.409798076940,30.485680555375
1090,420100000000000186,光谷大道南湖大道路口LF,114.427357830440,30.483915824016
1091,420100000000000180,高新四路中芯二路LF,114.457929002480,30.460267532196
1092,420100000000000200,珞喻东路军械士官学校,114.472524744110,30.515991318465
1093,420100000000000201,珞喻东路青王公路,114.477601951480,30.515496217937
263,420100120000000132,三环线青菱立交_东3.5KMLF,114.310533330700,30.463616815167
262,420100120000000131,三环线光谷大道立交1.5KMLF,114.429980075330,30.470563295678
261,420100120000000130,南湖大道省农科院研究所,114.324618190870,30.487854188025
260,420100120000000129,南湖大道华农北门以东300米处,114.360094228360,30.486744756461
267,420100120000000136,民族大道三环线_北1KM_进城LF,114.399476830050,30.475999042057
266,420100120000000135,江汉一桥西便道(至沿河大道)LF,114.274085872690,30.573056610497
265,420100120000000134,解放大道汉黄路南200M_进城LF,114.340896695610,30.661304985292
264,420100120000000133,友谊南路满春街_至晴川桥LF,114.288461166580,30.579277538546
269,420100120000000138,107国道新沟桥中队门前LF,113.995164571330,30.739872589410
268,420100120000000137,珞狮南路_三环线_北300M_进城LF,114.335660932420,30.465975280446
10388,346,沿河大道知音桥东侧,114.227008988900,30.583645566629
59,420100000000000232,沿江大道六合路,114.316673979860,30.606005595661
58,420100000000000231,B_香港路工商局,114.284537531930,30.615068828039
10386,340,利济北路一医院入口处,114.277651752290,30.578061630593
57,420100000000000230,铭新街南京路,114.296148832850,30.590945504812
56,420100000000000229,京汉大道解放公园路,114.310334711830,30.608170837338
51,420100000000000222,金山大道金南一路东LF,114.232801136520,30.643290321908
53,420100000000000224,琴台大道_江城大道东500MLF,114.252598617700,30.564385959909
52,420100000000000223,三民路(中山大道至沿河大道)LF,114.291371654060,30.580493270242
259,420100120000000128,三环线欢乐大道立交_北1KMLF,114.439468822150,30.597217816295
598,598,二环线丰雅交汇处（桥上）,114.242812544100,30.612914707878
1413,0272014bk10014,白沙洲大道_三环线_北200M_出城bk,114.277798615450,30.478637790203
1414,0272014bk10015,常青路_三环线南_进城出城bk,114.243942406180,30.633712565636
1415,0272014bk10016,冶金大道_三环线_北500M_进城出城bk,114.426590781750,30.633952635304
10048,0272011xx10033,利济北路顺道街路,114.276077370970,30.580932501595
10049,0272011xx10034,玫瑰街永丰路,114.219789737520,30.571458507518
10323,323,中山路隧道西进口,114.321219100270,30.533934974321
10322,92,建设大道宝丰路口,114.259044056040,30.590370944003
10325,93,建设大道峡谷段,114.244641776430,30.590571141038
10324,324,中山路雄楚大道立交,114.319330353290,30.530242284810
10327,366,武珞路邮科院出口,114.396178948170,30.518842398333
10326,365,武珞路光谷会展中心,114.389903512080,30.522113708597
10040,0272011xx10026,沿河大道古田路口,114.207821203930,30.593313446651
10041,0272011xx10027,沿河大道汉宜路口,114.248612233440,30.578776415402
10042,0272011xx10028,沿河大道利济南路口  ,114.280649354240,30.568310155247
10043,0271011xx10003,高雄路台北一路,114.293118558110,30.600509940991
10044,0272011xx10030,球场路苗栗路,114.299951066620,30.604019974742
10045,0272011xx10031,黄孝西路西北湖路,114.272072646910,30.604022675948
10046,0272011xx10031,游艺路顺道街路,114.280389044830,30.582690697020
10047,0272011xx10032,游艺路顺道街路,114.280380866530,30.582685142944
115,420100000000000292,体育路烈士街,114.309617580730,30.542384808964
114,420100000000000291,丁字桥路文安路丁字路口,114.340089424970,30.535865018265
117,420100000000000295,首义路张之洞路,114.315704792940,30.539240957535
116,420100000000000294,紫阳东路东安路,114.327637718210,30.537490423428
111,420100000000000288,平安路雅安街,114.326274134130,30.515356333610
110,420100000000000287,恒安路雅安街,114.320584199800,30.515277171932
113,420100000000000290,恒安路瑞安街,114.320684863950,30.518544396852
112,420100000000000289,平安路瑞安街,114.325987825260,30.518736200518
119,420100000000000298,建一路辽宁街,114.383280870740,30.623725474604
118,420100000000000297,楚善街张之洞路,114.312276819470,30.539725385223
10381,267,利济南路建设银行门口,114.279062687550,30.572787841776
256,420100120000000124,中北路洪山广场北LF,114.344781268530,30.553930910254
10520,249,中山大道前进五路口,114.296933794750,30.584398764022
10602,027LF2015011,解放大道简易路LF-QK,114.229623630650,30.589151638724
10079,0272014JY00017,公正路紫砂路JY,114.338642236830,30.561511160249
10600,027LF2015037,汉西一路汉西三路LF-QK,114.230892465870,30.595105205902
10606,027LF2015014,解放大道联工路LF-QK,114.184362240110,30.612854370097
10607,027LF2015015,解放大道消防中队路LF-QK,114.258433805870,30.583696825562
10604,027LF2015010,顺道街游艺路LF-QK,114.280346001600,30.582744352785
10171,155,琴台路五琴路段,114.258729535710,30.560756047170
10608,027LF2015016,解放大道联谊路LF-QK,114.172663722240,30.617585314062
10609,027LF2015017,古田一路解放大道LF-QK,114.190627411580,30.609816565657
10224,127,和平大道才华街口,114.349835306250,30.606122298428
10134,0272014JY00064,后湖大道百步亭路JY,114.329602910350,30.662596764734
10135,0272014JY00066,民族大道南湖大道JY,114.402070141360,30.485441028336
10136,0272014JY00067,秦园东路沙湖路JY,114.353668351600,30.582087863016
10137,0272014JY00069,欢乐大道杨园南路JY,114.371862440580,30.587462248910
10130,0272014JY00058,解放大道六十三中JY,114.251068295440,30.581742588213
10131,0272014JY00059,和平大道学院路JY,114.331323169520,30.586489841208
10132,0272014JY00061,京汉大道芦沟桥路JY,114.314275473010,30.613704410861
10133,0272014JY00063,兴业路中一路JY,114.289139107270,30.638135743515
10138,0272014JY00070,北湖西路马场横路JY,114.274449033990,30.609402063710
10139,0272014JY00071,北湖西路西北湖路JY,114.271337201230,30.608474073917
181,420100120000000037,汉西三路汉西一路,114.230829678410,30.595017016226
10429,616,二环线俊才街路口（桥上）,114.287040928270,30.627467639133
10039,0272011xx10025,沿河大道多福路口,114.284644962410,30.567742098431
10038,0272011xx10024,解放大道远大路,114.193029330890,30.608461228542
10035,0272011xx10021,解放大道古田四路,114.218928387060,30.594747562478
10034,0272011xx10020,解放大道丰硕路,114.196113430460,30.606988897910
10037,0272011xx10023,解放大道古田三路,114.210549373930,30.599476874694
10036,0272011xx10022,解放大道古田一路,114.190515971300,30.609755372524
10031,0272011xx10017,新湾一路常青五路,114.249359950410,30.632320053726
10030,0272011xx10016,前进二路民主一街,114.290627985400,30.584454879599
10033,0272011xx10019,解放大道新加地小学,114.204819283820,30.602622448855
10032,0272011xx10018,新湾五路常青五路,114.261093129630,30.635198735240
10433,43,市政府大门,114.312343765150,30.598937119985
10321,322,中山路张之洞路口,114.323385685350,30.538811136006
10320,91,建设大道航空路口,114.260458151880,30.592574101170
10259,200,省委正门高清,114.358174698070,30.552168106934
10258,189,公正路余家湖路口,114.343054020840,30.562059075438
10554,384,利济南路汉正街口,114.279687400430,30.571352466129
10555,385,利济南路长堤街口,114.278920792220,30.574019962701
10552,382,沿河大道暨济大厦段,114.281710425310,30.568017543847
10553,383,利济南路客运中心段,114.280058685520,30.570078402603
10550,380,沿江大道永宁巷段,114.287399798310,30.567834468319
10551,381,沿河大道多福路路口,114.284629905920,30.567916205604
10251,20,解放大道航空路口,114.273105155930,30.586138033570
10250,19,航空路立交桥武胜路上桥处,114.274294995980,30.584034212012
10253,22,解放大道中山公园段,114.279377428200,30.588024421446
10252,21,航空路立交全景,114.272370167320,30.586281412008
10255,24,解放大道江汉北路口,114.291039986380,30.591816181459
10254,23,解放大道新华路段,114.283439730770,30.588896620536
10257,179,张之洞路首义路口,114.315868783070,30.538991734917
10256,25,解放大道台北路口,114.295373616490,30.595546252730
10329,368,华中科技大学正门,114.419547477490,30.513137562743
10435,43,市委大门,114.299403017310,30.613368977592
10328,367,鲁巷广场段,114.404836496470,30.512221309563
10404,0272014JY00087,澳门路湖边坊JY,114.300374995450,30.608124231239
10311,87,解放大道~口路口,114.258982929070,30.584017568632
10645,0272015JY00110,青年路(建设大道-雪松路）JYC,114.269812121200,30.599906547074
10434,45,沿江大道兰陵路口,114.309024621430,30.591990874227
229,420100120000000095,关山大道_华夏学院_进城LF,114.415325418190,30.472569414285
228,420100120000000094,古田二路_三环线_南800M_进城LF,114.208666906940,30.627939444371
227,420100120000000093,东三环_白云路匝道(武汉站)LF,114.435992107360,30.608795692597
226,420100120000000092,白沙洲大道_三环线_北200M_进城LF,114.278002845580,30.479297035728
225,420100120000000091,沿湖路东湖渔场LF,114.387444226230,30.584995784249
224,420100120000000084,友谊南路满春街路口,114.288760080490,30.578739075257
1025,420100120000000059,解放大道新华路路口,114.283150028660,30.589252288139
1024,420100120000000057,自治街前进一路口,114.287826096030,30.585641914955
1027,420100120000000063,新华路江汉北路路口,114.280375761100,30.597206469413
1026,420100120000000060,京汉大道_前进四路口,114.289560551010,30.588638833989
1021,420100120000000050,建设大道解放公园路口,114.294738710190,30.615447366702
1020,420100120000000048,京汉大道_交易路口,114.299597476870,30.596346007782
1023,420100120000000053,兴业路后湖二路路口,114.298616970240,30.641992285739
1022,420100120000000052,兴业路后湖四路路口,114.302772474320,30.643819485823
1186,0272014bk10022,高新二路_进城出城bk,114.461353288420,30.482131467834
1187,0272014bk10023,米粮山立交_进城出城bk,114.175386314970,30.581092226096
1184,0272014bk10013,和平大道建设九路_出城bk,114.414403657260,30.648081673429
1182,0272014bk10020,古田二路_三环线_南800M_出城bk,114.208700009250,30.628324143990
1028,420100120000000064,新华路协和医院横道,114.282843501380,30.590509593319
1180,0272014bk10018,江城大道_三环线_进城出城bk,114.218368268610,30.514360089324
1181,0272014bk10019,解放大道三环线_东500M_出城bk,114.170496247250,30.620361230899
10071,0272014JY00001,滨江大道龟北路JY,114.290903686230,30.562618169570
10529,329,解放大道百步亭花园路口,114.335087557090,30.645956747924
10406,0272014JY00089,京汉大道崇仁路JY,114.267675235820,30.579940731135
10236,140,武青四干道秦园路口,114.350939840070,30.586101686440
151,420100000000000394,长江隧道LF,114.312863893340,30.584868003523
1165,0272014bk10003,东二环_水果湖隧道bk,114.361582147570,30.554350107422
1166,0272014bk10007,金桥大道_三环线_进城出城bk,114.303343738750,30.663890348787
1167,0272014bk10008,汉阳大道_三环线_进城出城bk,114.177339840090,30.570279090732
1163,0272011XX10000,沿江大道黎黄陂路,114.309176356010,30.591887859016
1201,0272012LF227,长江大桥_龟山（汉阳_武昌BK)DELLF,114.285482984090,30.560264823348
1169,0272014bk10010,关山大道_华夏学院_出城bk,114.414944837240,30.471796182755
10389,347,解放大道古田五路口,114.227368070020,30.590650157711
10452,62,唐家墩路香港路口,114.278907893730,30.620949332825
10239,142,长江大桥下桥匝道,114.307920484080,30.545780505716
10238,141,首义广场北路弯道,114.318360042680,30.548299395546
1111,0272014TS10035,东湖路_天鹅路路口TS,114.361424101880,30.558145711814
1110,420100120000000061,中山大道六渡桥天桥段,114.291084847980,30.580868621745
1113,0272014TS10037,洪山路_惠明路路口TS,114.354394238410,30.551894787783
1112,0272014TS10036,天鹅路_白鹭街路口TS,114.360490671770,30.555826512773
1115,0272014TS10039,八一路_珞狮北路路口TS,114.362575958820,30.540258397955
1114,0272014TS10038,洪山路_水果湖横路路口TS,114.350179355710,30.551591974569
1117,420100120000000039,澳门路惠济路路口,114.294202761680,30.611053038665
1116,420100120000000051,建设大道江大路,114.302581135530,30.622686133685
1119,420100000000000217,中北路岳家嘴,114.366427272370,30.581159312097
1118,420100000000000218,中南路中南二路口,114.340581851640,30.545989835928
1173,0272014bk10005,谌家矶大道_三环线_进城出城bk,114.388124081020,30.687979813489
10178,162,江城大道墨水湖大桥北,114.242325334550,30.549130921161
10070,0272014JY00013,沿江大道民权路JY,114.301088770670,30.575258523950
10073,0272014JY00003,汉蔡路扁担山JY,114.192313962450,30.571173709821
10072,0272014JY00002,琴台路五琴路JY,114.258704644090,30.560571348276
10075,0272014JY00010,解放大道江汉路JY,114.291416386040,30.591733198011
10074,0272014JY00004,光谷大道创业街JY,114.429618742740,30.505728664593
10077,0272014JY00012,新华路北湖西路JY,114.277450962000,30.610294692601
10076,0272014JY00011,新华路北湖正街JY,114.277991517550,30.607336623122
10170,154,琴台路文化宫立交,114.269688548580,30.557335718965
10078,0272014JY00015,彭刘杨路解放路JY,114.300693459120,30.545679552897
10172,156,江城大道琴台路口,114.250228393430,30.563393456443
10173,157,琴台路罗七路口,114.236344178020,30.571719567052
10174,158,琴台路赫山路口,114.229553765580,30.574872526275
10175,159,汉阳大道汉阳火车站段,114.254543147600,30.558047400738
10176,160,鹦鹉大道拦江堤路,114.272984324020,30.548669667520
10177,161,汉阳大队门前,114.269067174530,30.535593897981
10640,0272015JY00003,武珞路中山路JYC,114.325079236140,30.545914633412
10378,264,汉西一路汉西二路口,114.230598948500,30.595152346659
10379,265,利济北路利济东街,114.277228327590,30.579128797017
10376,262,沿河大道桥口路,114.256891220070,30.573498608268
10377,263,汉西二路香江家居,114.228306862540,30.599853112437
10374,260,利济北路顺道街,114.276050125230,30.580976394169
10375,261,沿河大道江汉一桥,114.274116473730,30.569485630426
10372,258,海军工程大学门口,114.253302686150,30.591385587718
10373,259,南泥湾大道西汉正街口,114.197963729020,30.609989020986
10370,256,沿河大道利济南路口,114.280442187490,30.568405994604
10371,257,长丰大道工农路口,114.174192854360,30.616223764931
10410,0272014JY00092,芳草路芳墨路JY,114.223671554920,30.559919681903
10563,393,汉施路解放大道口,114.346162611540,30.673470076765
10562,392,多福路板厂巷段,114.284233408950,30.568806655852
10561,391,多福路儒祥里段,114.284043075000,30.569239163362
10560,390,多福路第一大道1号天桥南侧,114.283501266620,30.570525982917
10414,0272014JY00095,常青一路新湾五路JY,114.263621004630,30.628709028058
