(86,1)
(87,18)
(88,4)
(91,4)
(92,14)
(93,26)
(94,33)
(95,18)
(97,74)
(136,28)
(137,25)
(138,26)
(139,26)
(142,6)
(143,60)
(144,30)
(145,26)
(146,1)
(234,4)
(236,28)
(237,11)
(238,9)
(239,36)
(240,52)
(241,1)
(242,10)
(243,7)
(574,52)
(575,34)
(576,11)
(577,2)
(578,9)
(579,34)
(581,17)
(582,57)
(584,16)
(586,79)
(587,17)
(589,10)
(591,29)
(1001,52)
(1002,73)
(1003,13)
(1004,4)
(1005,17)
(1006,22)
(1007,4)
(1008,1)
(1009,5)
(1010,1)
(1014,121)
(1015,148)
(1016,94)
(1018,8)
(1028,32)
(1029,3)
(1031,5)
(1033,7)
(1034,24)
(1035,5)
(1036,33)
(1037,33)
(1038,6)
(1171,123)
(1173,32)
(1175,35)
(1176,18)
(1177,16)
(1180,71)
(1181,156)
(1182,84)
(1184,34)
(10106,9)
(10107,6)
(10108,27)
(10109,52)
(10111,11)
(10113,21)
(10114,1)
(10115,32)
(10116,18)
(10128,21)
(10130,16)
(10131,21)
(10132,16)
(10133,81)
(10134,43)
(10135,27)
(10136,37)
(10140,52)
(10141,1)
(10142,23)
(10145,104)
(10146,49)
(10403,5)
(10405,6)
(10406,12)
(10408,17)
(10409,25)
(1,54)
(2,69)
(5,12)
(9,19)
(52,4)
(53,8)
(56,20)
(57,17)
(59,5)
(60,1)
(62,3)
(64,5)
(65,2)
(66,16)
(67,11)
(68,17)
(69,36)
(71,10)
(72,12)
(108,2)
(110,15)
(111,24)
(112,18)
(115,17)
(116,5)
(118,9)
(119,9)
(120,5)
(73,26)
(74,10)
(75,10)
(78,38)
(79,4)
(82,32)
(83,9)
(84,11)
(85,11)
(98,10)
(99,4)
(100,10)
(101,20)
(102,12)
(103,19)
(104,9)
(106,6)
(107,14)
(149,104)
(151,39)
(156,13)
(160,1)
(161,8)
(163,3)
(164,10)
(166,21)
(168,9)
(121,5)
(122,9)
(124,37)
(126,12)
(127,22)
(128,1)
(129,48)
(132,24)
(133,8)
(169,4)
(170,52)
(171,29)
(172,14)
(173,16)
(176,12)
(179,47)
(181,70)
(182,17)
(264,8)
(265,21)
(266,13)
(267,6)
(268,33)
(269,36)
(270,112)
(272,27)
(274,51)
(275,25)
(225,23)
(226,40)
(227,10)
(228,39)
(229,13)
(230,42)
(231,2)
(232,87)
(233,4)
(247,17)
(248,31)
(252,44)
(253,29)
(254,52)
(255,32)
(257,10)
(259,63)
(263,90)
(277,2)
(387,8)
(388,19)
(520,5)
(522,6)
(570,34)
(571,21)
(572,13)
(573,15)
(1087,15)
(1088,10)
(1089,14)
(1090,1)
(1091,8)
(1092,5)
(1093,3)
(1096,4)
(1097,10)
(1121,24)
(1122,12)
(1123,22)
(1164,12)
(1165,151)
(1166,62)
(1167,77)
(1168,15)
(1169,37)
(1170,28)
(1039,11)
(1040,9)
(1041,4)
(1042,16)
(1043,3)
(1045,1)
(1046,32)
(1047,1)
(1048,5)
(1019,7)
(1020,5)
(1021,12)
(1022,28)
(1023,13)
(1024,10)
(1025,26)
(1026,39)
(1027,17)
(1186,8)
(1187,23)
(1301,33)
(1302,9)
(1303,3)
(1413,117)
(1414,117)
(1415,31)
(10002,44)
(1049,12)
(1052,2)
(1053,3)
(1055,5)
(1056,2)
(1057,10)
(1061,16)
(1062,8)
(1066,1)
(1067,6)
(1068,5)
(1069,7)
(1070,11)
(1072,7)
(1073,4)
(1074,11)
(1075,11)
(1076,11)
(10006,27)
(10007,64)
(10013,2)
(10014,85)
(10017,12)
(10053,7)
(10056,37)
(10057,53)
(10058,7)
(1103,13)
(1104,5)
(1107,35)
(1108,8)
(1111,9)
(1112,3)
(1113,30)
(1114,2)
(1115,39)
(1077,6)
(1078,8)
(1079,12)
(1080,9)
(1081,23)
(1082,19)
(1083,8)
(1084,5)
(1085,5)
(10410,17)
(10412,1)
(10414,15)
(10424,26)
(10568,39)
(10569,16)
(10570,2)
(10572,1)
(10575,1)
(10062,31)
(10064,35)
(10065,15)
(10066,16)
(10068,23)
(10069,19)
(10070,10)
(10071,30)
(10072,28)
(10073,9)
(10075,16)
(10076,55)
(10077,47)
(10078,11)
(10079,29)
(10080,21)
(10081,7)
(10082,27)
(10085,43)
(10086,19)
(10087,25)
(10088,16)
(10089,10)
(10090,4)
(10091,45)
(10092,10)
(10093,33)
(10094,34)
(10095,32)
(10096,44)
(10097,40)
(10098,65)
(10099,2)
(10101,20)
(10104,19)
(10105,20)
(10117,26)
(10118,28)
(10119,17)
(10120,34)
(10121,17)
(10122,8)
(10123,9)
(10124,1)
(10127,22)
(10576,1)
(10579,1)
(10581,1)
(10582,22)
(10583,1)
(10585,1)
(10586,3)
(10587,1)
(10638,86)
