(1,1)
(2,9)
(56,3)
(57,2)
(61,1)
(64,2)
(104,2)
(106,2)
(107,2)
(108,2)
(110,3)
(111,2)
(160,7)
(164,1)
(166,3)
(170,5)
(171,1)
(176,1)
(240,5)
(243,1)
(248,2)
(252,1)
(254,2)
(1018,1)
(1019,2)
(1021,1)
(1022,3)
(1023,1)
(1051,2)
(1056,1)
(1061,1)
(1062,1)
(1087,2)
(1113,4)
(1114,3)
(1115,15)
(1123,1)
(1164,27)
(10013,2)
(10053,1)
(10056,2)
(10057,2)
(10058,2)
(10115,3)
(10117,3)
(10118,7)
(10120,2)
(10121,3)
(10135,4)
(10136,4)
(10140,3)
(10142,3)
(10145,7)
(78,3)
(87,1)
(88,3)
(94,1)
(95,3)
(129,2)
(136,1)
(137,1)
(138,2)
(139,3)
(228,4)
(229,1)
(231,1)
(232,6)
(233,2)
(67,5)
(68,1)
(69,3)
(73,5)
(75,2)
(270,3)
(274,5)
(275,4)
(520,2)
(571,1)
(97,5)
(98,3)
(100,2)
(101,3)
(102,1)
(112,2)
(115,1)
(121,1)
(122,1)
(127,1)
(584,3)
(586,3)
(591,3)
(1001,3)
(1002,5)
(142,1)
(143,6)
(145,4)
(149,9)
(151,2)
(179,2)
(181,1)
(182,2)
(226,11)
(227,5)
(1187,4)
(1303,1)
(1413,1)
(1414,10)
(1415,1)
(10002,1)
(234,13)
(236,7)
(237,6)
(238,6)
(239,6)
(10077,2)
(10079,3)
(10080,2)
(10081,1)
(10084,4)
(255,9)
(257,1)
(263,5)
(265,4)
(267,1)
(268,8)
(574,3)
(577,2)
(578,1)
(579,9)
(582,2)
(1004,1)
(1005,1)
(1006,1)
(1014,5)
(1015,11)
(1016,9)
(10085,5)
(10086,2)
(10087,1)
(10090,3)
(10091,2)
(10093,6)
(10104,3)
(10105,5)
(10109,4)
(10113,4)
(10114,1)
(1088,1)
(1091,1)
(1092,1)
(1104,2)
(1107,4)
(1111,6)
(1024,2)
(1025,3)
(1026,4)
(1027,1)
(1029,4)
(1173,4)
(1175,4)
(1177,2)
(1180,5)
(1182,1)
(1031,3)
(1033,1)
(1036,2)
(1038,1)
(1041,1)
(10062,1)
(10064,2)
(10065,1)
(10066,1)
(10068,3)
(10122,4)
(10123,2)
(10124,2)
(10126,2)
(10127,2)
(10128,2)
(1165,16)
(1166,6)
(1167,3)
(1168,1)
(1171,1)
(10070,1)
(10071,3)
(10073,1)
(10075,2)
(10076,2)
(10146,2)
(10405,2)
(10406,7)
(10408,1)
(10410,6)
(10094,4)
(10095,2)
(10096,1)
(10097,3)
(10098,2)
(10414,2)
(10424,2)
(10568,4)
(10582,2)
(10638,6)
(10130,1)
(10131,2)
(10132,3)
(10133,4)
(10134,2)
