(59,9)
(60,1)
(62,9)
(63,3)
(64,13)
(65,2)
(66,22)
(67,11)
(68,15)
(104,9)
(106,8)
(107,35)
(108,2)
(110,24)
(111,26)
(112,30)
(115,26)
(116,18)
(166,35)
(168,16)
(170,84)
(171,36)
(172,15)
(173,19)
(176,23)
(179,36)
(181,88)
(263,116)
(264,3)
(265,30)
(266,17)
(267,11)
(268,25)
(269,22)
(270,111)
(1038,5)
(1039,25)
(1040,10)
(1041,7)
(1042,16)
(1043,11)
(1046,15)
(1047,5)
(1048,5)
(1059,3)
(1061,20)
(1062,10)
(1066,10)
(1067,4)
(1068,8)
(1069,7)
(1070,16)
(1072,7)
(1073,4)
(1074,8)
(1075,15)
(1076,12)
(1077,6)
(1078,12)
(1079,12)
(1080,10)
(1081,29)
(10069,16)
(10070,30)
(10071,49)
(10072,31)
(10073,17)
(10075,15)
(10076,56)
(10077,60)
(10078,22)
(10134,49)
(10135,27)
(10136,45)
(10140,34)
(10141,2)
(10142,23)
(10145,101)
(10146,69)
(10403,12)
(10405,1)
(10406,16)
(10408,16)
(10409,29)
(10410,17)
(10412,4)
(10414,25)
(10424,39)
(10568,47)
(69,43)
(71,16)
(72,13)
(73,18)
(74,7)
(75,23)
(77,2)
(78,62)
(79,7)
(118,4)
(119,14)
(120,11)
(121,1)
(122,9)
(124,49)
(126,24)
(127,15)
(129,48)
(1,64)
(2,87)
(5,60)
(9,14)
(11,18)
(52,6)
(53,18)
(56,32)
(57,18)
(82,20)
(83,13)
(84,13)
(85,21)
(87,30)
(88,12)
(91,6)
(92,15)
(93,24)
(182,39)
(225,27)
(226,25)
(227,9)
(228,37)
(229,15)
(230,48)
(231,3)
(232,86)
(94,34)
(95,19)
(97,92)
(98,8)
(99,7)
(100,14)
(101,30)
(102,22)
(103,7)
(132,20)
(133,9)
(136,21)
(137,38)
(138,22)
(139,39)
(142,11)
(143,83)
(144,46)
(233,6)
(234,8)
(236,26)
(237,8)
(238,15)
(239,19)
(240,46)
(241,12)
(242,16)
(272,23)
(274,57)
(275,29)
(277,3)
(387,6)
(388,23)
(520,1)
(522,9)
(570,63)
(145,83)
(146,5)
(149,114)
(151,56)
(156,11)
(160,1)
(161,2)
(163,13)
(164,9)
(581,16)
(582,78)
(584,21)
(586,81)
(589,12)
(591,35)
(1001,50)
(1002,74)
(1003,19)
(571,23)
(572,11)
(573,13)
(574,46)
(575,23)
(576,23)
(577,3)
(578,9)
(579,43)
(243,9)
(247,19)
(248,11)
(252,66)
(253,35)
(254,66)
(255,48)
(257,19)
(259,73)
(1004,2)
(1005,4)
(1006,14)
(1007,2)
(1009,4)
(1014,120)
(1015,188)
(1016,83)
(1018,4)
(1049,11)
(1050,3)
(1051,2)
(1052,11)
(1053,3)
(1054,1)
(1055,11)
(1056,8)
(1057,7)
(1019,6)
(1020,5)
(1021,9)
(1022,32)
(1023,26)
(1024,18)
(1025,25)
(1026,27)
(1027,15)
(1114,1)
(1115,56)
(1121,32)
(1122,18)
(1123,22)
(1164,11)
(1165,160)
(1166,126)
(1028,20)
(1029,6)
(1031,7)
(1032,1)
(1033,5)
(1034,22)
(1035,10)
(1036,46)
(1037,23)
(1082,26)
(1083,5)
(1084,9)
(1085,6)
(1087,23)
(1088,12)
(1089,15)
(1091,9)
(1092,7)
(1167,68)
(1168,18)
(1169,37)
(1170,22)
(1171,119)
(1173,55)
(1175,26)
(1176,22)
(1177,16)
(1095,1)
(1096,2)
(1097,15)
(1103,15)
(1107,50)
(1108,12)
(1111,12)
(1112,4)
(1113,31)
(10053,17)
(10056,57)
(10057,35)
(10058,12)
(10062,21)
(10064,46)
(10065,14)
(10066,24)
(10068,31)
(10089,21)
(10090,7)
(10091,64)
(10092,19)
(10093,32)
(10094,41)
(10095,42)
(10096,45)
(10097,29)
(1180,147)
(1181,137)
(1182,77)
(1184,22)
(1186,18)
(1187,27)
(1301,24)
(1302,12)
(1303,10)
(1413,112)
(1414,161)
(1415,24)
(10002,50)
(10006,46)
(10007,78)
(10013,1)
(10014,61)
(10017,9)
(10079,34)
(10080,35)
(10081,6)
(10082,29)
(10084,8)
(10085,48)
(10086,21)
(10087,48)
(10088,20)
(10111,19)
(10113,19)
(10115,36)
(10116,25)
(10117,40)
(10118,31)
(10119,20)
(10120,16)
(10121,28)
(10122,14)
(10123,12)
(10124,4)
(10127,34)
(10128,24)
(10130,12)
(10131,31)
(10132,14)
(10133,87)
(10098,87)
(10099,6)
(10101,16)
(10104,19)
(10105,28)
(10106,7)
(10107,9)
(10108,25)
(10109,39)
(10569,9)
(10570,2)
(10575,1)
(10578,2)
(10581,3)
(10582,14)
(10583,1)
(10586,2)
