(69,40)
(71,11)
(72,5)
(73,31)
(74,3)
(75,9)
(77,7)
(78,18)
(79,8)
(118,4)
(119,6)
(120,6)
(121,17)
(122,11)
(124,31)
(126,2)
(127,7)
(129,39)
(182,17)
(202,1)
(225,14)
(226,85)
(227,18)
(228,72)
(229,41)
(230,65)
(231,15)
(272,20)
(274,78)
(275,26)
(277,6)
(388,11)
(520,5)
(522,1)
(570,38)
(571,13)
(584,32)
(586,34)
(589,4)
(590,4)
(591,14)
(1001,81)
(1002,117)
(1003,1)
(1004,9)
(1005,7)
(1006,87)
(1008,3)
(1009,5)
(1010,2)
(1014,114)
(1015,161)
(1016,98)
(1018,13)
(1049,7)
(1050,2)
(1051,5)
(1052,5)
(1053,7)
(1054,4)
(1055,2)
(1056,6)
(1057,4)
(1414,136)
(1415,22)
(10002,13)
(10005,11)
(10007,6)
(10013,64)
(10014,12)
(10017,4)
(10053,8)
(10081,21)
(10082,43)
(10084,30)
(10085,24)
(10086,22)
(10087,21)
(10088,7)
(10089,17)
(10090,13)
(10135,55)
(10136,49)
(10140,52)
(10141,7)
(10142,23)
(10145,75)
(10146,48)
(10403,13)
(10405,32)
(10571,1)
(10573,1)
(10575,3)
(10576,1)
(10580,2)
(10581,1)
(10582,1)
(10585,3)
(10638,60)
(82,22)
(83,2)
(84,6)
(85,7)
(86,1)
(87,11)
(88,21)
(91,7)
(92,12)
(132,8)
(133,12)
(136,40)
(137,18)
(138,17)
(139,26)
(142,18)
(143,39)
(144,25)
(145,32)
(60,2)
(61,4)
(62,2)
(63,3)
(64,6)
(65,5)
(66,5)
(67,17)
(68,18)
(232,80)
(233,39)
(234,98)
(236,41)
(237,31)
(238,37)
(239,43)
(240,9)
(241,9)
(103,2)
(104,27)
(106,21)
(107,33)
(110,30)
(111,13)
(112,10)
(115,6)
(116,20)
(572,10)
(573,3)
(574,40)
(575,11)
(576,4)
(577,8)
(578,10)
(579,75)
(581,9)
(582,26)
(168,4)
(169,5)
(170,29)
(171,2)
(172,16)
(173,5)
(176,14)
(179,1)
(181,28)
(1019,30)
(1020,10)
(1021,10)
(1022,14)
(1023,25)
(1024,14)
(1025,42)
(1026,12)
(1027,8)
(259,39)
(263,104)
(264,2)
(265,32)
(266,14)
(267,20)
(268,135)
(269,27)
(270,77)
(1114,20)
(1115,67)
(1121,6)
(1122,17)
(1123,9)
(1164,70)
(1165,117)
(1166,103)
(1167,50)
(1028,7)
(1029,38)
(1031,13)
(1032,1)
(1033,13)
(1034,15)
(1035,9)
(1036,19)
(1037,25)
(1181,4)
(1182,38)
(1184,3)
(1186,9)
(1187,55)
(1301,8)
(1302,11)
(1303,25)
(1413,35)
(1,8)
(2,57)
(5,39)
(9,2)
(11,9)
(52,2)
(53,8)
(56,8)
(57,4)
(59,3)
(1059,1)
(1061,8)
(1062,10)
(1066,4)
(1067,6)
(1068,1)
(1069,9)
(1070,21)
(1072,3)
(10056,29)
(10057,43)
(10058,4)
(10062,13)
(10064,24)
(10065,12)
(10066,9)
(10068,34)
(10069,36)
(1168,24)
(1169,24)
(1170,7)
(1171,43)
(1173,25)
(1175,32)
(1176,26)
(1177,19)
(1180,95)
(93,11)
(94,19)
(95,35)
(97,74)
(98,5)
(99,1)
(100,18)
(101,10)
(102,9)
(10070,42)
(10071,24)
(10072,13)
(10073,9)
(10075,11)
(10076,26)
(10077,30)
(10078,3)
(10079,35)
(10080,21)
(10091,25)
(10092,9)
(10093,80)
(10094,36)
(10095,13)
(10096,46)
(10097,56)
(10098,32)
(10099,4)
(146,7)
(149,37)
(151,52)
(156,13)
(160,14)
(161,2)
(163,3)
(164,4)
(166,19)
(242,10)
(243,5)
(247,13)
(248,19)
(252,22)
(253,16)
(254,23)
(255,73)
(257,12)
(10101,25)
(10104,19)
(10105,14)
(10106,14)
(10107,5)
(10108,14)
(10109,49)
(10111,7)
(10113,17)
(10406,32)
(10408,8)
(10409,28)
(10410,54)
(10412,2)
(10414,21)
(10424,41)
(10568,34)
(10569,8)
(10114,2)
(10115,35)
(10116,7)
(10117,26)
(10118,21)
(10119,6)
(10120,20)
(10121,16)
(10122,14)
(1038,4)
(1039,19)
(1040,8)
(1041,7)
(1042,7)
(1043,2)
(1046,10)
(1047,7)
(1048,19)
(1073,1)
(1074,10)
(1075,3)
(1076,6)
(1077,6)
(1078,5)
(1079,3)
(1080,9)
(1081,25)
(1082,8)
(1083,2)
(1084,8)
(1085,9)
(1087,20)
(1088,9)
(1089,13)
(1091,12)
(1092,17)
(1093,5)
(1095,1)
(1096,1)
(1097,14)
(1103,16)
(1104,20)
(1107,32)
(1108,5)
(1111,87)
(1113,57)
(10123,21)
(10124,7)
(10127,42)
(10128,19)
(10130,22)
(10131,10)
(10132,18)
(10133,80)
(10134,22)
