(84,12)
(85,11)
(86,1)
(87,18)
(88,7)
(91,4)
(92,19)
(93,20)
(94,31)
(133,5)
(136,40)
(137,29)
(138,20)
(139,23)
(142,13)
(143,61)
(144,26)
(145,34)
(232,53)
(233,5)
(234,18)
(236,30)
(237,14)
(238,10)
(239,22)
(240,66)
(241,3)
(572,16)
(573,14)
(574,57)
(575,23)
(576,22)
(577,1)
(578,12)
(579,32)
(581,5)
(1049,11)
(1050,3)
(1051,1)
(1052,5)
(1053,8)
(1054,5)
(1055,2)
(1056,8)
(1057,4)
(1073,8)
(1074,14)
(1075,9)
(1076,10)
(1077,8)
(1078,9)
(1079,17)
(1080,13)
(1081,31)
(1092,14)
(1093,2)
(1095,4)
(1096,8)
(1097,22)
(1103,14)
(1104,2)
(1107,44)
(1108,10)
(1166,173)
(1167,69)
(1168,23)
(1169,33)
(1170,23)
(1171,143)
(1173,53)
(1175,48)
(1176,33)
(10135,6)
(10136,48)
(10140,21)
(10141,1)
(10142,18)
(10145,147)
(10146,63)
(10403,20)
(10405,6)
(10406,18)
(10408,10)
(10409,17)
(10410,24)
(10412,11)
(10414,9)
(10424,19)
(10568,25)
(10569,5)
(72,7)
(73,10)
(74,5)
(75,10)
(77,2)
(78,40)
(79,6)
(82,30)
(83,6)
(62,6)
(63,3)
(64,5)
(65,1)
(66,11)
(67,10)
(68,15)
(69,32)
(71,12)
(1,51)
(2,63)
(5,18)
(9,10)
(52,10)
(53,17)
(56,12)
(57,16)
(59,5)
(60,4)
(95,25)
(97,90)
(98,10)
(99,7)
(100,8)
(101,14)
(102,17)
(103,32)
(104,17)
(119,6)
(120,5)
(121,3)
(122,23)
(124,33)
(126,11)
(127,17)
(129,39)
(132,26)
(106,12)
(107,19)
(108,5)
(110,19)
(111,25)
(112,18)
(115,18)
(116,8)
(118,2)
(146,2)
(149,124)
(151,51)
(156,12)
(160,2)
(161,6)
(163,20)
(164,6)
(166,15)
(182,30)
(184,7)
(225,23)
(226,33)
(227,11)
(228,44)
(229,41)
(230,63)
(231,4)
(168,12)
(169,1)
(170,66)
(171,29)
(172,42)
(173,24)
(176,26)
(179,33)
(181,62)
(242,29)
(243,13)
(247,34)
(248,24)
(252,67)
(253,52)
(254,58)
(255,48)
(257,8)
(259,129)
(263,112)
(264,5)
(265,21)
(266,19)
(267,31)
(268,24)
(269,33)
(270,135)
(272,41)
(582,36)
(584,22)
(586,71)
(587,16)
(589,11)
(1001,72)
(1002,113)
(1003,14)
(1004,3)
(274,65)
(275,43)
(277,1)
(387,7)
(388,29)
(520,2)
(522,3)
(570,59)
(571,17)
(1019,16)
(1020,4)
(1021,10)
(1022,20)
(1023,17)
(1024,13)
(1025,33)
(1026,35)
(1027,30)
(1005,28)
(1006,28)
(1007,8)
(1008,1)
(1009,3)
(1014,114)
(1015,130)
(1016,113)
(1018,16)
(1028,44)
(1029,21)
(1031,6)
(1033,3)
(1034,19)
(1035,4)
(1036,22)
(1037,19)
(1038,3)
(1059,2)
(1061,25)
(1062,19)
(1066,4)
(1067,13)
(1068,6)
(1069,12)
(1070,12)
(1072,20)
(1303,7)
(1413,145)
(1414,174)
(1415,48)
(10002,63)
(10006,31)
(10007,86)
(10013,1)
(10014,96)
(1039,16)
(1040,4)
(1041,10)
(1042,10)
(1043,12)
(1045,6)
(1046,11)
(1047,1)
(1048,4)
(10017,9)
(10053,7)
(10056,44)
(10057,54)
(10058,20)
(10062,23)
(10064,36)
(10065,15)
(10066,34)
(1177,17)
(1180,97)
(1181,120)
(1182,93)
(1184,41)
(1186,14)
(1187,46)
(1301,36)
(1302,12)
(10078,11)
(10079,19)
(10080,36)
(10081,4)
(10082,18)
(10085,9)
(10086,32)
(10087,45)
(10088,34)
(1082,23)
(1083,5)
(1084,9)
(1085,7)
(1087,32)
(1088,18)
(1089,22)
(1090,3)
(1091,4)
(10068,11)
(10069,17)
(10070,24)
(10071,32)
(10072,27)
(10073,18)
(10075,19)
(10076,28)
(10077,15)
(10123,4)
(10124,2)
(10127,55)
(10128,11)
(10130,9)
(10131,12)
(10132,12)
(10133,16)
(10134,43)
(10113,23)
(10114,7)
(10115,47)
(10117,27)
(10118,48)
(10119,19)
(10120,12)
(10121,12)
(10122,6)
(1111,14)
(1112,8)
(1113,26)
(1114,7)
(1115,68)
(1121,28)
(1122,25)
(1123,24)
(1164,11)
(1165,163)
(10089,23)
(10090,6)
(10091,11)
(10092,8)
(10093,78)
(10094,7)
(10095,16)
(10096,31)
(10097,27)
(10098,43)
(10099,5)
(10101,35)
(10104,35)
(10105,4)
(10106,8)
(10108,41)
(10109,61)
(10111,10)
(10570,2)
(10575,1)
(10580,3)
(10581,1)
(10582,16)
(10583,3)
(10584,3)
(10585,1)
(10638,92)
