(69,27)
(71,10)
(72,12)
(73,19)
(74,10)
(75,21)
(77,1)
(78,15)
(79,16)
(121,3)
(122,17)
(124,35)
(126,2)
(127,18)
(129,39)
(132,16)
(133,10)
(136,30)
(226,43)
(227,7)
(228,30)
(229,10)
(230,38)
(232,39)
(233,9)
(234,13)
(236,39)
(277,2)
(387,3)
(388,10)
(520,2)
(522,2)
(570,24)
(571,22)
(572,18)
(573,13)
(1020,8)
(1021,16)
(1022,46)
(1023,27)
(1024,1)
(1025,11)
(1026,39)
(1027,9)
(1028,9)
(1050,7)
(1051,3)
(1052,7)
(1053,8)
(1054,3)
(1055,4)
(1056,11)
(1057,6)
(1059,1)
(1180,60)
(1181,96)
(1182,60)
(1184,32)
(1186,8)
(1187,23)
(1301,62)
(1302,11)
(10053,24)
(10056,48)
(10057,38)
(10058,10)
(10062,17)
(10064,28)
(10065,23)
(10066,23)
(10068,21)
(10098,72)
(10099,8)
(10101,7)
(10104,23)
(10105,15)
(10106,8)
(10107,7)
(10108,27)
(86,1)
(87,38)
(88,24)
(91,16)
(92,23)
(93,22)
(94,31)
(95,12)
(97,51)
(1,44)
(2,62)
(5,14)
(9,1)
(11,20)
(52,6)
(53,19)
(56,24)
(57,22)
(137,38)
(138,24)
(139,26)
(142,5)
(143,120)
(144,16)
(145,80)
(146,6)
(149,83)
(237,2)
(238,2)
(239,21)
(240,23)
(241,13)
(242,10)
(243,11)
(247,19)
(59,8)
(60,2)
(62,9)
(63,4)
(64,7)
(65,2)
(66,12)
(67,18)
(68,24)
(98,3)
(99,1)
(100,9)
(101,14)
(102,20)
(103,17)
(104,16)
(106,9)
(107,23)
(151,36)
(156,15)
(160,3)
(161,9)
(163,11)
(164,12)
(166,20)
(168,11)
(169,1)
(110,24)
(111,33)
(112,40)
(115,27)
(116,15)
(118,3)
(119,15)
(120,7)
(574,23)
(575,33)
(576,11)
(578,11)
(579,35)
(581,3)
(582,33)
(584,20)
(586,20)
(248,19)
(252,47)
(253,25)
(254,42)
(255,70)
(257,16)
(259,40)
(263,44)
(264,8)
(170,114)
(171,18)
(172,20)
(173,7)
(176,17)
(179,18)
(181,59)
(182,21)
(225,9)
(1061,9)
(1062,10)
(1066,11)
(1067,8)
(1068,4)
(1069,18)
(1070,19)
(1072,11)
(587,2)
(589,7)
(590,10)
(591,21)
(1001,40)
(1002,60)
(1003,11)
(1004,5)
(1005,4)
(265,14)
(266,7)
(267,6)
(268,14)
(269,15)
(270,90)
(272,17)
(274,42)
(275,29)
(1082,7)
(1083,6)
(1084,16)
(1085,6)
(1087,27)
(1088,7)
(1089,13)
(1090,4)
(1091,7)
(1029,2)
(1031,6)
(1032,2)
(1033,3)
(1034,17)
(1035,7)
(1036,47)
(1038,10)
(1039,15)
(1006,21)
(1007,2)
(1009,4)
(1014,85)
(1015,108)
(1016,61)
(1018,14)
(1019,5)
(1040,4)
(1041,8)
(1042,8)
(1043,8)
(1045,2)
(1046,16)
(1047,2)
(1048,6)
(1049,8)
(1167,48)
(1168,13)
(1169,22)
(1170,32)
(1171,92)
(1173,14)
(1175,26)
(1176,15)
(1177,10)
(1073,13)
(1074,8)
(1075,10)
(1076,6)
(1077,14)
(1078,3)
(1079,15)
(1080,20)
(1081,13)
(10069,10)
(10070,8)
(10071,40)
(10072,26)
(10073,5)
(10075,10)
(10076,32)
(10077,18)
(10078,13)
(1303,4)
(1413,41)
(1414,154)
(1415,10)
(10002,38)
(10007,25)
(10013,1)
(10014,38)
(10017,7)
(1092,4)
(1096,7)
(1097,16)
(1103,4)
(1104,5)
(1107,43)
(1108,1)
(1111,12)
(1112,2)
(10079,43)
(10080,19)
(10081,2)
(10082,22)
(10084,13)
(10085,21)
(10086,11)
(10087,32)
(10088,26)
(10120,35)
(10121,32)
(10122,14)
(10123,7)
(10127,30)
(10128,16)
(10130,12)
(10131,23)
(10132,19)
(1113,12)
(1114,1)
(1115,52)
(1121,11)
(1122,2)
(1123,23)
(1164,6)
(1165,81)
(1166,91)
(10403,10)
(10405,2)
(10406,8)
(10408,11)
(10409,20)
(10410,17)
(10412,3)
(10414,25)
(10424,28)
(10133,55)
(10134,52)
(10135,26)
(10136,42)
(10140,27)
(10141,2)
(10142,26)
(10145,37)
(10146,48)
(10089,17)
(10090,4)
(10091,54)
(10092,14)
(10093,27)
(10094,32)
(10095,18)
(10096,22)
(10097,41)
(10109,63)
(10111,19)
(10113,17)
(10114,4)
(10115,34)
(10116,12)
(10117,37)
(10118,9)
(10119,17)
(10568,27)
(10569,15)
(10574,2)
(10580,2)
(10581,1)
(10582,13)
(10585,2)
(10638,78)
