(60,6)
(61,1)
(62,4)
(63,2)
(64,16)
(65,2)
(66,18)
(67,15)
(68,18)
(104,12)
(106,18)
(107,36)
(108,1)
(110,49)
(111,43)
(112,33)
(115,27)
(116,36)
(168,10)
(169,4)
(170,121)
(171,22)
(172,10)
(173,18)
(176,40)
(179,62)
(181,103)
(182,38)
(265,24)
(266,12)
(267,19)
(268,66)
(269,19)
(270,98)
(272,17)
(274,82)
(275,40)
(1029,16)
(1031,11)
(1032,2)
(1033,5)
(1034,46)
(1035,11)
(1036,76)
(1037,54)
(1038,11)
(1113,60)
(1114,7)
(1115,95)
(1121,22)
(1122,56)
(1123,22)
(1164,17)
(1165,155)
(1166,110)
(1167,74)
(1168,19)
(1169,37)
(1170,49)
(1171,102)
(1173,29)
(1175,51)
(1176,18)
(1177,14)
(1180,119)
(10071,82)
(10072,61)
(10073,12)
(10075,15)
(10076,60)
(10077,37)
(10078,30)
(10079,70)
(10080,50)
(10124,10)
(10127,56)
(10128,26)
(10130,18)
(10131,31)
(10132,37)
(10133,83)
(10134,83)
(10135,42)
(10136,111)
(82,31)
(83,12)
(84,14)
(85,25)
(86,10)
(87,44)
(88,17)
(91,4)
(92,19)
(93,31)
(1,55)
(2,91)
(5,71)
(9,9)
(11,18)
(52,6)
(53,34)
(56,47)
(57,19)
(59,10)
(133,18)
(136,74)
(137,59)
(138,28)
(139,45)
(142,10)
(143,123)
(144,17)
(145,102)
(94,29)
(95,31)
(97,113)
(98,9)
(99,12)
(100,22)
(101,25)
(102,23)
(103,24)
(69,46)
(71,8)
(72,14)
(73,12)
(74,12)
(75,27)
(77,3)
(78,58)
(79,9)
(234,8)
(236,62)
(237,13)
(238,26)
(239,31)
(240,52)
(241,15)
(242,38)
(243,11)
(146,5)
(149,199)
(151,70)
(156,13)
(160,1)
(161,4)
(163,8)
(164,12)
(166,25)
(118,5)
(119,18)
(120,16)
(121,7)
(122,26)
(124,60)
(126,28)
(127,15)
(129,86)
(132,19)
(225,29)
(226,30)
(227,12)
(228,21)
(229,26)
(230,41)
(231,3)
(232,57)
(233,13)
(247,39)
(248,18)
(252,107)
(253,60)
(254,71)
(255,59)
(257,36)
(259,77)
(263,122)
(264,9)
(574,54)
(575,42)
(576,31)
(577,6)
(578,15)
(579,49)
(581,20)
(582,65)
(584,18)
(586,52)
(587,10)
(589,17)
(590,16)
(591,25)
(1001,138)
(1002,90)
(1003,15)
(1004,8)
(1005,2)
(1039,21)
(1040,6)
(1041,23)
(1042,29)
(1043,20)
(1045,2)
(1046,32)
(1047,3)
(1048,6)
(277,4)
(387,5)
(388,18)
(520,3)
(522,2)
(570,78)
(571,20)
(572,19)
(573,17)
(1049,20)
(1050,9)
(1051,8)
(1052,11)
(1053,6)
(1054,5)
(1055,19)
(1056,5)
(1057,9)
(1059,2)
(1181,116)
(1182,75)
(1184,35)
(1186,18)
(1187,22)
(1301,28)
(1302,19)
(1303,10)
(1413,77)
(1061,25)
(1062,21)
(1066,12)
(1067,8)
(1068,8)
(1069,10)
(1070,20)
(1072,15)
(1073,6)
(1006,26)
(1007,10)
(1008,1)
(1009,2)
(1010,2)
(1014,140)
(1015,215)
(1016,118)
(1018,9)
(10056,72)
(10057,61)
(10058,12)
(10062,45)
(10064,56)
(10065,23)
(10066,35)
(10068,53)
(10069,16)
(10070,25)
(1074,8)
(1075,11)
(1076,10)
(1077,12)
(1078,9)
(1079,11)
(1080,10)
(1081,29)
(1082,23)
(1019,10)
(1020,5)
(1021,15)
(1022,67)
(1023,25)
(1024,9)
(1025,13)
(1026,37)
(1027,15)
(1028,19)
(1083,12)
(1084,15)
(1085,12)
(1087,42)
(1088,18)
(1089,20)
(1090,10)
(1091,18)
(1092,8)
(1093,1)
(10140,63)
(10141,7)
(10142,69)
(10145,78)
(10146,54)
(10403,22)
(10405,3)
(10406,40)
(10408,40)
(1095,1)
(1096,3)
(1097,16)
(1103,34)
(1104,6)
(1107,76)
(1108,8)
(1111,21)
(1112,9)
(10409,59)
(10410,40)
(10412,4)
(10414,20)
(10424,51)
(10568,89)
(10569,19)
(10570,1)
(10571,3)
(1414,201)
(1415,24)
(10002,48)
(10005,2)
(10007,67)
(10013,2)
(10014,72)
(10017,25)
(10053,33)
(10574,2)
(10575,3)
(10580,11)
(10581,2)
(10582,43)
(10583,3)
(10584,1)
(10585,1)
(10638,73)
(10081,10)
(10082,54)
(10084,14)
(10085,45)
(10086,42)
(10087,94)
(10088,31)
(10089,19)
(10090,6)
(10115,55)
(10116,25)
(10117,64)
(10118,30)
(10119,28)
(10120,56)
(10121,66)
(10122,12)
(10123,9)
(10091,90)
(10092,19)
(10093,48)
(10094,51)
(10095,31)
(10096,102)
(10097,69)
(10098,107)
(10099,18)
(10101,18)
(10104,36)
(10105,28)
(10106,26)
(10107,10)
(10108,41)
(10109,81)
(10111,23)
(10113,32)
(10114,6)
