(71,23)
(72,15)
(73,30)
(74,11)
(75,12)
(77,4)
(78,24)
(79,14)
(82,11)
(120,4)
(121,7)
(122,7)
(124,26)
(126,2)
(127,4)
(129,42)
(132,16)
(133,7)
(226,110)
(227,23)
(228,65)
(229,30)
(230,51)
(231,18)
(232,53)
(233,42)
(234,94)
(277,4)
(387,2)
(388,26)
(520,6)
(570,40)
(571,6)
(572,6)
(573,6)
(574,46)
(1043,7)
(1045,2)
(1046,20)
(1047,4)
(1048,25)
(1049,7)
(1050,1)
(1051,2)
(1053,3)
(1164,70)
(1165,135)
(1166,96)
(1167,57)
(1168,33)
(1169,16)
(1170,9)
(1171,25)
(1173,53)
(10064,20)
(10065,7)
(10066,10)
(10068,32)
(10069,28)
(10070,23)
(10071,38)
(10072,17)
(10073,16)
(10118,34)
(10119,5)
(10120,23)
(10121,7)
(10122,2)
(10123,24)
(10124,25)
(10127,50)
(10128,32)
(10130,26)
(10131,14)
(10132,14)
(10133,106)
(10134,20)
(10135,36)
(10136,26)
(10140,33)
(10141,7)
(83,5)
(84,6)
(85,15)
(87,15)
(88,13)
(91,5)
(92,23)
(93,18)
(94,20)
(136,30)
(137,22)
(138,12)
(139,21)
(142,10)
(143,57)
(144,18)
(145,34)
(146,6)
(236,28)
(237,45)
(238,49)
(239,38)
(240,17)
(241,1)
(242,16)
(243,15)
(247,23)
(61,2)
(62,5)
(63,5)
(64,1)
(65,3)
(66,7)
(67,17)
(68,13)
(69,32)
(106,17)
(107,21)
(110,33)
(111,18)
(112,16)
(115,2)
(116,13)
(118,4)
(119,10)
(1,3)
(2,74)
(5,40)
(9,11)
(52,6)
(53,9)
(56,16)
(57,5)
(59,2)
(60,3)
(575,10)
(576,14)
(577,5)
(578,6)
(579,106)
(581,10)
(582,47)
(584,29)
(586,80)
(170,48)
(172,6)
(173,6)
(176,29)
(179,2)
(181,32)
(182,31)
(184,17)
(225,16)
(95,22)
(97,106)
(98,7)
(99,4)
(100,7)
(101,30)
(102,7)
(103,18)
(104,12)
(149,49)
(151,45)
(156,12)
(160,10)
(161,1)
(163,3)
(164,14)
(166,10)
(168,10)
(1008,3)
(1009,3)
(1014,100)
(1015,138)
(1016,103)
(1018,11)
(1019,21)
(1020,11)
(1021,15)
(265,34)
(266,12)
(267,14)
(268,96)
(269,26)
(270,74)
(272,29)
(274,5)
(275,41)
(587,7)
(589,3)
(1001,60)
(1002,72)
(1003,1)
(1004,8)
(1005,6)
(1006,12)
(1007,3)
(1022,14)
(1023,18)
(1024,10)
(1025,28)
(1026,17)
(1027,15)
(1028,4)
(1029,27)
(1031,15)
(248,33)
(252,43)
(253,23)
(254,25)
(255,80)
(257,1)
(259,58)
(263,87)
(264,3)
(1033,30)
(1034,14)
(1035,4)
(1036,21)
(1037,21)
(1039,29)
(1040,6)
(1041,6)
(1042,12)
(1054,4)
(1055,6)
(1056,4)
(1057,8)
(1061,14)
(1062,9)
(1066,4)
(1067,4)
(1068,2)
(1175,39)
(1176,22)
(1177,19)
(1180,98)
(1181,16)
(1182,31)
(1184,1)
(1186,18)
(1187,86)
(1069,6)
(1070,20)
(1072,3)
(1073,4)
(1074,9)
(1075,8)
(1076,9)
(1077,4)
(1078,5)
(1089,8)
(1090,2)
(1091,7)
(1092,19)
(1093,8)
(1097,10)
(1103,21)
(1104,18)
(1107,30)
(1079,11)
(1080,10)
(1081,5)
(1082,3)
(1083,3)
(1084,8)
(1085,7)
(1087,31)
(1088,6)
(1301,2)
(1302,3)
(1303,6)
(1413,35)
(1414,139)
(1415,38)
(10002,19)
(10005,8)
(10006,18)
(1108,10)
(1111,53)
(1112,2)
(1113,52)
(1114,25)
(1115,127)
(1121,5)
(1122,21)
(1123,14)
(10086,27)
(10087,18)
(10088,9)
(10089,30)
(10090,19)
(10091,19)
(10092,4)
(10093,50)
(10094,50)
(10007,4)
(10013,61)
(10014,11)
(10017,2)
(10053,5)
(10056,37)
(10057,47)
(10058,4)
(10062,12)
(10075,13)
(10076,27)
(10077,22)
(10078,7)
(10079,27)
(10080,42)
(10081,14)
(10082,17)
(10085,28)
(10095,25)
(10096,42)
(10097,32)
(10098,25)
(10099,8)
(10101,11)
(10104,20)
(10105,22)
(10106,5)
(10142,29)
(10145,97)
(10146,68)
(10403,21)
(10405,15)
(10406,12)
(10408,10)
(10409,34)
(10410,114)
(10412,6)
(10414,16)
(10424,44)
(10568,43)
(10569,12)
(10570,1)
(10571,3)
(10572,2)
(10574,3)
(10575,1)
(10580,1)
(10581,1)
(10582,3)
(10583,1)
(10584,1)
(10585,7)
(10638,92)
(10107,5)
(10108,19)
(10109,51)
(10111,8)
(10113,25)
(10114,13)
(10115,35)
(10116,8)
(10117,24)
