(61,3)
(62,5)
(63,1)
(64,3)
(65,8)
(66,6)
(67,17)
(68,16)
(69,39)
(104,12)
(106,16)
(107,27)
(108,1)
(110,31)
(111,27)
(112,14)
(115,4)
(116,18)
(164,12)
(166,12)
(168,11)
(169,2)
(170,41)
(171,2)
(172,5)
(173,5)
(176,20)
(259,59)
(263,66)
(264,4)
(265,50)
(266,13)
(267,25)
(268,117)
(269,20)
(270,76)
(582,34)
(584,29)
(586,74)
(587,4)
(589,2)
(1001,56)
(1002,86)
(1003,1)
(1004,6)
(1005,10)
(1006,26)
(1007,3)
(1008,1)
(1009,7)
(1014,83)
(1015,111)
(1016,88)
(1018,14)
(1019,22)
(1020,7)
(1021,12)
(1022,16)
(1023,12)
(1024,17)
(1025,40)
(1026,13)
(1027,10)
(1028,8)
(1029,30)
(1031,9)
(1033,33)
(1034,18)
(1035,4)
(1036,21)
(1037,35)
(1038,3)
(1039,18)
(10082,45)
(10085,26)
(10086,19)
(10087,25)
(10088,9)
(10089,21)
(10090,12)
(10091,14)
(10092,4)
(10093,46)
(10094,43)
(10095,10)
(10096,24)
(10097,34)
(10098,25)
(10099,1)
(10101,16)
(10104,19)
(10105,21)
(10106,5)
(10107,15)
(10108,21)
(10109,53)
(10111,4)
(10113,23)
(10114,7)
(10115,37)
(10127,47)
(10128,25)
(10130,24)
(10131,15)
(10132,11)
(10133,80)
(10134,23)
(10135,26)
(10136,29)
(1,1)
(2,67)
(5,41)
(9,6)
(52,2)
(53,12)
(56,10)
(57,4)
(59,8)
(60,1)
(83,6)
(84,9)
(85,7)
(86,2)
(87,12)
(88,15)
(91,11)
(92,15)
(93,16)
(71,10)
(72,12)
(73,33)
(74,4)
(75,12)
(77,5)
(78,24)
(79,14)
(82,23)
(129,48)
(132,17)
(133,11)
(136,35)
(137,22)
(138,12)
(139,25)
(142,7)
(143,73)
(118,3)
(119,7)
(120,5)
(121,15)
(122,7)
(124,21)
(126,2)
(127,3)
(128,1)
(232,66)
(233,43)
(234,110)
(236,26)
(237,17)
(238,33)
(239,30)
(240,19)
(241,4)
(572,5)
(573,1)
(574,48)
(575,11)
(576,5)
(577,3)
(578,9)
(579,105)
(581,5)
(181,37)
(182,16)
(225,18)
(226,67)
(227,25)
(228,64)
(229,31)
(230,58)
(231,29)
(272,33)
(274,64)
(275,29)
(277,2)
(387,3)
(388,27)
(520,4)
(570,38)
(571,15)
(1040,5)
(1041,8)
(1042,9)
(1043,10)
(1045,3)
(1046,15)
(1047,2)
(1048,23)
(1049,9)
(1061,13)
(1062,9)
(1066,3)
(1067,5)
(1068,1)
(1069,7)
(1070,14)
(1072,5)
(1073,2)
(1050,4)
(1051,5)
(1052,2)
(1053,4)
(1054,1)
(1055,3)
(1056,5)
(1057,4)
(1059,2)
(1083,5)
(1084,9)
(1085,15)
(1087,27)
(1088,10)
(1089,6)
(1090,1)
(1091,10)
(1092,9)
(1114,24)
(1115,114)
(1121,1)
(1122,20)
(1123,9)
(1164,74)
(1165,98)
(1166,86)
(1167,65)
(10058,1)
(10062,18)
(10064,26)
(10065,5)
(10066,17)
(10068,22)
(10069,18)
(10070,34)
(10071,31)
(1181,8)
(1182,27)
(1186,14)
(1187,68)
(1302,8)
(1303,3)
(1413,49)
(1414,141)
(1415,36)
(10072,8)
(10073,14)
(10075,11)
(10076,28)
(10077,16)
(10078,7)
(10079,27)
(10080,26)
(10081,10)
(10116,5)
(10117,23)
(10118,23)
(10119,7)
(10120,18)
(10121,15)
(10122,5)
(10123,31)
(10124,13)
(10140,38)
(10141,6)
(10142,29)
(10145,94)
(10146,67)
(10403,18)
(10405,15)
(10406,26)
(10408,7)
(10409,24)
(10410,62)
(10412,8)
(10414,20)
(10424,31)
(10568,29)
(10569,7)
(10570,1)
(10571,2)
(94,21)
(95,34)
(97,111)
(98,8)
(99,5)
(100,20)
(101,10)
(102,9)
(103,13)
(144,20)
(145,27)
(146,5)
(149,39)
(151,36)
(156,11)
(160,9)
(161,4)
(163,3)
(242,14)
(243,8)
(247,16)
(248,33)
(252,43)
(253,21)
(254,27)
(255,62)
(257,8)
(1074,8)
(1075,3)
(1076,3)
(1077,4)
(1078,4)
(1079,6)
(1080,4)
(1081,6)
(1082,1)
(1093,7)
(1095,1)
(1097,14)
(1103,15)
(1104,17)
(1107,23)
(1108,13)
(1111,57)
(1113,47)
(1168,21)
(1169,12)
(1170,12)
(1171,31)
(1173,36)
(1175,40)
(1176,21)
(1177,19)
(1180,107)
(10002,16)
(10005,13)
(10006,23)
(10013,54)
(10014,2)
(10017,2)
(10053,7)
(10056,40)
(10057,52)
(10572,1)
(10574,3)
(10575,1)
(10578,1)
(10582,1)
(10585,1)
(10586,6)
(10587,1)
(10638,73)
