(62,7)
(64,8)
(65,2)
(66,5)
(67,6)
(68,8)
(69,21)
(71,11)
(72,4)
(108,1)
(110,20)
(111,20)
(112,17)
(115,7)
(116,10)
(118,2)
(119,12)
(120,4)
(170,51)
(171,21)
(172,34)
(173,17)
(176,16)
(179,29)
(181,70)
(182,22)
(225,12)
(266,10)
(267,8)
(268,22)
(269,29)
(270,107)
(272,30)
(274,55)
(275,24)
(387,4)
(1052,6)
(1053,4)
(1054,2)
(1055,1)
(1056,5)
(1057,7)
(1059,2)
(1061,22)
(1062,12)
(1085,6)
(1087,17)
(1088,7)
(1089,8)
(1091,9)
(1092,13)
(1095,3)
(1096,2)
(1097,13)
(1103,15)
(1104,5)
(1107,37)
(1108,6)
(1111,17)
(1112,1)
(1113,16)
(1114,4)
(1115,38)
(1184,21)
(1186,11)
(1187,67)
(1301,30)
(1302,6)
(1303,1)
(1413,84)
(1414,167)
(1415,28)
(10127,24)
(10128,10)
(10130,11)
(10131,18)
(10132,9)
(10133,61)
(10134,42)
(10135,18)
(10136,32)
(10140,35)
(10141,2)
(10142,28)
(10145,109)
(10146,36)
(10403,7)
(10405,4)
(10406,15)
(10408,16)
(73,18)
(74,4)
(75,18)
(77,4)
(78,30)
(79,7)
(82,21)
(83,4)
(84,9)
(121,2)
(122,11)
(124,31)
(126,13)
(127,15)
(129,40)
(132,15)
(133,7)
(136,33)
(1,49)
(2,84)
(5,10)
(9,13)
(52,3)
(53,11)
(56,14)
(57,14)
(59,9)
(60,5)
(85,11)
(87,14)
(88,12)
(91,8)
(92,11)
(93,22)
(94,20)
(95,19)
(97,68)
(226,34)
(227,14)
(228,31)
(229,11)
(230,34)
(232,62)
(233,5)
(234,9)
(236,24)
(98,5)
(99,4)
(100,6)
(101,10)
(102,10)
(103,21)
(104,5)
(106,6)
(107,19)
(151,32)
(156,15)
(160,2)
(161,14)
(163,5)
(164,10)
(166,17)
(168,9)
(169,1)
(388,15)
(520,1)
(522,2)
(570,47)
(571,16)
(572,4)
(573,6)
(574,33)
(575,25)
(137,36)
(138,20)
(139,22)
(142,7)
(143,50)
(144,22)
(145,33)
(146,4)
(149,104)
(1042,14)
(1043,4)
(1045,3)
(1046,22)
(1047,2)
(1048,3)
(1049,5)
(1050,3)
(1051,5)
(252,54)
(253,33)
(254,35)
(255,32)
(257,9)
(259,82)
(263,117)
(264,4)
(265,21)
(237,8)
(238,14)
(239,30)
(240,71)
(241,6)
(242,18)
(243,12)
(247,28)
(248,26)
(1021,13)
(1022,25)
(1023,13)
(1024,13)
(1025,27)
(1026,28)
(1027,13)
(1028,17)
(1029,4)
(1066,5)
(1067,2)
(1068,5)
(1069,8)
(1070,6)
(1072,7)
(1073,4)
(1074,6)
(1075,6)
(576,17)
(577,4)
(578,9)
(579,23)
(581,6)
(582,38)
(584,12)
(586,56)
(587,14)
(1121,23)
(1122,27)
(1123,16)
(1164,3)
(1165,117)
(1166,74)
(1167,46)
(1168,17)
(1169,24)
(10002,45)
(10005,1)
(10006,33)
(10007,13)
(10014,69)
(10017,13)
(10053,12)
(10056,43)
(10057,36)
(10058,4)
(10062,10)
(10064,32)
(10065,6)
(10066,8)
(10068,25)
(10069,9)
(10070,8)
(10071,25)
(1170,35)
(1171,102)
(1173,38)
(1175,18)
(1176,14)
(1177,13)
(1180,89)
(1181,123)
(1182,55)
(589,8)
(591,12)
(1001,55)
(1002,69)
(1003,18)
(1004,4)
(1005,14)
(1006,18)
(1007,5)
(1008,1)
(1009,1)
(1010,2)
(1014,100)
(1015,100)
(1016,86)
(1018,10)
(1019,9)
(1020,6)
(10072,23)
(10073,14)
(10075,14)
(10076,56)
(10077,28)
(10078,9)
(10079,27)
(10080,30)
(10081,3)
(10409,13)
(10410,15)
(10412,3)
(10414,22)
(10424,38)
(10568,32)
(10569,14)
(10570,1)
(10571,1)
(10105,11)
(10106,12)
(10107,6)
(10108,20)
(10109,61)
(10111,3)
(10113,17)
(10114,1)
(10115,27)
(10575,2)
(10578,2)
(10580,2)
(10581,1)
(10582,16)
(10583,2)
(10584,1)
(10587,1)
(10638,87)
(1031,3)
(1033,7)
(1034,17)
(1035,5)
(1036,24)
(1037,24)
(1038,3)
(1039,11)
(1040,7)
(1041,5)
(1076,6)
(1077,3)
(1078,9)
(1079,3)
(1080,3)
(1081,15)
(1082,17)
(1083,4)
(1084,8)
(10082,21)
(10085,47)
(10086,22)
(10087,43)
(10088,14)
(10089,13)
(10090,7)
(10091,42)
(10092,10)
(10093,20)
(10094,30)
(10095,23)
(10096,39)
(10097,20)
(10098,57)
(10099,4)
(10101,15)
(10104,22)
(10116,18)
(10117,19)
(10118,15)
(10119,15)
(10120,28)
(10121,21)
(10122,7)
(10123,7)
(10124,3)
