(84,3)
(85,18)
(87,18)
(88,13)
(91,13)
(92,10)
(93,23)
(94,23)
(95,28)
(137,22)
(138,25)
(139,24)
(142,5)
(143,69)
(144,12)
(145,35)
(146,7)
(149,63)
(234,97)
(236,39)
(237,40)
(238,44)
(239,46)
(240,32)
(241,4)
(242,6)
(243,14)
(575,16)
(576,15)
(578,9)
(579,96)
(581,7)
(582,40)
(584,17)
(586,103)
(587,7)
(1043,11)
(1045,2)
(1046,18)
(1047,5)
(1048,19)
(1049,8)
(1050,3)
(1051,2)
(1085,7)
(1087,37)
(1088,11)
(1089,4)
(1091,11)
(1092,19)
(1093,14)
(1095,4)
(1097,20)
(1121,4)
(1122,30)
(1123,13)
(1164,58)
(1165,125)
(1166,114)
(1167,63)
(1168,30)
(1169,15)
(10002,26)
(10005,10)
(10006,15)
(10007,1)
(10013,86)
(10014,7)
(10017,3)
(10053,5)
(10056,36)
(10101,14)
(10104,19)
(10105,20)
(10106,9)
(10107,6)
(10108,12)
(10109,54)
(10111,8)
(10113,22)
(10406,27)
(10408,5)
(10409,31)
(10410,115)
(10412,6)
(10414,17)
(10424,55)
(10568,36)
(10569,8)
(1,1)
(2,88)
(5,32)
(9,7)
(52,3)
(53,28)
(56,19)
(57,3)
(59,2)
(72,14)
(73,28)
(74,14)
(75,23)
(77,3)
(78,38)
(79,11)
(82,13)
(83,6)
(97,102)
(98,6)
(99,3)
(100,9)
(101,21)
(102,7)
(103,13)
(104,16)
(106,18)
(62,4)
(63,4)
(64,3)
(65,12)
(66,3)
(67,20)
(68,24)
(69,36)
(71,24)
(107,25)
(108,3)
(110,28)
(111,23)
(112,23)
(116,25)
(118,2)
(119,11)
(120,1)
(151,49)
(156,13)
(160,13)
(163,4)
(164,12)
(166,17)
(168,11)
(169,5)
(170,49)
(121,7)
(122,9)
(124,14)
(126,4)
(127,9)
(129,40)
(132,25)
(133,12)
(136,31)
(171,10)
(172,11)
(173,2)
(176,26)
(179,1)
(181,36)
(182,21)
(184,23)
(225,17)
(226,108)
(227,16)
(228,71)
(229,39)
(230,39)
(231,26)
(232,57)
(233,52)
(247,26)
(248,25)
(252,53)
(253,21)
(254,24)
(255,68)
(257,7)
(259,26)
(263,118)
(264,5)
(265,51)
(266,12)
(267,28)
(268,108)
(269,39)
(270,100)
(272,24)
(275,35)
(1076,9)
(1077,9)
(1078,10)
(1079,10)
(1080,7)
(1081,8)
(1082,7)
(1083,2)
(1084,13)
(1009,3)
(1014,127)
(1015,141)
(1016,133)
(1018,9)
(1019,26)
(1020,9)
(1021,14)
(1022,15)
(277,7)
(387,4)
(388,28)
(520,2)
(570,52)
(571,6)
(572,8)
(573,3)
(574,36)
(1052,3)
(1053,4)
(1054,1)
(1055,3)
(1056,6)
(1057,5)
(1059,4)
(1061,11)
(1062,22)
(1103,22)
(1104,28)
(1107,42)
(1108,12)
(1111,66)
(1112,1)
(1113,57)
(1114,21)
(1115,117)
(589,4)
(1001,49)
(1002,73)
(1003,3)
(1004,8)
(1005,10)
(1006,13)
(1007,4)
(1008,4)
(1170,7)
(1171,42)
(1173,43)
(1175,22)
(1176,23)
(1177,28)
(1180,102)
(1181,16)
(1182,28)
(10057,44)
(10058,16)
(10062,20)
(10064,23)
(10065,10)
(10066,20)
(10068,22)
(10069,29)
(1023,19)
(1024,18)
(1025,31)
(1026,19)
(1027,11)
(1028,3)
(1029,25)
(1031,10)
(1033,27)
(10080,33)
(10081,13)
(10082,32)
(10085,24)
(10086,31)
(10087,38)
(10088,17)
(10089,16)
(10090,20)
(1184,4)
(1186,13)
(1187,90)
(1301,1)
(1302,2)
(1303,3)
(1413,55)
(1414,188)
(1415,53)
(1034,20)
(1035,5)
(1036,23)
(1037,32)
(1038,1)
(1039,22)
(1040,6)
(1041,6)
(1042,16)
(10070,27)
(10071,26)
(10072,13)
(10073,14)
(10075,16)
(10076,32)
(10077,18)
(10078,8)
(10079,39)
(1066,8)
(1067,8)
(1068,3)
(1069,8)
(1070,16)
(1072,4)
(1073,3)
(1074,12)
(1075,13)
(10570,4)
(10574,1)
(10575,2)
(10580,1)
(10581,3)
(10582,2)
(10585,4)
(10638,75)
(10091,27)
(10092,4)
(10093,62)
(10094,32)
(10095,16)
(10096,29)
(10097,42)
(10098,28)
(10099,9)
(10114,7)
(10115,42)
(10116,9)
(10117,34)
(10118,41)
(10119,13)
(10120,17)
(10121,28)
(10122,4)
(10123,23)
(10124,21)
(10127,79)
(10128,31)
(10130,17)
(10131,33)
(10132,15)
(10133,93)
(10134,18)
(10135,35)
(10136,25)
(10140,40)
(10141,7)
(10142,36)
(10145,95)
(10146,57)
(10403,27)
(10405,24)
