(83,1)
(84,3)
(85,6)
(86,2)
(87,26)
(88,18)
(91,13)
(92,27)
(93,21)
(132,7)
(133,11)
(136,29)
(137,15)
(138,20)
(139,22)
(142,7)
(143,65)
(144,6)
(232,44)
(233,28)
(234,89)
(236,29)
(237,29)
(238,18)
(239,35)
(240,13)
(241,24)
(572,9)
(573,6)
(574,24)
(575,29)
(576,4)
(577,6)
(578,7)
(579,94)
(581,7)
(1114,21)
(1115,139)
(1121,6)
(1122,1)
(1123,2)
(1164,55)
(1165,84)
(1166,69)
(1167,46)
(59,4)
(61,1)
(62,6)
(63,8)
(64,2)
(65,2)
(66,1)
(67,15)
(68,20)
(1414,146)
(1415,18)
(10002,18)
(10005,10)
(10013,49)
(10014,16)
(10017,11)
(10053,5)
(10056,33)
(10057,23)
(10058,6)
(10062,17)
(10064,19)
(10065,14)
(10066,16)
(10068,23)
(10069,20)
(10070,25)
(10071,33)
(10072,17)
(10073,13)
(10075,12)
(10076,28)
(10077,27)
(10078,8)
(10079,26)
(10080,30)
(104,19)
(106,9)
(107,22)
(108,1)
(110,28)
(111,20)
(112,20)
(115,10)
(116,17)
(166,10)
(168,10)
(169,5)
(170,39)
(171,1)
(172,18)
(173,3)
(176,22)
(179,4)
(259,33)
(263,88)
(264,4)
(265,21)
(266,6)
(267,20)
(268,73)
(269,16)
(270,33)
(582,36)
(584,31)
(586,25)
(589,3)
(590,11)
(591,18)
(1001,55)
(1002,63)
(1004,5)
(1031,10)
(1032,3)
(1033,9)
(1034,4)
(1035,7)
(1036,25)
(1037,2)
(1038,1)
(1039,15)
(1051,10)
(1052,10)
(1053,6)
(1054,2)
(1055,7)
(1056,3)
(1057,8)
(1059,5)
(1061,10)
(1084,8)
(1085,3)
(1087,23)
(1088,8)
(1089,8)
(1091,8)
(1092,15)
(1093,3)
(1095,1)
(1,5)
(2,53)
(5,22)
(9,3)
(11,7)
(52,2)
(53,12)
(56,16)
(57,5)
(69,29)
(71,8)
(72,15)
(73,27)
(74,7)
(75,18)
(77,1)
(79,7)
(82,7)
(10081,15)
(10082,17)
(10084,24)
(10085,25)
(10086,15)
(10087,22)
(10088,8)
(10089,9)
(10090,17)
(94,14)
(95,21)
(97,48)
(98,10)
(99,4)
(100,13)
(101,8)
(102,16)
(103,16)
(118,7)
(119,8)
(120,8)
(121,20)
(122,20)
(124,17)
(126,1)
(127,2)
(129,60)
(10114,13)
(10115,34)
(10116,4)
(10117,18)
(10118,17)
(10119,9)
(10120,15)
(10121,26)
(10122,9)
(145,48)
(146,5)
(149,35)
(151,37)
(156,9)
(160,18)
(161,3)
(163,5)
(164,9)
(181,19)
(182,21)
(225,14)
(226,83)
(227,14)
(228,54)
(229,42)
(230,36)
(231,22)
(242,6)
(243,13)
(247,14)
(248,12)
(252,28)
(253,15)
(254,43)
(255,88)
(257,6)
(272,10)
(274,59)
(275,33)
(277,5)
(388,7)
(520,6)
(522,3)
(570,11)
(571,13)
(1005,4)
(1006,13)
(1007,3)
(1009,6)
(1014,71)
(1015,97)
(1016,67)
(1018,21)
(1019,17)
(1040,7)
(1041,10)
(1042,6)
(1043,2)
(1046,16)
(1047,2)
(1048,6)
(1049,7)
(1050,3)
(1020,7)
(1021,14)
(1022,12)
(1023,20)
(1024,14)
(1025,37)
(1026,15)
(1028,7)
(1029,20)
(1062,10)
(1066,9)
(1067,3)
(1068,1)
(1069,10)
(1070,18)
(1072,7)
(1073,8)
(1074,20)
(1075,3)
(1076,3)
(1077,11)
(1078,6)
(1079,13)
(1080,6)
(1081,3)
(1082,1)
(1083,3)
(1181,11)
(1182,18)
(1184,6)
(1186,12)
(1187,55)
(1301,5)
(1302,2)
(1303,16)
(1413,21)
(1096,1)
(1097,20)
(1103,3)
(1104,16)
(1107,26)
(1108,5)
(1111,65)
(1112,1)
(1113,57)
(10091,38)
(10092,6)
(10093,42)
(10094,43)
(10095,9)
(10096,19)
(10097,46)
(10098,31)
(10099,10)
(1168,18)
(1169,23)
(1170,7)
(1171,22)
(1173,29)
(1175,19)
(1176,18)
(1177,14)
(1180,53)
(10101,9)
(10104,25)
(10105,11)
(10106,13)
(10107,11)
(10108,23)
(10109,52)
(10111,7)
(10113,17)
(10123,23)
(10124,11)
(10127,13)
(10128,40)
(10130,19)
(10131,10)
(10132,22)
(10133,61)
(10134,18)
(10135,22)
(10136,36)
(10140,40)
(10141,6)
(10142,27)
(10145,37)
(10146,71)
(10403,11)
(10405,13)
(10406,27)
(10408,7)
(10409,29)
(10410,27)
(10412,1)
(10414,10)
(10424,23)
(10568,14)
(10569,14)
(10571,3)
(10572,1)
(10574,2)
(10575,2)
(10580,1)
(10582,1)
(10584,1)
(10638,65)
