(1,11)
(2,90)
(5,51)
(9,13)
(52,4)
(53,14)
(56,19)
(57,2)
(59,4)
(61,1)
(95,48)
(97,82)
(98,8)
(99,3)
(100,21)
(101,23)
(102,11)
(103,26)
(104,16)
(145,45)
(146,6)
(149,63)
(151,55)
(156,20)
(160,5)
(161,5)
(163,3)
(164,8)
(241,1)
(242,12)
(243,14)
(247,19)
(248,27)
(252,68)
(253,20)
(254,29)
(255,87)
(1028,3)
(1029,27)
(1031,9)
(1033,21)
(1034,18)
(1035,4)
(1036,31)
(1037,37)
(1038,4)
(1039,19)
(1040,8)
(1041,16)
(1042,14)
(1043,16)
(1045,3)
(1046,15)
(1047,5)
(1048,31)
(1049,7)
(1050,4)
(1051,5)
(1052,9)
(1053,8)
(1054,2)
(1055,1)
(1056,8)
(1057,9)
(1082,2)
(1083,2)
(1084,17)
(1085,7)
(1087,36)
(1088,12)
(1089,8)
(1091,8)
(1092,16)
(10090,2)
(10091,8)
(10092,5)
(10093,49)
(10094,4)
(10095,4)
(10096,3)
(10097,4)
(10098,9)
(10099,12)
(10101,11)
(10104,32)
(10105,4)
(10106,1)
(10108,18)
(10109,65)
(10111,6)
(10113,43)
(10114,1)
(10115,54)
(10117,53)
(10118,50)
(10119,26)
(10120,9)
(10121,3)
(10122,12)
(10123,2)
(84,15)
(85,7)
(86,3)
(87,15)
(88,8)
(91,9)
(92,21)
(93,33)
(94,16)
(132,19)
(133,14)
(136,40)
(137,34)
(138,17)
(139,35)
(142,5)
(143,92)
(144,11)
(231,17)
(232,82)
(233,54)
(234,119)
(236,41)
(237,45)
(238,44)
(239,16)
(240,22)
(72,6)
(73,17)
(74,6)
(75,5)
(77,9)
(78,50)
(79,16)
(82,11)
(83,8)
(572,7)
(573,8)
(574,50)
(575,10)
(576,10)
(577,6)
(578,15)
(579,100)
(581,7)
(119,16)
(120,6)
(121,11)
(122,11)
(124,11)
(126,5)
(127,2)
(128,1)
(129,52)
(1059,1)
(1061,10)
(1062,19)
(1066,9)
(1067,9)
(1068,10)
(1069,12)
(1070,28)
(1072,10)
(181,45)
(182,29)
(184,15)
(225,10)
(226,42)
(227,13)
(228,82)
(229,36)
(230,64)
(1073,7)
(1074,10)
(1075,11)
(1076,10)
(1077,8)
(1078,4)
(1079,3)
(1080,4)
(1081,10)
(270,88)
(272,39)
(274,49)
(275,40)
(277,10)
(388,27)
(520,6)
(570,44)
(571,9)
(1093,6)
(1095,2)
(1096,2)
(1097,15)
(1103,27)
(1104,23)
(1107,31)
(1108,13)
(1111,84)
(1005,6)
(1006,11)
(1007,7)
(1008,1)
(1009,3)
(1014,141)
(1015,158)
(1016,132)
(1018,18)
(10053,5)
(10056,60)
(10057,79)
(10058,22)
(10062,22)
(10064,37)
(10065,7)
(10066,29)
(10068,1)
(1019,17)
(1020,15)
(1021,20)
(1022,25)
(1023,25)
(1024,11)
(1025,24)
(1026,18)
(1027,3)
(10136,55)
(10140,7)
(10141,1)
(10142,8)
(10145,104)
(10146,76)
(10403,19)
(10405,4)
(10406,6)
(1113,63)
(1114,23)
(1115,120)
(1121,7)
(1122,26)
(1123,11)
(1164,63)
(1165,136)
(1166,105)
(10408,2)
(10409,5)
(10410,74)
(10412,3)
(10414,4)
(10424,6)
(10568,50)
(10569,21)
(10571,3)
(1167,78)
(1168,20)
(1169,30)
(1170,29)
(1171,41)
(1173,59)
(1175,47)
(1176,30)
(1177,23)
(62,4)
(63,1)
(64,7)
(65,4)
(66,2)
(67,17)
(68,9)
(69,33)
(71,7)
(106,31)
(107,25)
(108,1)
(110,39)
(111,49)
(112,34)
(115,1)
(116,24)
(118,5)
(10079,4)
(10080,54)
(10081,20)
(10082,3)
(10085,4)
(10086,27)
(10087,36)
(10088,27)
(10089,41)
(166,11)
(168,6)
(169,4)
(170,59)
(171,26)
(172,11)
(173,11)
(176,23)
(179,4)
(10572,1)
(10573,3)
(10574,4)
(10575,4)
(10580,1)
(10582,1)
(10585,2)
(10638,63)
(257,8)
(259,67)
(263,154)
(264,3)
(265,43)
(266,6)
(267,34)
(268,138)
(269,31)
(582,48)
(584,24)
(586,105)
(587,5)
(589,4)
(1001,86)
(1002,113)
(1003,2)
(1004,4)
(1180,122)
(1181,15)
(1182,36)
(1184,6)
(1186,9)
(1187,85)
(1301,3)
(1302,5)
(1303,6)
(1413,57)
(1414,188)
(1415,40)
(10002,37)
(10005,7)
(10006,18)
(10013,77)
(10014,10)
(10017,9)
(10069,20)
(10070,31)
(10071,46)
(10072,11)
(10073,19)
(10075,13)
(10076,7)
(10077,2)
(10078,3)
(10124,3)
(10127,75)
(10128,8)
(10130,2)
(10131,5)
(10132,4)
(10133,13)
(10134,42)
(10135,9)
