(72,16)
(73,25)
(74,6)
(75,6)
(77,6)
(78,24)
(79,7)
(82,13)
(83,5)
(121,10)
(122,8)
(124,24)
(126,4)
(127,9)
(128,1)
(129,26)
(132,8)
(133,7)
(226,67)
(227,23)
(228,72)
(229,37)
(230,33)
(231,28)
(232,51)
(233,43)
(234,92)
(277,5)
(387,3)
(388,19)
(520,7)
(570,38)
(571,18)
(572,6)
(573,5)
(574,54)
(1008,3)
(1009,7)
(1014,82)
(1015,103)
(1016,90)
(1018,10)
(1019,21)
(1020,12)
(1021,12)
(1052,2)
(1053,8)
(1054,2)
(1055,7)
(1056,3)
(1057,3)
(1059,1)
(1061,21)
(1062,11)
(1066,7)
(1067,8)
(1068,2)
(1069,3)
(1070,12)
(1072,3)
(1073,4)
(1074,15)
(1075,2)
(10002,19)
(10005,2)
(10006,14)
(10007,2)
(10013,51)
(10014,5)
(10017,2)
(10053,5)
(10056,39)
(10081,6)
(10082,25)
(10085,27)
(10086,20)
(10087,30)
(10088,4)
(10089,19)
(10090,15)
(10091,21)
(10115,29)
(10116,6)
(10117,34)
(10118,21)
(10119,9)
(10120,17)
(10121,13)
(10122,3)
(10123,23)
(10408,8)
(10409,43)
(10410,85)
(10412,3)
(10414,17)
(10424,30)
(10568,24)
(10569,10)
(10571,4)
(10572,6)
(10574,3)
(10575,2)
(10578,7)
(10580,2)
(10582,1)
(10585,6)
(10587,1)
(10638,77)
(84,8)
(85,7)
(86,1)
(87,13)
(88,11)
(91,12)
(92,11)
(93,21)
(94,10)
(136,22)
(137,21)
(138,12)
(139,17)
(142,7)
(143,45)
(144,17)
(145,34)
(146,2)
(62,5)
(63,4)
(64,4)
(65,3)
(66,1)
(67,20)
(68,27)
(69,44)
(71,17)
(1,2)
(2,58)
(5,26)
(9,8)
(52,7)
(53,10)
(56,7)
(57,4)
(59,10)
(61,5)
(236,28)
(237,30)
(238,23)
(239,25)
(240,19)
(241,2)
(242,16)
(243,6)
(247,25)
(106,23)
(107,17)
(110,18)
(111,18)
(112,20)
(115,1)
(116,14)
(119,10)
(120,7)
(575,9)
(576,4)
(577,15)
(578,6)
(579,77)
(581,15)
(582,42)
(584,29)
(586,67)
(95,33)
(97,96)
(98,9)
(99,4)
(100,13)
(101,12)
(102,13)
(103,20)
(104,15)
(170,29)
(171,1)
(172,14)
(173,7)
(176,26)
(179,2)
(181,36)
(182,20)
(225,11)
(149,37)
(151,34)
(156,12)
(160,8)
(163,2)
(164,10)
(166,14)
(168,12)
(169,5)
(1096,2)
(1097,12)
(1103,20)
(1104,14)
(1107,18)
(1108,13)
(1111,64)
(1113,53)
(1114,27)
(265,32)
(266,12)
(267,23)
(268,113)
(269,27)
(270,80)
(272,28)
(274,68)
(275,38)
(248,28)
(252,43)
(253,25)
(254,17)
(255,80)
(257,3)
(259,74)
(263,119)
(264,3)
(1115,132)
(1121,8)
(1122,21)
(1123,5)
(1164,68)
(1165,96)
(1166,98)
(1167,40)
(1168,13)
(1022,9)
(1023,13)
(1024,13)
(1025,40)
(1026,14)
(1027,18)
(1028,10)
(1029,30)
(1031,12)
(1182,24)
(1184,1)
(1186,22)
(1187,60)
(1302,4)
(1303,4)
(1413,47)
(1414,121)
(1415,38)
(587,4)
(589,2)
(1001,53)
(1002,75)
(1003,4)
(1004,6)
(1005,5)
(1006,17)
(1007,2)
(1085,10)
(1087,31)
(1088,12)
(1089,10)
(1090,1)
(1091,4)
(1092,11)
(1093,6)
(1095,4)
(1033,19)
(1034,10)
(1035,3)
(1036,12)
(1037,25)
(1038,2)
(1039,17)
(1040,4)
(1041,4)
(10057,46)
(10058,5)
(10062,19)
(10064,28)
(10065,8)
(10066,13)
(10068,25)
(10069,24)
(10070,33)
(1042,9)
(1043,9)
(1045,2)
(1046,12)
(1047,6)
(1048,15)
(1049,3)
(1050,4)
(1051,3)
(1169,7)
(1170,7)
(1171,29)
(1173,36)
(1175,43)
(1176,12)
(1177,20)
(1180,76)
(1181,8)
(1076,4)
(1077,4)
(1078,3)
(1079,2)
(1080,6)
(1081,2)
(1082,4)
(1083,3)
(1084,8)
(10104,13)
(10105,20)
(10106,8)
(10107,4)
(10108,21)
(10109,48)
(10111,7)
(10113,25)
(10114,15)
(10071,34)
(10072,8)
(10073,6)
(10075,12)
(10076,20)
(10077,18)
(10078,7)
(10079,23)
(10080,29)
(10124,13)
(10127,46)
(10128,27)
(10130,15)
(10131,12)
(10132,13)
(10133,53)
(10134,25)
(10135,24)
(10092,5)
(10093,42)
(10094,39)
(10095,27)
(10096,40)
(10097,41)
(10098,18)
(10099,8)
(10101,14)
(10136,32)
(10140,32)
(10141,3)
(10142,17)
(10145,70)
(10146,49)
(10403,13)
(10405,12)
(10406,23)
