(73,3)
(74,1)
(78,16)
(79,1)
(82,1)
(85,2)
(87,13)
(88,8)
(122,2)
(126,1)
(127,3)
(129,10)
(132,1)
(133,3)
(136,5)
(137,4)
(225,2)
(226,59)
(227,1)
(228,15)
(229,7)
(230,9)
(231,3)
(232,13)
(270,34)
(272,9)
(274,17)
(275,3)
(277,2)
(388,2)
(570,2)
(571,3)
(579,15)
(582,3)
(584,6)
(586,13)
(587,1)
(1001,15)
(1002,18)
(1004,2)
(1006,1)
(1007,1)
(1008,3)
(1014,28)
(1015,31)
(1016,19)
(1018,3)
(1041,8)
(1042,2)
(1043,2)
(1046,2)
(1047,2)
(1048,5)
(1052,1)
(10073,8)
(10075,1)
(10076,5)
(10077,9)
(10078,4)
(10079,5)
(10080,5)
(10081,6)
(10101,3)
(10104,1)
(10105,4)
(10106,3)
(10107,3)
(10108,3)
(10109,8)
(10111,1)
(10113,6)
(10114,1)
(10116,3)
(10117,13)
(10118,7)
(10119,2)
(10120,3)
(91,3)
(92,2)
(93,6)
(94,2)
(95,8)
(97,17)
(98,9)
(1,51)
(2,31)
(5,19)
(52,2)
(53,5)
(56,1)
(57,1)
(59,1)
(138,1)
(139,4)
(142,2)
(143,24)
(144,1)
(145,5)
(146,1)
(233,12)
(234,50)
(236,5)
(237,6)
(238,5)
(239,2)
(241,2)
(99,1)
(100,3)
(101,6)
(102,5)
(103,2)
(104,7)
(106,6)
(107,2)
(149,13)
(151,4)
(156,4)
(163,4)
(164,1)
(166,1)
(168,2)
(169,2)
(62,1)
(65,2)
(67,2)
(68,11)
(69,5)
(71,3)
(72,9)
(572,1)
(573,1)
(574,8)
(575,2)
(576,1)
(577,6)
(578,1)
(110,11)
(111,7)
(112,9)
(116,1)
(119,11)
(120,1)
(121,2)
(242,4)
(243,2)
(247,8)
(248,11)
(252,14)
(253,2)
(254,4)
(255,20)
(1019,5)
(1020,2)
(1022,7)
(1023,2)
(1024,1)
(1026,4)
(1029,8)
(1031,1)
(1072,3)
(1073,3)
(1074,1)
(1075,1)
(1076,2)
(1077,2)
(1078,2)
(1033,2)
(1034,2)
(1035,2)
(1036,10)
(1037,10)
(1038,2)
(1039,2)
(170,15)
(172,2)
(173,2)
(179,1)
(181,4)
(182,13)
(184,4)
(259,18)
(263,23)
(264,2)
(265,19)
(267,11)
(268,34)
(269,16)
(1053,1)
(1059,1)
(1061,1)
(1062,1)
(1066,5)
(1068,2)
(1069,4)
(1070,6)
(1079,7)
(1080,5)
(1081,1)
(1084,3)
(1085,5)
(1087,8)
(1088,5)
(1089,6)
(1091,4)
(1092,10)
(1093,1)
(1097,2)
(1103,1)
(1104,8)
(1107,12)
(1302,1)
(1413,23)
(1414,41)
(1415,9)
(10002,5)
(10005,2)
(10006,7)
(1176,9)
(1177,5)
(1180,36)
(1181,1)
(1182,12)
(1184,1)
(1186,3)
(1187,45)
(10082,8)
(10085,1)
(10086,4)
(10087,6)
(10089,8)
(10090,6)
(10091,13)
(1108,5)
(1111,2)
(1113,3)
(1114,4)
(1115,15)
(1122,7)
(1165,17)
(1166,23)
(10013,17)
(10014,5)
(10053,2)
(10056,10)
(10057,5)
(10058,1)
(10062,2)
(10064,1)
(1167,38)
(1168,10)
(1169,2)
(1170,4)
(1171,9)
(1173,8)
(1175,9)
(10065,2)
(10066,1)
(10068,1)
(10069,2)
(10070,2)
(10071,4)
(10072,3)
(10092,1)
(10093,11)
(10094,6)
(10095,5)
(10096,6)
(10097,8)
(10098,16)
(10099,3)
(10131,4)
(10132,2)
(10133,20)
(10134,14)
(10135,10)
(10136,8)
(10140,4)
(10142,10)
(10414,5)
(10424,5)
(10568,8)
(10569,4)
(10574,1)
(10575,1)
(10580,1)
(10121,3)
(10122,2)
(10123,5)
(10124,2)
(10127,14)
(10128,2)
(10130,6)
(10145,55)
(10146,46)
(10403,3)
(10405,3)
(10406,5)
(10409,11)
(10410,15)
