(63,1)
(64,5)
(65,4)
(66,1)
(67,7)
(68,16)
(69,28)
(71,4)
(107,18)
(110,7)
(111,4)
(112,10)
(115,1)
(116,8)
(118,1)
(119,1)
(168,2)
(169,2)
(170,20)
(171,1)
(172,6)
(173,1)
(176,19)
(181,10)
(255,52)
(257,1)
(259,26)
(263,38)
(265,13)
(266,5)
(267,2)
(268,26)
(579,44)
(581,1)
(582,13)
(584,12)
(586,7)
(587,5)
(589,2)
(1001,25)
(1002,20)
(1004,3)
(1006,1)
(1007,1)
(1014,35)
(1015,37)
(1016,16)
(1018,9)
(1115,70)
(1121,1)
(1123,3)
(1165,36)
(1166,20)
(1167,15)
(1168,8)
(1169,7)
(10062,11)
(10064,9)
(10065,9)
(10066,16)
(10068,20)
(10069,5)
(10070,5)
(10071,10)
(10072,10)
(10073,5)
(10075,2)
(10076,13)
(10077,18)
(10078,6)
(10079,10)
(10080,11)
(10081,10)
(10082,2)
(10085,5)
(10086,8)
(10087,3)
(10088,6)
(10089,9)
(10090,10)
(10091,14)
(72,6)
(73,13)
(74,3)
(75,9)
(78,12)
(79,2)
(82,12)
(83,4)
(1,97)
(2,66)
(5,12)
(52,1)
(53,6)
(56,7)
(57,4)
(59,4)
(62,2)
(120,3)
(121,5)
(122,1)
(124,7)
(126,1)
(127,1)
(129,13)
(132,3)
(98,10)
(99,3)
(100,17)
(101,1)
(102,11)
(103,15)
(104,16)
(106,12)
(85,3)
(87,16)
(88,4)
(91,9)
(92,3)
(93,17)
(94,15)
(95,34)
(97,27)
(133,10)
(136,15)
(137,10)
(138,2)
(139,6)
(142,10)
(143,28)
(144,9)
(145,14)
(182,8)
(184,1)
(225,3)
(226,33)
(227,4)
(228,24)
(229,15)
(230,19)
(146,3)
(149,40)
(151,26)
(156,2)
(160,8)
(161,2)
(164,2)
(166,7)
(241,2)
(242,1)
(243,7)
(247,12)
(248,14)
(252,16)
(253,5)
(254,20)
(269,5)
(270,18)
(274,35)
(275,14)
(277,2)
(388,1)
(520,6)
(522,2)
(231,11)
(232,12)
(233,7)
(234,39)
(236,11)
(237,18)
(238,8)
(239,18)
(240,6)
(1019,11)
(1020,5)
(1021,3)
(1022,8)
(1023,8)
(1024,13)
(1025,10)
(1026,6)
(570,2)
(571,6)
(572,3)
(573,4)
(574,14)
(575,7)
(576,2)
(577,9)
(578,2)
(1039,7)
(1041,4)
(1042,6)
(1046,3)
(1047,3)
(1048,1)
(1049,1)
(1050,2)
(1027,2)
(1029,10)
(1031,6)
(1033,7)
(1034,1)
(1035,1)
(1036,9)
(1037,1)
(1038,1)
(1052,2)
(1053,4)
(1054,1)
(1055,1)
(1056,1)
(1057,4)
(1059,1)
(1061,1)
(1074,10)
(1075,4)
(1076,5)
(1077,7)
(1078,2)
(1079,8)
(1080,11)
(1081,1)
(1082,2)
(1084,4)
(1085,2)
(1087,11)
(1088,3)
(1089,1)
(1091,2)
(1092,3)
(1095,1)
(1062,2)
(1066,8)
(1067,3)
(1068,3)
(1069,16)
(1070,8)
(1072,3)
(1073,2)
(1097,3)
(1103,3)
(1104,8)
(1107,20)
(1108,2)
(1111,9)
(1113,2)
(1114,12)
(10005,14)
(10006,17)
(10013,13)
(10014,3)
(10053,2)
(10056,16)
(10057,4)
(10058,5)
(1184,4)
(1186,6)
(1187,25)
(1302,1)
(1413,15)
(1414,52)
(1415,17)
(10002,7)
(10092,3)
(10093,28)
(10094,16)
(10095,5)
(10096,6)
(10097,15)
(10098,14)
(10099,2)
(1170,2)
(1171,17)
(1173,12)
(1175,15)
(1176,5)
(1177,10)
(1180,15)
(1181,4)
(1182,17)
(10104,9)
(10105,9)
(10106,6)
(10107,6)
(10108,7)
(10109,16)
(10111,1)
(10113,6)
(10134,4)
(10135,16)
(10136,19)
(10140,21)
(10141,3)
(10142,7)
(10145,17)
(10146,13)
(10123,3)
(10124,7)
(10127,26)
(10128,15)
(10130,18)
(10131,17)
(10132,8)
(10133,11)
(10114,2)
(10115,12)
(10116,4)
(10117,6)
(10118,8)
(10119,2)
(10120,11)
(10121,8)
(10122,6)
(10403,4)
(10405,8)
(10406,15)
(10408,3)
(10409,11)
(10410,39)
(10412,1)
(10414,3)
(10424,23)
(10568,8)
(10569,2)
(10571,1)
(10572,1)
(10574,1)
(10581,2)
(10638,21)
