(1,6)
(2,70)
(5,31)
(9,5)
(11,3)
(52,3)
(53,9)
(56,21)
(57,2)
(93,24)
(94,21)
(95,41)
(97,96)
(98,10)
(99,5)
(100,19)
(101,10)
(102,5)
(145,36)
(146,3)
(149,66)
(151,65)
(156,19)
(160,26)
(161,1)
(163,5)
(164,10)
(242,11)
(243,11)
(247,28)
(248,21)
(252,39)
(253,27)
(254,21)
(255,91)
(257,7)
(586,95)
(587,1)
(589,5)
(591,12)
(1001,64)
(1002,113)
(1003,2)
(1004,5)
(1005,14)
(1006,53)
(1007,2)
(1009,4)
(1010,1)
(1014,139)
(1015,144)
(1016,113)
(1018,13)
(1019,23)
(1093,7)
(1095,1)
(1096,1)
(1097,13)
(1103,14)
(1104,23)
(1107,33)
(1108,8)
(1111,79)
(1167,63)
(1168,22)
(1169,14)
(1170,8)
(1171,47)
(1173,46)
(1175,30)
(1176,26)
(1177,21)
(10409,27)
(10410,56)
(10412,4)
(10414,17)
(10424,57)
(10568,29)
(10569,7)
(10570,2)
(10571,16)
(10572,2)
(10573,1)
(10574,2)
(10575,2)
(10578,8)
(10585,2)
(10586,5)
(10587,1)
(79,14)
(82,17)
(83,4)
(84,10)
(85,5)
(87,18)
(88,16)
(91,12)
(92,18)
(132,11)
(133,9)
(136,38)
(137,22)
(138,17)
(139,15)
(142,16)
(143,81)
(144,18)
(232,44)
(233,43)
(234,116)
(236,30)
(237,23)
(238,51)
(239,56)
(240,23)
(241,21)
(59,7)
(60,1)
(61,4)
(62,5)
(63,11)
(64,6)
(65,12)
(66,9)
(67,13)
(572,6)
(573,4)
(574,64)
(575,11)
(578,8)
(579,113)
(581,12)
(582,30)
(584,38)
(68,15)
(69,46)
(71,16)
(72,11)
(73,53)
(74,6)
(75,8)
(77,14)
(78,33)
(103,5)
(104,19)
(106,14)
(107,26)
(110,28)
(111,27)
(112,20)
(115,4)
(116,26)
(1029,32)
(1031,13)
(1032,5)
(1033,26)
(1034,23)
(1035,4)
(1036,26)
(1037,37)
(166,18)
(168,11)
(169,3)
(170,44)
(171,3)
(172,24)
(173,6)
(176,30)
(179,1)
(118,1)
(119,9)
(120,7)
(121,7)
(122,11)
(124,21)
(126,2)
(127,8)
(129,53)
(259,54)
(263,174)
(264,14)
(265,47)
(266,15)
(267,11)
(268,149)
(269,35)
(270,91)
(1038,4)
(1039,19)
(1040,13)
(1041,15)
(1042,13)
(1043,12)
(1045,5)
(1046,13)
(1047,2)
(181,42)
(182,32)
(225,42)
(226,116)
(227,14)
(228,81)
(229,50)
(230,74)
(231,27)
(272,38)
(274,68)
(275,35)
(277,5)
(387,2)
(388,19)
(520,4)
(570,50)
(571,19)
(1113,63)
(1114,25)
(1115,107)
(1121,12)
(1122,30)
(1123,8)
(1164,79)
(1165,158)
(1166,105)
(1048,12)
(1049,8)
(1050,3)
(1051,4)
(1052,4)
(1053,13)
(1054,1)
(1055,4)
(1056,1)
(10070,43)
(10071,46)
(10072,17)
(10073,17)
(10075,13)
(10076,30)
(10077,18)
(10078,5)
(10079,9)
(1020,12)
(1021,13)
(1022,9)
(1023,15)
(1024,10)
(1025,33)
(1026,12)
(1027,21)
(1028,13)
(1073,9)
(1074,16)
(1075,9)
(1076,7)
(1077,7)
(1078,10)
(1079,7)
(1080,11)
(1081,4)
(10091,41)
(10092,7)
(10093,58)
(10094,52)
(10095,43)
(10096,57)
(10097,17)
(10098,32)
(10099,12)
(1057,6)
(1061,20)
(1062,15)
(1066,8)
(1067,9)
(1068,1)
(1069,11)
(1070,18)
(1072,8)
(1180,180)
(1181,17)
(1182,46)
(1184,6)
(1186,13)
(1187,80)
(1303,6)
(1413,45)
(1414,183)
(10136,27)
(10140,10)
(10142,5)
(10145,97)
(10146,58)
(10403,20)
(10405,8)
(10406,9)
(10408,6)
(1082,3)
(1083,5)
(1084,5)
(1085,9)
(1087,32)
(1088,15)
(1089,10)
(1091,9)
(1092,30)
(1415,55)
(10002,19)
(10005,7)
(10006,20)
(10007,1)
(10013,61)
(10014,10)
(10017,4)
(10053,3)
(10114,14)
(10115,53)
(10116,13)
(10117,32)
(10118,34)
(10119,18)
(10120,7)
(10121,10)
(10122,7)
(10056,53)
(10057,38)
(10058,9)
(10062,14)
(10064,28)
(10065,12)
(10066,15)
(10068,35)
(10069,24)
(10080,52)
(10081,12)
(10084,35)
(10085,32)
(10086,31)
(10087,21)
(10088,8)
(10089,26)
(10090,17)
(10101,18)
(10104,35)
(10105,20)
(10106,3)
(10107,4)
(10108,25)
(10109,74)
(10111,6)
(10113,24)
(10123,14)
(10124,22)
(10127,46)
(10128,30)
(10130,28)
(10131,10)
(10133,86)
(10134,30)
(10135,43)
