(1,78)
(2,74)
(5,9)
(9,4)
(11,7)
(52,5)
(53,3)
(56,16)
(57,17)
(94,11)
(95,13)
(97,54)
(98,6)
(99,2)
(100,7)
(101,9)
(102,6)
(103,9)
(145,31)
(146,2)
(149,75)
(151,25)
(156,5)
(160,2)
(161,6)
(163,2)
(164,4)
(241,9)
(242,5)
(243,8)
(247,17)
(248,13)
(252,34)
(253,21)
(254,45)
(255,42)
(1001,25)
(1002,26)
(1003,5)
(1004,3)
(1005,1)
(1006,4)
(1007,3)
(1014,39)
(1015,67)
(1180,32)
(1181,48)
(1182,37)
(1184,29)
(1186,5)
(1187,26)
(1301,32)
(1302,6)
(1303,5)
(10053,17)
(10056,22)
(10057,19)
(10058,4)
(10062,10)
(10064,26)
(10065,11)
(10066,19)
(10068,13)
(10069,13)
(10070,4)
(10071,23)
(10072,28)
(10073,16)
(10075,5)
(10076,22)
(10077,13)
(10078,14)
(10079,20)
(10080,21)
(10081,3)
(10082,14)
(10084,6)
(10085,6)
(10086,9)
(10087,31)
(83,6)
(84,6)
(85,8)
(87,22)
(88,6)
(91,6)
(92,9)
(93,17)
(59,5)
(60,2)
(62,2)
(63,2)
(64,8)
(66,6)
(67,6)
(68,21)
(69,20)
(71,4)
(72,5)
(73,13)
(74,4)
(75,6)
(77,1)
(78,38)
(79,2)
(82,18)
(104,4)
(106,6)
(107,16)
(110,21)
(111,12)
(112,37)
(115,23)
(116,6)
(118,8)
(133,6)
(136,25)
(137,27)
(138,8)
(139,15)
(142,5)
(143,56)
(144,11)
(166,18)
(168,3)
(169,1)
(170,59)
(171,7)
(172,9)
(173,10)
(176,7)
(179,28)
(119,11)
(120,9)
(121,6)
(122,11)
(124,23)
(126,4)
(127,11)
(129,22)
(132,7)
(181,45)
(182,13)
(225,2)
(226,25)
(227,6)
(228,15)
(229,6)
(230,18)
(257,3)
(259,18)
(263,33)
(264,4)
(265,5)
(266,5)
(267,3)
(268,20)
(269,7)
(1016,40)
(1018,5)
(1019,2)
(1020,3)
(1021,4)
(1022,26)
(1023,14)
(1024,4)
(1047,3)
(1049,5)
(1052,1)
(1053,4)
(1054,3)
(1055,4)
(1056,5)
(1057,5)
(1082,11)
(1083,6)
(1084,12)
(1085,2)
(1087,14)
(1088,3)
(1089,7)
(1090,1)
(1091,2)
(1111,5)
(1113,12)
(1114,2)
(1115,27)
(1121,9)
(1122,5)
(1123,8)
(1165,59)
(1166,60)
(10097,21)
(10098,32)
(10101,12)
(10104,6)
(10105,7)
(10106,13)
(10107,8)
(10108,18)
(10109,27)
(10121,28)
(10122,8)
(10123,8)
(10124,3)
(10127,22)
(10128,11)
(10130,9)
(10131,6)
(10146,38)
(10403,5)
(10405,3)
(10406,15)
(10408,11)
(10409,19)
(10410,10)
(10412,5)
(10414,14)
(10424,39)
(10568,16)
(10569,19)
(10575,1)
(10580,1)
(10582,6)
(10583,4)
(10638,48)
(270,48)
(272,11)
(274,40)
(275,27)
(277,1)
(387,3)
(388,3)
(520,4)
(231,1)
(232,27)
(233,4)
(234,5)
(236,14)
(237,6)
(238,3)
(239,16)
(240,11)
(579,23)
(581,6)
(582,30)
(584,16)
(586,14)
(587,1)
(589,5)
(590,6)
(591,6)
(522,3)
(570,14)
(571,12)
(572,6)
(573,4)
(574,11)
(575,24)
(576,7)
(578,3)
(1025,2)
(1026,17)
(1027,4)
(1028,7)
(1029,6)
(1031,1)
(1032,1)
(1033,2)
(1034,14)
(1059,1)
(1061,2)
(1062,9)
(1066,8)
(1067,5)
(1068,4)
(1069,16)
(1070,9)
(1072,14)
(1092,5)
(1093,1)
(1096,3)
(1097,10)
(1103,9)
(1104,3)
(1107,34)
(1108,5)
(1035,2)
(1036,17)
(1038,5)
(1039,5)
(1040,1)
(1041,5)
(1042,6)
(1043,7)
(1046,5)
(1073,10)
(1074,7)
(1075,5)
(1076,4)
(1077,10)
(1078,5)
(1079,19)
(1080,21)
(1081,10)
(1167,17)
(1168,7)
(1169,19)
(1170,25)
(1171,54)
(1173,17)
(1175,25)
(1176,5)
(1177,4)
(1413,30)
(1414,101)
(1415,10)
(10002,29)
(10007,9)
(10013,2)
(10014,18)
(10017,7)
(10088,21)
(10089,9)
(10090,5)
(10091,45)
(10092,8)
(10093,30)
(10094,16)
(10095,15)
(10096,17)
(10132,11)
(10133,42)
(10134,17)
(10135,23)
(10136,20)
(10140,22)
(10141,3)
(10142,24)
(10145,44)
(10111,6)
(10113,6)
(10114,1)
(10115,16)
(10116,23)
(10117,21)
(10118,8)
(10119,15)
(10120,29)
