(71,10)
(72,9)
(73,14)
(74,7)
(75,10)
(77,1)
(78,38)
(79,10)
(82,15)
(118,4)
(119,11)
(120,7)
(121,1)
(122,13)
(124,42)
(126,2)
(127,9)
(129,22)
(181,54)
(182,26)
(225,1)
(226,24)
(227,2)
(228,18)
(229,7)
(230,37)
(272,16)
(274,56)
(275,19)
(277,2)
(387,4)
(388,4)
(520,1)
(522,4)
(570,19)
(1070,14)
(1072,12)
(1073,15)
(1074,9)
(1075,10)
(1076,11)
(1077,15)
(1078,3)
(1079,20)
(1111,11)
(1112,4)
(1113,18)
(1114,2)
(1115,38)
(1121,17)
(1122,7)
(1123,6)
(1165,102)
(1177,7)
(1180,39)
(1181,57)
(1182,41)
(1184,28)
(1186,5)
(1187,28)
(1301,34)
(1302,5)
(10017,15)
(10053,30)
(10056,48)
(10057,37)
(10058,8)
(10062,22)
(10064,32)
(10065,15)
(10131,15)
(10132,16)
(10133,34)
(10134,36)
(10135,22)
(10136,41)
(10140,32)
(10141,3)
(10142,31)
(1,71)
(2,48)
(5,3)
(9,6)
(11,17)
(52,7)
(53,17)
(56,25)
(57,11)
(83,10)
(84,11)
(85,15)
(86,3)
(87,31)
(88,11)
(91,6)
(92,14)
(93,19)
(94,21)
(95,13)
(97,45)
(98,5)
(99,4)
(100,6)
(101,16)
(102,12)
(103,20)
(59,8)
(60,2)
(62,2)
(63,4)
(64,6)
(66,10)
(67,10)
(68,27)
(69,39)
(132,15)
(133,3)
(136,30)
(137,36)
(138,22)
(139,23)
(142,5)
(143,100)
(144,18)
(145,57)
(146,4)
(149,92)
(151,38)
(156,5)
(160,6)
(161,9)
(163,4)
(164,10)
(104,8)
(106,11)
(107,27)
(108,1)
(110,25)
(111,28)
(112,39)
(115,20)
(116,12)
(231,2)
(232,37)
(233,5)
(234,4)
(236,27)
(237,9)
(239,10)
(240,18)
(241,4)
(242,15)
(243,6)
(247,11)
(248,15)
(252,49)
(253,30)
(254,40)
(255,68)
(257,13)
(166,24)
(168,6)
(169,1)
(170,66)
(171,19)
(172,17)
(173,8)
(176,20)
(179,36)
(571,23)
(572,9)
(573,8)
(574,25)
(575,22)
(576,17)
(577,2)
(578,5)
(579,37)
(259,34)
(263,56)
(264,7)
(265,8)
(266,7)
(267,7)
(268,19)
(269,14)
(270,45)
(581,10)
(582,36)
(584,22)
(586,13)
(587,1)
(589,10)
(590,5)
(591,20)
(1001,31)
(1016,52)
(1018,6)
(1020,6)
(1021,17)
(1022,30)
(1023,22)
(1024,17)
(1025,4)
(1026,19)
(1038,13)
(1039,17)
(1040,3)
(1041,7)
(1042,10)
(1043,6)
(1045,1)
(1046,9)
(1002,35)
(1003,13)
(1004,6)
(1006,7)
(1007,3)
(1008,2)
(1009,6)
(1014,76)
(1015,74)
(1056,11)
(1057,5)
(1059,3)
(1061,5)
(1062,9)
(1066,7)
(1067,5)
(1068,5)
(1069,18)
(1047,2)
(1048,1)
(1049,9)
(1050,4)
(1051,1)
(1052,4)
(1053,4)
(1054,4)
(1055,4)
(1027,9)
(1028,8)
(1029,6)
(1031,5)
(1033,4)
(1034,9)
(1035,5)
(1036,29)
(1037,2)
(1090,2)
(1091,3)
(1092,3)
(1093,1)
(1096,4)
(1097,15)
(1103,16)
(1107,33)
(1108,3)
(1080,14)
(1081,21)
(1082,17)
(1083,6)
(1084,15)
(1085,6)
(1087,14)
(1088,10)
(1089,8)
(1303,6)
(1413,47)
(1414,115)
(1415,9)
(10002,22)
(10005,2)
(10007,16)
(10013,1)
(10014,28)
(10077,28)
(10078,14)
(10079,28)
(10080,23)
(10081,8)
(10082,22)
(10084,7)
(10085,25)
(10086,12)
(10066,19)
(10068,18)
(10069,12)
(10070,6)
(10071,39)
(10072,25)
(10073,8)
(10075,13)
(10076,41)
(1166,53)
(1167,36)
(1168,8)
(1169,21)
(1170,24)
(1171,68)
(1173,18)
(1175,18)
(1176,7)
(10108,22)
(10109,26)
(10111,12)
(10113,9)
(10114,3)
(10115,17)
(10116,18)
(10117,32)
(10118,10)
(10096,28)
(10097,27)
(10098,42)
(10099,6)
(10101,11)
(10104,15)
(10105,7)
(10106,20)
(10107,6)
(10087,34)
(10088,16)
(10089,7)
(10090,5)
(10091,50)
(10092,9)
(10093,23)
(10094,30)
(10095,17)
(10119,16)
(10120,33)
(10121,33)
(10122,13)
(10123,5)
(10124,5)
(10127,24)
(10128,19)
(10130,10)
(10145,61)
(10146,70)
(10403,4)
(10405,4)
(10406,18)
(10408,10)
(10409,23)
(10410,10)
(10412,3)
(10414,14)
(10424,39)
(10568,39)
(10569,15)
(10582,10)
(10583,5)
(10584,1)
(10638,52)
