(1,7)
(2,43)
(5,2)
(52,14)
(53,3)
(56,3)
(57,2)
(64,4)
(99,4)
(100,1)
(101,2)
(102,2)
(103,5)
(104,4)
(106,5)
(107,6)
(146,2)
(149,27)
(151,2)
(156,2)
(160,1)
(163,2)
(164,5)
(240,24)
(242,6)
(243,4)
(247,2)
(248,2)
(252,14)
(253,14)
(575,5)
(576,6)
(578,1)
(579,3)
(581,1)
(582,2)
(584,1)
(586,9)
(1025,2)
(1026,3)
(1027,2)
(1028,3)
(1033,1)
(1034,2)
(1035,1)
(1068,4)
(1069,4)
(1070,2)
(1073,2)
(1074,2)
(1075,2)
(1076,1)
(1087,4)
(1088,6)
(1089,1)
(1091,2)
(1092,3)
(1095,2)
(1096,2)
(10095,4)
(10096,5)
(10097,12)
(10098,11)
(10101,3)
(10104,4)
(10105,3)
(10106,3)
(10107,2)
(10108,4)
(10109,10)
(10113,2)
(10115,9)
(10116,1)
(10117,3)
(10127,2)
(10130,1)
(10131,5)
(10133,12)
(10134,8)
(10135,2)
(10136,4)
(10140,10)
(10141,1)
(10142,8)
(10145,66)
(10146,7)
(10406,2)
(10408,4)
(10409,13)
(74,2)
(77,4)
(78,5)
(79,2)
(82,3)
(84,5)
(85,2)
(87,5)
(66,2)
(67,3)
(68,2)
(69,5)
(71,3)
(72,1)
(73,6)
(88,1)
(91,2)
(93,8)
(94,8)
(95,10)
(97,23)
(98,4)
(124,8)
(126,4)
(127,4)
(128,1)
(129,7)
(132,6)
(133,1)
(136,7)
(137,3)
(138,2)
(139,4)
(142,2)
(143,13)
(144,6)
(145,1)
(110,1)
(111,1)
(112,3)
(115,2)
(119,3)
(120,3)
(122,3)
(182,6)
(184,2)
(225,2)
(226,13)
(227,1)
(228,9)
(229,4)
(230,13)
(232,16)
(233,1)
(234,3)
(236,7)
(237,3)
(238,2)
(239,5)
(166,3)
(170,10)
(171,2)
(172,3)
(173,2)
(176,3)
(179,10)
(181,16)
(266,2)
(268,5)
(269,9)
(270,36)
(272,8)
(274,19)
(275,6)
(387,1)
(388,1)
(522,1)
(570,10)
(571,3)
(572,2)
(573,1)
(574,11)
(254,9)
(255,8)
(257,2)
(259,27)
(263,44)
(264,1)
(265,7)
(587,3)
(589,1)
(1001,11)
(1002,26)
(1003,1)
(1005,1)
(1006,4)
(1046,3)
(1047,1)
(1048,1)
(1050,1)
(1052,1)
(1061,1)
(1066,2)
(1067,2)
(1169,4)
(1170,10)
(1171,39)
(1173,8)
(1175,3)
(1176,15)
(1177,3)
(1414,40)
(1415,6)
(10002,8)
(10005,28)
(10006,6)
(10007,20)
(10014,29)
(1007,1)
(1009,2)
(1014,40)
(1015,42)
(1016,28)
(1022,5)
(1023,1)
(1024,5)
(1077,11)
(1078,2)
(1079,8)
(1080,3)
(1081,2)
(1082,4)
(1083,1)
(1084,1)
(10053,2)
(10056,7)
(10057,13)
(10058,1)
(10062,2)
(10064,2)
(10065,2)
(10066,1)
(1097,3)
(1103,1)
(1104,1)
(1107,4)
(1108,2)
(1111,2)
(1113,4)
(1115,4)
(1036,7)
(1037,1)
(1039,5)
(1040,2)
(1041,1)
(1042,2)
(1045,2)
(1180,13)
(1181,30)
(1182,15)
(1184,10)
(1187,11)
(1301,6)
(1302,1)
(1413,38)
(10068,4)
(10069,4)
(10070,6)
(10071,8)
(10072,15)
(10073,17)
(10075,6)
(1121,2)
(1122,2)
(1123,6)
(1165,26)
(1166,22)
(1167,4)
(1168,6)
(10087,3)
(10088,3)
(10089,2)
(10090,2)
(10091,9)
(10093,7)
(10094,4)
(10118,5)
(10119,5)
(10120,4)
(10121,3)
(10122,2)
(10123,3)
(10124,1)
(10076,13)
(10077,5)
(10078,2)
(10079,4)
(10080,7)
(10082,16)
(10085,6)
(10086,4)
(10410,1)
(10414,2)
(10424,12)
(10568,3)
(10569,3)
(10582,1)
(10638,42)
