(1,6)
(2,93)
(5,61)
(9,8)
(11,5)
(52,2)
(53,13)
(56,13)
(57,4)
(59,3)
(94,22)
(95,29)
(97,111)
(98,7)
(99,6)
(100,20)
(101,19)
(102,7)
(103,5)
(104,16)
(146,5)
(149,58)
(151,61)
(156,18)
(160,12)
(161,4)
(163,4)
(164,13)
(166,11)
(247,11)
(248,39)
(252,35)
(253,22)
(254,19)
(255,73)
(257,2)
(259,65)
(263,138)
(1062,11)
(1066,3)
(1067,5)
(1068,4)
(1069,14)
(1070,16)
(1072,8)
(1073,5)
(1074,3)
(1075,9)
(1076,14)
(1077,7)
(1078,11)
(1079,4)
(1080,7)
(1081,6)
(1082,4)
(1083,6)
(1122,21)
(1123,14)
(1164,94)
(1165,138)
(1166,109)
(1167,54)
(1168,23)
(1169,21)
(1170,5)
(10073,12)
(10075,14)
(10076,17)
(10077,16)
(10078,6)
(10079,31)
(10080,49)
(10081,8)
(10082,35)
(10093,63)
(10094,35)
(10095,30)
(10096,41)
(10097,41)
(10098,25)
(10099,14)
(10101,16)
(10104,18)
(10575,3)
(10578,4)
(10579,1)
(10581,1)
(10582,4)
(10583,2)
(10584,1)
(10585,1)
(10586,10)
(61,1)
(62,2)
(63,5)
(64,9)
(65,8)
(66,6)
(67,20)
(68,20)
(69,51)
(106,14)
(107,27)
(108,2)
(110,29)
(111,20)
(112,21)
(115,4)
(116,31)
(118,2)
(71,11)
(72,8)
(73,34)
(74,2)
(75,16)
(77,5)
(78,25)
(79,13)
(82,14)
(168,11)
(169,7)
(170,42)
(171,2)
(172,23)
(173,8)
(176,28)
(179,1)
(181,47)
(182,29)
(119,9)
(120,1)
(121,17)
(122,15)
(124,23)
(126,5)
(127,7)
(129,47)
(132,11)
(264,4)
(265,47)
(266,9)
(267,29)
(268,151)
(269,25)
(270,92)
(272,32)
(274,73)
(83,5)
(84,7)
(85,9)
(86,2)
(87,14)
(88,15)
(91,6)
(92,8)
(93,20)
(225,22)
(226,137)
(227,20)
(228,79)
(229,36)
(230,55)
(231,18)
(232,56)
(233,45)
(133,11)
(136,39)
(137,17)
(138,12)
(139,22)
(142,9)
(143,62)
(144,12)
(145,40)
(234,103)
(236,44)
(237,28)
(238,46)
(239,51)
(240,22)
(241,11)
(242,11)
(243,20)
(574,51)
(575,22)
(576,5)
(577,10)
(578,5)
(579,133)
(581,6)
(582,48)
(584,37)
(275,41)
(277,5)
(387,1)
(388,20)
(520,7)
(522,1)
(570,46)
(571,10)
(572,14)
(573,7)
(586,87)
(589,5)
(591,21)
(1001,77)
(1002,96)
(1003,4)
(1004,7)
(1005,7)
(1006,56)
(1031,10)
(1032,2)
(1033,25)
(1034,15)
(1035,8)
(1036,33)
(1037,39)
(1038,6)
(1039,30)
(1084,7)
(1085,8)
(1087,30)
(1088,13)
(1089,16)
(1091,15)
(1092,35)
(1093,8)
(1095,1)
(1007,3)
(1008,2)
(1009,8)
(1014,82)
(1015,139)
(1016,116)
(1018,14)
(1019,25)
(1020,18)
(1097,9)
(1103,17)
(1104,16)
(1107,28)
(1108,16)
(1111,89)
(1113,53)
(1114,36)
(1115,135)
(1121,12)
(1051,1)
(1052,3)
(1053,5)
(1054,3)
(1055,7)
(1056,6)
(1057,4)
(1059,4)
(1061,15)
(1021,18)
(1022,12)
(1023,24)
(1024,9)
(1025,46)
(1026,14)
(1027,14)
(1028,13)
(1029,25)
(1186,21)
(1187,86)
(1301,2)
(1302,3)
(1303,3)
(1413,57)
(1414,167)
(1415,40)
(10002,25)
(1040,6)
(1041,11)
(1042,9)
(1043,9)
(1045,2)
(1046,25)
(1047,4)
(1048,23)
(1049,5)
(1050,1)
(1171,31)
(1173,46)
(1175,38)
(1176,29)
(1177,21)
(1180,187)
(1181,12)
(1182,31)
(1184,3)
(10058,9)
(10062,16)
(10064,35)
(10065,8)
(10066,14)
(10068,28)
(10069,23)
(10070,45)
(10071,45)
(10072,11)
(10084,37)
(10085,48)
(10086,19)
(10087,24)
(10088,7)
(10089,24)
(10090,20)
(10091,32)
(10092,6)
(10105,29)
(10106,4)
(10107,7)
(10108,20)
(10109,64)
(10111,4)
(10113,26)
(10114,16)
(10115,35)
(10005,8)
(10006,15)
(10007,2)
(10013,76)
(10014,10)
(10017,2)
(10053,10)
(10056,29)
(10057,39)
(10141,5)
(10142,21)
(10145,115)
(10146,73)
(10403,32)
(10405,19)
(10406,29)
(10408,10)
(10409,38)
(10128,32)
(10130,15)
(10131,15)
(10132,12)
(10133,86)
(10134,18)
(10135,28)
(10136,27)
(10140,34)
(10116,10)
(10117,26)
(10118,32)
(10119,11)
(10120,18)
(10121,15)
(10122,12)
(10123,32)
(10124,28)
(10127,43)
(10410,72)
(10412,6)
(10414,14)
(10424,33)
(10568,41)
(10569,7)
(10570,1)
(10571,13)
(10574,4)
