(84,8)
(85,22)
(86,2)
(87,17)
(88,16)
(91,9)
(92,10)
(93,17)
(94,22)
(1,1)
(2,87)
(5,40)
(9,5)
(52,1)
(53,12)
(56,19)
(57,7)
(59,2)
(60,2)
(132,15)
(133,16)
(136,30)
(137,29)
(138,17)
(139,18)
(142,13)
(143,67)
(144,21)
(145,41)
(61,3)
(62,3)
(64,3)
(65,6)
(66,7)
(67,19)
(68,13)
(69,49)
(71,10)
(95,35)
(97,108)
(98,5)
(99,4)
(100,23)
(101,16)
(102,6)
(103,16)
(104,8)
(146,5)
(149,59)
(151,47)
(156,12)
(160,18)
(163,1)
(164,13)
(166,15)
(168,9)
(106,11)
(107,15)
(108,2)
(110,27)
(111,17)
(112,22)
(115,11)
(116,23)
(118,6)
(248,36)
(252,42)
(253,32)
(254,15)
(255,98)
(257,4)
(259,72)
(263,112)
(264,6)
(169,5)
(170,51)
(172,11)
(173,9)
(176,12)
(179,1)
(181,36)
(182,12)
(225,18)
(1051,2)
(1052,5)
(1053,2)
(1055,4)
(1056,5)
(1057,7)
(1059,2)
(1061,14)
(1062,17)
(1066,3)
(1067,3)
(1068,1)
(1069,13)
(1070,27)
(1072,11)
(1073,3)
(1074,11)
(1075,6)
(265,54)
(266,9)
(267,31)
(268,138)
(269,31)
(270,103)
(272,30)
(274,68)
(275,33)
(1122,17)
(1123,14)
(1164,84)
(1165,131)
(1166,125)
(1167,69)
(1168,24)
(1169,14)
(1170,3)
(1031,13)
(1033,28)
(1034,16)
(1035,5)
(1036,21)
(1037,36)
(1038,1)
(1039,18)
(1040,9)
(10058,6)
(10062,24)
(10064,25)
(10065,10)
(10066,20)
(10068,34)
(10069,17)
(10070,38)
(10071,54)
(1041,10)
(1042,10)
(1043,12)
(1045,2)
(1046,14)
(1047,2)
(1048,18)
(1049,6)
(1050,2)
(1104,18)
(1107,45)
(1108,13)
(1111,67)
(1112,3)
(1113,62)
(1114,18)
(1115,132)
(1121,3)
(10005,14)
(10006,25)
(10007,2)
(10013,89)
(10014,8)
(10017,9)
(10053,4)
(10056,36)
(10057,46)
(10106,14)
(10107,16)
(10108,11)
(10109,60)
(10111,7)
(10113,31)
(10114,8)
(10115,46)
(10116,13)
(10128,29)
(10130,14)
(10131,23)
(10132,16)
(10133,82)
(10134,25)
(10135,41)
(10136,34)
(10140,55)
(236,42)
(237,47)
(238,44)
(239,39)
(240,17)
(241,14)
(242,13)
(243,13)
(247,23)
(574,36)
(575,22)
(576,7)
(577,3)
(578,7)
(579,111)
(581,15)
(582,53)
(584,36)
(586,88)
(587,8)
(589,2)
(591,27)
(1001,69)
(1002,114)
(1004,7)
(1005,7)
(1006,35)
(1007,2)
(1021,13)
(1022,20)
(1023,27)
(1024,17)
(1025,43)
(1026,18)
(1027,11)
(1028,8)
(1029,29)
(1087,20)
(1088,8)
(1089,9)
(1091,15)
(1092,28)
(1093,13)
(1095,2)
(1097,8)
(1103,20)
(1186,14)
(1187,79)
(1301,2)
(1302,2)
(1303,9)
(1413,64)
(1414,191)
(1415,50)
(10002,20)
(10117,35)
(10118,42)
(10119,12)
(10120,17)
(10121,22)
(10122,3)
(10123,25)
(10124,19)
(10127,54)
(10141,7)
(10142,27)
(10145,123)
(10146,64)
(10403,7)
(10405,22)
(10406,31)
(10408,14)
(10409,41)
(10575,2)
(10578,3)
(10579,1)
(10581,3)
(10582,1)
(10585,1)
(10586,8)
(10587,1)
(10638,75)
(72,12)
(73,24)
(74,10)
(75,11)
(77,7)
(78,24)
(79,3)
(82,29)
(83,9)
(119,14)
(120,8)
(121,10)
(122,16)
(124,21)
(126,2)
(127,3)
(128,2)
(129,44)
(226,83)
(227,29)
(228,60)
(229,34)
(230,52)
(231,23)
(232,60)
(233,59)
(234,135)
(277,1)
(387,2)
(388,17)
(520,5)
(522,2)
(570,23)
(571,7)
(572,8)
(573,4)
(1008,2)
(1009,7)
(1010,1)
(1014,134)
(1015,134)
(1016,108)
(1018,13)
(1019,19)
(1020,16)
(1076,7)
(1077,6)
(1078,8)
(1079,2)
(1080,9)
(1081,4)
(1082,4)
(1083,3)
(1084,10)
(1085,10)
(1171,26)
(1173,39)
(1175,22)
(1176,31)
(1177,26)
(1180,124)
(1181,17)
(1182,34)
(1184,3)
(10072,10)
(10073,19)
(10075,7)
(10076,40)
(10077,16)
(10078,4)
(10079,30)
(10080,38)
(10081,29)
(10082,49)
(10085,34)
(10086,23)
(10087,31)
(10088,5)
(10089,27)
(10090,15)
(10091,25)
(10092,8)
(10093,58)
(10094,38)
(10095,19)
(10096,48)
(10097,52)
(10098,26)
(10099,21)
(10101,15)
(10104,29)
(10105,17)
(10410,77)
(10412,3)
(10414,21)
(10424,31)
(10568,33)
(10569,7)
(10571,3)
(10572,2)
(10574,1)
