(1,60)
(2,64)
(5,25)
(9,24)
(11,11)
(52,7)
(53,19)
(56,22)
(57,23)
(59,5)
(94,24)
(95,19)
(97,91)
(98,4)
(99,2)
(100,8)
(101,25)
(102,16)
(103,19)
(146,5)
(149,115)
(151,47)
(156,16)
(160,4)
(161,5)
(163,13)
(164,7)
(166,17)
(247,25)
(248,14)
(252,59)
(253,33)
(254,35)
(255,37)
(257,9)
(259,60)
(263,130)
(1062,15)
(1066,6)
(1067,3)
(1068,2)
(1069,4)
(1070,14)
(1072,12)
(1073,7)
(1074,6)
(1085,9)
(1087,22)
(1088,5)
(1089,11)
(1090,1)
(1091,10)
(1092,11)
(1093,1)
(1096,1)
(1182,75)
(1184,25)
(1186,9)
(1187,46)
(1301,46)
(1302,11)
(1303,7)
(1413,101)
(1414,185)
(10056,47)
(10057,40)
(10058,13)
(10062,26)
(10064,42)
(10065,14)
(10066,23)
(10068,31)
(10069,17)
(71,13)
(72,11)
(73,7)
(74,2)
(75,17)
(77,3)
(78,33)
(79,9)
(82,20)
(83,3)
(84,4)
(85,13)
(86,2)
(87,21)
(88,8)
(91,3)
(92,20)
(93,28)
(118,11)
(119,4)
(120,8)
(121,1)
(122,17)
(124,38)
(126,24)
(127,26)
(129,44)
(60,6)
(62,3)
(63,4)
(64,9)
(65,2)
(66,16)
(67,20)
(68,18)
(69,39)
(182,24)
(225,17)
(226,41)
(227,10)
(228,41)
(229,13)
(230,40)
(232,59)
(233,4)
(104,5)
(106,7)
(107,32)
(108,3)
(110,25)
(111,21)
(112,24)
(115,22)
(116,9)
(275,31)
(277,2)
(387,5)
(388,20)
(520,3)
(522,8)
(570,51)
(571,13)
(572,14)
(132,20)
(133,4)
(136,41)
(137,42)
(138,26)
(139,27)
(142,17)
(143,88)
(144,41)
(145,50)
(168,10)
(169,7)
(170,61)
(171,26)
(172,15)
(173,20)
(176,23)
(179,33)
(181,90)
(234,12)
(236,39)
(237,11)
(238,27)
(239,33)
(240,48)
(241,6)
(242,19)
(243,4)
(573,12)
(574,42)
(575,25)
(576,14)
(577,4)
(578,10)
(579,19)
(581,9)
(582,62)
(584,19)
(264,7)
(265,28)
(266,14)
(267,16)
(268,26)
(269,24)
(270,137)
(272,34)
(274,73)
(586,70)
(587,3)
(589,5)
(591,23)
(1001,67)
(1002,92)
(1003,12)
(1004,6)
(1005,16)
(1006,30)
(1007,3)
(1009,2)
(1014,143)
(1015,129)
(1016,98)
(1018,10)
(1019,7)
(1020,10)
(1051,5)
(1052,7)
(1053,3)
(1054,1)
(1055,6)
(1056,9)
(1057,4)
(1059,1)
(1061,24)
(1031,5)
(1033,6)
(1034,29)
(1035,6)
(1036,31)
(1037,27)
(1038,11)
(1039,14)
(1040,9)
(1041,6)
(1042,13)
(1043,2)
(1045,3)
(1046,20)
(1047,2)
(1048,5)
(1049,10)
(1050,6)
(1021,8)
(1022,28)
(1023,20)
(1024,16)
(1025,14)
(1026,26)
(1027,18)
(1028,19)
(1029,15)
(1075,7)
(1076,9)
(1077,7)
(1078,6)
(1079,7)
(1080,9)
(1081,19)
(1082,32)
(1083,6)
(1084,19)
(1415,28)
(10002,38)
(10005,1)
(10006,32)
(10007,58)
(10013,1)
(10014,63)
(10017,13)
(10053,15)
(1115,66)
(1121,21)
(1122,37)
(1123,19)
(1164,16)
(1165,139)
(1166,148)
(1167,71)
(1168,20)
(1169,41)
(1170,27)
(1171,96)
(1173,40)
(1175,44)
(1176,22)
(1177,11)
(1180,115)
(1181,157)
(1097,8)
(1103,19)
(1104,3)
(1107,39)
(1108,11)
(1111,11)
(1112,1)
(1113,23)
(1114,4)
(10081,5)
(10082,13)
(10084,11)
(10085,65)
(10086,23)
(10087,46)
(10088,16)
(10089,15)
(10090,6)
(10091,70)
(10092,8)
(10093,41)
(10094,24)
(10095,31)
(10096,52)
(10097,24)
(10098,78)
(10099,7)
(10101,15)
(10104,26)
(10105,12)
(10106,7)
(10107,7)
(10108,29)
(10109,56)
(10111,14)
(10113,28)
(10123,7)
(10124,4)
(10127,36)
(10128,17)
(10130,5)
(10131,36)
(10132,11)
(10133,78)
(10134,44)
(10406,14)
(10408,13)
(10409,23)
(10410,25)
(10412,1)
(10414,23)
(10424,34)
(10568,49)
(10569,6)
(10070,10)
(10071,37)
(10072,24)
(10073,21)
(10075,8)
(10076,58)
(10077,47)
(10078,12)
(10079,33)
(10080,40)
(10114,4)
(10115,24)
(10116,19)
(10117,36)
(10118,39)
(10119,29)
(10120,15)
(10121,17)
(10122,10)
(10135,30)
(10136,40)
(10140,31)
(10141,2)
(10142,20)
(10145,96)
(10146,54)
(10403,19)
(10405,1)
(10570,1)
(10578,4)
(10579,2)
(10580,1)
(10581,2)
(10582,14)
(10583,1)
(10586,3)
(10587,2)
