(85,13)
(87,19)
(88,17)
(91,15)
(92,18)
(93,25)
(94,17)
(95,31)
(97,121)
(138,21)
(139,23)
(142,12)
(143,74)
(144,15)
(145,39)
(146,6)
(149,57)
(151,60)
(237,39)
(238,38)
(239,42)
(240,15)
(241,20)
(242,15)
(243,17)
(247,34)
(248,34)
(576,1)
(577,3)
(578,5)
(579,105)
(581,11)
(582,52)
(584,43)
(586,99)
(587,2)
(1008,2)
(1009,4)
(1010,1)
(1014,121)
(1015,153)
(1016,86)
(1018,15)
(1019,21)
(1020,14)
(1171,35)
(1173,33)
(1175,40)
(1176,31)
(1177,22)
(1180,92)
(1181,15)
(1182,33)
(1184,8)
(10006,13)
(10013,93)
(10014,9)
(10017,4)
(10053,5)
(10056,43)
(10057,57)
(10058,3)
(10062,15)
(10075,17)
(10076,27)
(10077,9)
(10078,11)
(10079,39)
(10080,51)
(10081,12)
(10082,35)
(10085,39)
(10412,3)
(10414,20)
(10424,37)
(10568,32)
(10569,10)
(10571,12)
(10572,1)
(10573,3)
(10574,4)
(63,4)
(64,11)
(65,5)
(66,2)
(67,25)
(68,19)
(69,29)
(71,16)
(72,13)
(110,29)
(111,18)
(112,22)
(115,3)
(116,20)
(118,2)
(119,10)
(120,8)
(121,15)
(171,2)
(172,20)
(173,10)
(176,28)
(179,1)
(181,36)
(182,26)
(225,32)
(226,130)
(266,13)
(267,25)
(268,107)
(269,32)
(270,89)
(272,24)
(274,59)
(275,33)
(277,1)
(73,28)
(74,9)
(75,12)
(77,11)
(78,29)
(79,11)
(82,6)
(83,6)
(84,11)
(1,2)
(2,69)
(5,32)
(9,8)
(53,8)
(56,13)
(57,5)
(59,9)
(61,3)
(62,1)
(122,9)
(124,20)
(126,5)
(127,2)
(129,51)
(132,17)
(133,9)
(136,34)
(137,21)
(589,5)
(591,13)
(1001,91)
(1002,102)
(1003,1)
(1004,8)
(1005,9)
(1006,39)
(1007,1)
(98,12)
(99,7)
(100,9)
(101,14)
(102,11)
(103,24)
(104,16)
(106,21)
(107,31)
(156,13)
(160,21)
(161,2)
(163,2)
(164,12)
(166,14)
(168,14)
(169,3)
(170,44)
(1021,22)
(1022,16)
(1023,21)
(1024,10)
(1025,37)
(1026,16)
(1027,15)
(1028,8)
(1029,26)
(227,34)
(228,69)
(229,49)
(230,46)
(231,23)
(232,65)
(233,47)
(234,102)
(236,46)
(1122,24)
(1123,13)
(1164,64)
(1165,115)
(1166,120)
(1167,65)
(1168,31)
(1169,13)
(1170,10)
(252,46)
(253,22)
(254,22)
(255,67)
(257,6)
(259,33)
(263,95)
(264,10)
(265,46)
(387,3)
(388,20)
(520,8)
(570,30)
(571,14)
(572,10)
(573,2)
(574,57)
(575,15)
(1186,17)
(1187,81)
(1302,2)
(1303,8)
(1413,56)
(1414,160)
(1415,43)
(10002,19)
(10005,9)
(1042,6)
(1043,9)
(1045,2)
(1046,18)
(1047,7)
(1048,19)
(1049,7)
(1050,4)
(1051,2)
(1031,14)
(1033,27)
(1034,21)
(1035,4)
(1036,21)
(1037,34)
(1038,4)
(1039,22)
(1040,7)
(1041,5)
(10095,16)
(10096,41)
(10097,43)
(10098,21)
(10099,9)
(10101,15)
(10104,25)
(10105,9)
(10106,13)
(1087,26)
(1088,19)
(1089,9)
(1090,2)
(1091,8)
(1092,17)
(1093,6)
(1095,2)
(1097,13)
(1052,3)
(1053,7)
(1054,3)
(1055,2)
(1056,4)
(1057,13)
(1059,2)
(1061,22)
(1062,8)
(10118,30)
(10119,11)
(10120,25)
(10121,18)
(10122,4)
(10123,45)
(10124,22)
(10127,65)
(10128,28)
(1103,24)
(1104,20)
(1107,34)
(1108,13)
(1111,72)
(1113,71)
(1114,27)
(1115,128)
(1121,4)
(1066,3)
(1067,3)
(1069,14)
(1070,22)
(1072,7)
(1073,5)
(1074,3)
(1075,10)
(1076,6)
(10064,31)
(10065,12)
(10066,17)
(10068,28)
(10069,29)
(10070,33)
(10071,36)
(10072,20)
(10073,15)
(1077,3)
(1078,14)
(1079,8)
(1080,3)
(1081,4)
(1082,4)
(1083,5)
(1084,6)
(1085,3)
(10107,8)
(10108,20)
(10109,48)
(10111,8)
(10113,27)
(10114,13)
(10115,51)
(10116,4)
(10117,25)
(10086,22)
(10087,26)
(10088,8)
(10089,27)
(10090,13)
(10091,21)
(10092,8)
(10093,60)
(10094,35)
(10130,22)
(10131,19)
(10132,17)
(10133,79)
(10134,22)
(10135,35)
(10136,28)
(10140,38)
(10141,8)
(10142,31)
(10145,102)
(10146,74)
(10403,22)
(10405,22)
(10406,19)
(10408,11)
(10409,26)
(10410,70)
(10575,3)
(10578,4)
(10579,3)
(10580,1)
(10581,1)
(10582,2)
(10586,1)
(10587,1)
(10638,67)
