(87,2)
(88,2)
(91,1)
(93,3)
(94,3)
(95,6)
(97,11)
(139,3)
(142,1)
(143,8)
(145,1)
(149,7)
(151,3)
(156,1)
(233,3)
(234,5)
(236,2)
(239,3)
(240,8)
(242,2)
(387,1)
(388,3)
(574,2)
(575,2)
(576,1)
(578,3)
(1027,1)
(1028,1)
(1034,1)
(1035,1)
(1036,3)
(1037,3)
(1171,9)
(1173,3)
(1175,7)
(1176,3)
(1180,14)
(1181,15)
(1182,15)
(1184,7)
(1186,1)
(1187,1)
(1301,1)
(1413,23)
(1414,27)
(1415,3)
(10002,8)
(10005,7)
(10007,6)
(10014,14)
(10092,2)
(10093,4)
(10094,2)
(10095,5)
(10096,1)
(10097,2)
(67,2)
(68,1)
(69,1)
(71,2)
(72,3)
(73,1)
(74,1)
(75,2)
(78,6)
(82,4)
(84,1)
(85,1)
(124,3)
(127,5)
(129,2)
(136,3)
(137,1)
(138,1)
(1,2)
(2,20)
(5,2)
(52,6)
(53,2)
(56,3)
(66,2)
(226,14)
(227,2)
(228,5)
(229,1)
(230,4)
(231,1)
(232,4)
(110,3)
(112,4)
(115,1)
(116,1)
(119,1)
(121,1)
(173,2)
(176,4)
(179,3)
(181,8)
(182,2)
(184,1)
(99,1)
(101,2)
(102,1)
(103,2)
(104,1)
(107,3)
(267,2)
(268,3)
(269,4)
(270,22)
(272,1)
(274,9)
(275,4)
(255,6)
(259,18)
(263,15)
(264,2)
(265,6)
(266,3)
(1067,1)
(1068,2)
(1069,2)
(1070,1)
(1072,1)
(1073,3)
(1074,1)
(1041,1)
(1046,3)
(1048,1)
(1049,2)
(1051,1)
(1062,3)
(160,1)
(163,2)
(168,1)
(170,4)
(171,5)
(172,6)
(1084,1)
(1089,2)
(1090,1)
(1091,2)
(1092,1)
(1103,2)
(243,5)
(247,3)
(248,2)
(252,6)
(253,8)
(254,7)
(1077,1)
(1078,1)
(1079,1)
(1080,4)
(1081,2)
(1083,1)
(579,5)
(582,5)
(586,5)
(1001,5)
(1002,18)
(1003,1)
(1104,2)
(1107,5)
(1111,1)
(1113,1)
(1115,3)
(1121,2)
(1006,3)
(1007,1)
(1008,1)
(1014,15)
(1015,21)
(1016,15)
(10017,1)
(10053,1)
(10056,5)
(10057,3)
(10058,1)
(10062,1)
(10064,2)
(1122,1)
(1123,1)
(1165,11)
(1166,14)
(1167,7)
(1168,1)
(1170,4)
(10065,1)
(10068,1)
(10069,1)
(10070,3)
(10071,2)
(10072,2)
(1018,1)
(1020,1)
(1022,3)
(1023,2)
(1024,1)
(1025,5)
(1026,1)
(10098,1)
(10099,1)
(10101,2)
(10106,1)
(10107,1)
(10108,2)
(10073,5)
(10075,1)
(10076,2)
(10077,4)
(10078,1)
(10079,6)
(10409,3)
(10410,1)
(10414,1)
(10424,2)
(10568,1)
(10569,1)
(10120,8)
(10121,3)
(10122,1)
(10127,2)
(10128,4)
(10130,3)
(10131,3)
(10080,2)
(10082,8)
(10085,2)
(10086,1)
(10087,1)
(10088,2)
(10091,8)
(10133,1)
(10134,4)
(10135,5)
(10136,1)
(10140,4)
(10142,3)
(10109,1)
(10111,1)
(10113,1)
(10115,1)
(10117,1)
(10119,4)
(10145,19)
(10146,6)
(10403,1)
(10405,1)
(10406,1)
(10408,2)
