(83,11)
(84,11)
(85,25)
(86,3)
(87,40)
(88,32)
(91,4)
(92,28)
(93,46)
(132,30)
(133,22)
(136,55)
(137,55)
(138,34)
(139,47)
(142,10)
(143,113)
(144,31)
(234,13)
(236,37)
(237,7)
(238,21)
(239,27)
(240,45)
(241,16)
(242,27)
(243,7)
(573,19)
(574,64)
(575,17)
(576,29)
(577,7)
(578,19)
(579,54)
(581,19)
(582,64)
(1019,6)
(1020,10)
(1021,18)
(1022,60)
(1023,39)
(1024,13)
(1025,15)
(1026,43)
(1027,14)
(1062,23)
(1066,7)
(1067,3)
(1068,6)
(1069,14)
(1070,7)
(1072,8)
(1073,6)
(1074,7)
(1075,16)
(1076,8)
(1077,7)
(1078,6)
(1079,6)
(1080,10)
(1081,32)
(1082,32)
(1083,7)
(1095,1)
(1096,5)
(1097,29)
(1103,29)
(1104,3)
(1107,80)
(1108,12)
(1111,19)
(1112,7)
(10070,14)
(10071,66)
(10072,60)
(10073,21)
(10075,11)
(10076,63)
(10077,52)
(10078,24)
(10079,62)
(10405,4)
(10406,29)
(10408,24)
(10409,29)
(10410,18)
(10412,2)
(10414,32)
(10424,57)
(10568,57)
(10569,10)
(10570,1)
(10571,1)
(10574,1)
(10575,4)
(10580,1)
(10582,42)
(10583,6)
(10638,71)
(1,56)
(2,69)
(5,80)
(9,9)
(11,20)
(52,5)
(53,25)
(56,32)
(57,16)
(59,11)
(94,40)
(95,37)
(97,79)
(98,5)
(99,9)
(100,17)
(101,31)
(102,15)
(103,9)
(145,97)
(146,3)
(149,160)
(151,55)
(156,12)
(160,1)
(161,2)
(163,4)
(164,7)
(71,13)
(72,13)
(73,14)
(74,12)
(75,12)
(77,4)
(78,59)
(79,9)
(82,35)
(60,5)
(62,7)
(63,6)
(64,13)
(65,6)
(66,8)
(67,19)
(68,12)
(69,24)
(118,10)
(119,17)
(120,11)
(121,7)
(122,27)
(124,63)
(126,31)
(127,22)
(129,71)
(247,35)
(248,22)
(252,92)
(253,39)
(254,76)
(255,96)
(257,22)
(259,68)
(263,154)
(181,91)
(182,47)
(225,10)
(226,29)
(227,14)
(228,46)
(229,22)
(230,57)
(232,61)
(233,7)
(104,7)
(106,19)
(107,44)
(108,8)
(110,42)
(111,38)
(112,47)
(115,26)
(116,27)
(584,13)
(586,44)
(587,9)
(589,10)
(590,12)
(591,28)
(1001,98)
(1002,90)
(1003,14)
(275,34)
(277,5)
(387,3)
(388,24)
(520,1)
(522,7)
(570,59)
(571,22)
(572,11)
(166,28)
(168,25)
(169,9)
(170,88)
(171,24)
(172,11)
(173,9)
(176,27)
(179,46)
(1028,14)
(1029,10)
(1031,5)
(1033,5)
(1034,43)
(1035,10)
(1036,62)
(1037,30)
(1038,7)
(264,7)
(265,28)
(266,19)
(267,10)
(268,61)
(269,29)
(270,131)
(272,16)
(274,82)
(1050,9)
(1051,15)
(1052,16)
(1053,13)
(1054,6)
(1055,13)
(1056,17)
(1057,5)
(1061,12)
(1004,5)
(1005,4)
(1006,26)
(1007,9)
(1009,1)
(1014,141)
(1015,211)
(1016,114)
(1018,8)
(1180,97)
(1181,112)
(1182,91)
(1184,34)
(1186,25)
(1187,48)
(1301,48)
(1302,16)
(1303,12)
(1167,55)
(1168,9)
(1169,37)
(1170,47)
(1171,129)
(1173,30)
(1175,57)
(1176,13)
(1177,14)
(1039,21)
(1040,7)
(1041,22)
(1042,23)
(1043,14)
(1045,1)
(1046,33)
(1047,7)
(1048,3)
(1049,13)
(10053,27)
(10056,69)
(10057,61)
(10058,10)
(10062,37)
(10064,53)
(10065,30)
(10066,26)
(10068,40)
(10069,25)
(1084,13)
(1085,12)
(1087,32)
(1088,15)
(1089,6)
(1090,7)
(1091,13)
(1092,8)
(1093,1)
(10113,35)
(10114,4)
(10115,30)
(10116,28)
(10117,57)
(10118,20)
(10119,30)
(10120,73)
(10121,39)
(10080,48)
(10081,12)
(10082,43)
(10084,6)
(10085,44)
(10086,28)
(10087,78)
(10088,21)
(10089,17)
(1113,39)
(1114,8)
(1115,95)
(1121,25)
(1122,36)
(1123,30)
(1164,13)
(1165,192)
(1166,116)
(10122,11)
(10123,17)
(10124,4)
(10127,61)
(10128,13)
(10130,30)
(10131,42)
(10132,36)
(10133,93)
(10099,19)
(10101,21)
(10104,25)
(10105,18)
(10106,25)
(10107,20)
(10108,44)
(10109,103)
(10111,18)
(10134,57)
(10135,38)
(10136,97)
(10140,70)
(10141,8)
(10142,71)
(10145,68)
(10146,76)
(10403,24)
(1413,84)
(1414,170)
(1415,19)
(10002,40)
(10005,1)
(10007,43)
(10013,3)
(10014,62)
(10017,9)
(10090,10)
(10091,83)
(10092,23)
(10093,42)
(10094,49)
(10095,33)
(10096,69)
(10097,52)
(10098,107)
