(83,5)
(84,6)
(85,5)
(87,26)
(88,11)
(91,8)
(92,15)
(93,19)
(94,17)
(133,7)
(136,30)
(137,36)
(138,14)
(139,26)
(142,7)
(143,84)
(144,21)
(145,54)
(233,6)
(234,3)
(236,32)
(237,10)
(238,5)
(239,15)
(240,17)
(241,9)
(242,7)
(572,5)
(573,10)
(574,15)
(575,20)
(576,9)
(577,5)
(578,10)
(579,31)
(581,12)
(1018,6)
(1019,3)
(1020,7)
(1021,12)
(1022,43)
(1023,23)
(1024,2)
(1025,9)
(1026,15)
(1027,10)
(1028,6)
(1029,5)
(1031,5)
(1032,1)
(1033,5)
(1034,16)
(1035,7)
(1036,42)
(1080,8)
(1081,13)
(1082,17)
(1083,6)
(1084,11)
(1085,5)
(1087,17)
(1088,6)
(1089,8)
(1166,70)
(1167,48)
(1168,8)
(1169,26)
(1170,30)
(1171,83)
(1173,9)
(1175,20)
(1176,8)
(10146,71)
(10403,10)
(10405,4)
(10406,11)
(10408,14)
(10409,25)
(10410,12)
(10412,1)
(10414,17)
(10424,23)
(10568,21)
(10569,16)
(10582,13)
(10583,2)
(10584,1)
(10585,1)
(10638,70)
(1,75)
(2,46)
(5,9)
(9,6)
(11,12)
(52,8)
(53,12)
(56,21)
(57,9)
(59,5)
(95,17)
(97,42)
(98,10)
(99,6)
(100,12)
(101,14)
(102,7)
(103,20)
(104,7)
(69,16)
(71,6)
(72,6)
(73,15)
(74,8)
(75,9)
(78,42)
(79,4)
(82,21)
(146,4)
(149,98)
(151,32)
(156,9)
(160,1)
(161,8)
(163,3)
(164,10)
(166,19)
(60,1)
(61,1)
(62,2)
(63,6)
(64,7)
(65,1)
(66,7)
(67,15)
(68,20)
(106,6)
(107,28)
(108,1)
(110,29)
(111,34)
(112,33)
(115,21)
(116,9)
(118,4)
(119,16)
(120,7)
(121,3)
(122,7)
(124,27)
(126,4)
(127,18)
(129,38)
(132,10)
(243,3)
(247,20)
(248,9)
(252,57)
(253,41)
(254,51)
(255,63)
(257,7)
(259,31)
(182,23)
(225,4)
(226,40)
(227,1)
(228,20)
(229,8)
(230,33)
(231,3)
(232,25)
(168,10)
(169,1)
(170,66)
(171,14)
(172,8)
(173,7)
(176,12)
(179,43)
(181,53)
(1070,6)
(1072,10)
(1073,7)
(1074,9)
(1075,13)
(1076,4)
(1077,14)
(1078,7)
(1079,15)
(263,44)
(264,6)
(265,8)
(266,18)
(267,7)
(268,13)
(269,8)
(270,50)
(272,9)
(274,44)
(275,27)
(277,2)
(387,2)
(388,9)
(520,4)
(522,5)
(570,8)
(571,10)
(1090,4)
(1091,3)
(1092,3)
(1096,1)
(1097,7)
(1103,7)
(1104,2)
(1107,35)
(1108,4)
(582,44)
(584,17)
(586,20)
(589,4)
(590,9)
(591,13)
(1001,30)
(1002,37)
(1003,10)
(1037,5)
(1038,8)
(1039,13)
(1040,1)
(1041,3)
(1042,3)
(1043,5)
(1045,3)
(1046,9)
(1004,3)
(1005,3)
(1006,13)
(1007,3)
(1009,1)
(1010,4)
(1014,79)
(1015,99)
(1016,47)
(10017,3)
(10053,23)
(10056,44)
(10057,30)
(10058,11)
(10062,18)
(10064,49)
(10065,16)
(10066,18)
(1047,1)
(1048,1)
(1049,8)
(1050,1)
(1051,1)
(1052,6)
(1053,4)
(1054,1)
(1055,5)
(10068,33)
(10069,13)
(10070,17)
(10071,31)
(10072,17)
(10073,12)
(10075,7)
(10076,29)
(10077,20)
(1056,5)
(1057,5)
(1059,3)
(1061,5)
(1062,8)
(1066,10)
(1067,8)
(1068,4)
(1069,14)
(1111,10)
(1112,4)
(1113,24)
(1115,31)
(1121,13)
(1122,4)
(1123,11)
(1164,1)
(1165,79)
(1303,6)
(1413,55)
(1414,106)
(1415,8)
(10002,25)
(10005,2)
(10007,18)
(10013,3)
(10014,22)
(1177,6)
(1180,33)
(1181,50)
(1182,41)
(1184,28)
(1186,6)
(1187,33)
(1301,34)
(1302,6)
(10078,26)
(10079,20)
(10080,19)
(10081,8)
(10082,25)
(10084,5)
(10085,19)
(10086,17)
(10087,32)
(10120,32)
(10121,32)
(10122,12)
(10123,5)
(10124,4)
(10127,22)
(10128,16)
(10130,10)
(10131,17)
(10088,21)
(10089,5)
(10090,8)
(10091,57)
(10092,15)
(10093,22)
(10094,30)
(10095,17)
(10096,23)
(10132,21)
(10133,48)
(10134,33)
(10135,21)
(10136,30)
(10140,29)
(10141,1)
(10142,43)
(10145,49)
(10097,38)
(10098,45)
(10099,4)
(10101,9)
(10104,18)
(10105,6)
(10106,12)
(10107,9)
(10108,19)
(10109,34)
(10111,6)
(10113,10)
(10114,4)
(10115,22)
(10116,22)
(10117,31)
(10118,16)
(10119,14)
