(1,91)
(2,148)
(5,30)
(9,13)
(52,17)
(53,20)
(56,14)
(57,14)
(60,4)
(97,113)
(98,15)
(99,11)
(100,12)
(101,23)
(102,12)
(103,46)
(104,15)
(106,20)
(149,189)
(151,67)
(156,35)
(160,6)
(161,12)
(163,34)
(164,22)
(166,22)
(168,29)
(247,13)
(248,52)
(252,81)
(253,67)
(254,114)
(255,51)
(257,17)
(259,277)
(263,179)
(1021,18)
(1022,15)
(1023,14)
(1024,13)
(1025,30)
(1026,36)
(1027,68)
(1028,50)
(1029,21)
(1040,15)
(1041,12)
(1042,12)
(1043,16)
(1045,9)
(1046,44)
(1047,4)
(1048,8)
(1049,6)
(1168,23)
(1169,43)
(1170,19)
(1171,266)
(1173,43)
(1175,73)
(1176,60)
(1177,58)
(1180,223)
(10069,35)
(10070,35)
(10071,65)
(10072,42)
(10073,15)
(10075,30)
(10076,25)
(10077,16)
(10078,17)
(10079,15)
(10080,66)
(10081,15)
(10082,12)
(10085,8)
(10086,44)
(10087,53)
(10088,41)
(10089,30)
(10090,3)
(10091,10)
(10092,20)
(10093,68)
(10094,10)
(10095,30)
(10096,18)
(10097,42)
(10098,32)
(62,10)
(63,3)
(64,11)
(65,5)
(66,21)
(67,11)
(68,6)
(69,52)
(71,5)
(72,4)
(73,13)
(74,2)
(75,21)
(77,2)
(78,41)
(79,7)
(82,12)
(83,9)
(107,42)
(108,5)
(110,9)
(111,11)
(112,16)
(115,27)
(116,8)
(118,12)
(119,8)
(120,5)
(121,4)
(122,32)
(124,56)
(126,22)
(127,40)
(129,34)
(132,43)
(133,14)
(169,6)
(170,57)
(171,29)
(172,54)
(173,22)
(176,43)
(179,75)
(181,100)
(182,24)
(184,34)
(225,33)
(226,47)
(227,29)
(228,36)
(229,52)
(230,98)
(231,3)
(232,81)
(264,6)
(265,21)
(266,34)
(267,35)
(268,32)
(269,33)
(270,208)
(272,30)
(274,76)
(84,7)
(85,9)
(86,1)
(87,14)
(88,4)
(92,25)
(93,37)
(94,62)
(95,26)
(275,40)
(277,4)
(387,4)
(388,30)
(570,78)
(571,35)
(572,14)
(573,14)
(574,71)
(136,29)
(137,37)
(138,33)
(139,18)
(142,15)
(143,41)
(144,24)
(145,32)
(146,3)
(1031,9)
(1033,3)
(1034,23)
(1035,13)
(1036,20)
(1037,27)
(1038,2)
(1039,32)
(233,3)
(234,9)
(236,57)
(237,23)
(238,13)
(239,40)
(240,124)
(242,45)
(243,21)
(1008,1)
(1009,2)
(1010,1)
(1014,190)
(1015,166)
(1016,157)
(1018,26)
(1019,22)
(1020,5)
(575,21)
(576,13)
(577,2)
(578,12)
(579,33)
(581,9)
(582,31)
(584,13)
(586,30)
(1050,4)
(1051,3)
(1052,9)
(1053,9)
(1054,5)
(1055,3)
(1056,2)
(1057,9)
(1061,43)
(1062,14)
(1066,7)
(1067,9)
(1068,9)
(1069,16)
(1070,11)
(1072,17)
(1073,6)
(1074,10)
(587,7)
(589,19)
(1001,66)
(1002,173)
(1003,12)
(1004,4)
(1005,7)
(1006,15)
(1007,5)
(1075,19)
(1076,8)
(1077,19)
(1078,13)
(1079,15)
(1080,12)
(1081,36)
(1082,44)
(1083,8)
(1084,4)
(1085,31)
(1087,40)
(1088,41)
(1089,23)
(1090,8)
(1091,30)
(1092,15)
(1093,1)
(1095,6)
(1096,8)
(1097,26)
(1103,13)
(1104,3)
(1107,27)
(1108,11)
(1111,19)
(1112,11)
(1113,54)
(1114,4)
(1115,90)
(1121,43)
(1122,37)
(1123,39)
(1165,194)
(1166,262)
(1167,90)
(1181,150)
(1182,77)
(1184,59)
(1186,16)
(1187,71)
(1301,36)
(1302,9)
(1303,5)
(1413,146)
(1414,173)
(1415,96)
(10002,54)
(10005,13)
(10006,35)
(10007,63)
(10013,2)
(10014,94)
(10017,23)
(10136,47)
(10140,22)
(10141,1)
(10142,10)
(10145,123)
(10146,50)
(10403,52)
(10405,4)
(10406,6)
(10099,8)
(10101,51)
(10104,62)
(10105,9)
(10106,5)
(10108,49)
(10109,79)
(10111,16)
(10113,41)
(10053,8)
(10056,82)
(10057,77)
(10058,19)
(10062,36)
(10064,103)
(10065,20)
(10066,30)
(10068,10)
(10408,19)
(10409,6)
(10410,10)
(10412,7)
(10414,4)
(10424,9)
(10568,49)
(10569,7)
(10571,3)
(10123,2)
(10127,73)
(10128,7)
(10130,4)
(10131,1)
(10132,6)
(10133,17)
(10134,53)
(10135,12)
(10114,4)
(10115,97)
(10116,5)
(10117,49)
(10118,69)
(10119,38)
(10120,9)
(10121,1)
(10122,13)
(10574,1)
(10575,9)
(10580,13)
(10581,1)
(10582,18)
(10583,1)
(10585,2)
(10638,83)
