(1,7)
(2,54)
(5,17)
(9,1)
(11,4)
(52,2)
(53,11)
(56,18)
(57,5)
(100,16)
(101,11)
(102,5)
(103,14)
(104,21)
(106,11)
(107,29)
(108,3)
(110,28)
(156,9)
(160,19)
(161,3)
(163,7)
(164,10)
(166,13)
(168,13)
(169,5)
(170,39)
(248,15)
(252,31)
(253,13)
(254,19)
(255,103)
(257,8)
(259,47)
(263,97)
(264,3)
(1022,25)
(1023,17)
(1024,8)
(1025,21)
(1026,20)
(1027,9)
(1028,7)
(1029,21)
(1031,8)
(1096,1)
(1097,12)
(1103,13)
(1104,21)
(1107,24)
(1108,7)
(1111,62)
(1112,1)
(1113,45)
(1114,21)
(1115,134)
(1121,4)
(1122,1)
(1123,5)
(1164,55)
(1165,94)
(1166,61)
(1167,53)
(10069,28)
(10070,20)
(10071,21)
(10072,12)
(10073,11)
(10075,14)
(10076,32)
(10077,24)
(10078,9)
(10079,24)
(10080,19)
(10081,12)
(10082,17)
(10084,23)
(10085,23)
(10086,18)
(10087,18)
(10088,10)
(10120,18)
(10121,22)
(10122,14)
(10123,23)
(10124,11)
(10127,22)
(10128,26)
(10130,18)
(10131,10)
(59,8)
(60,3)
(61,4)
(62,1)
(63,7)
(64,5)
(65,5)
(66,6)
(67,24)
(111,29)
(112,12)
(115,4)
(116,17)
(118,5)
(119,8)
(120,7)
(121,16)
(68,23)
(69,44)
(71,8)
(72,7)
(73,33)
(74,8)
(75,7)
(79,14)
(87,20)
(122,10)
(124,17)
(126,1)
(127,2)
(129,45)
(132,6)
(133,13)
(136,36)
(137,24)
(88,15)
(91,10)
(92,18)
(93,19)
(94,20)
(95,19)
(97,51)
(98,12)
(99,1)
(171,1)
(172,16)
(173,5)
(176,24)
(179,2)
(181,10)
(182,14)
(225,13)
(226,71)
(265,28)
(266,9)
(267,22)
(268,73)
(269,15)
(270,41)
(272,14)
(274,50)
(275,29)
(138,17)
(139,14)
(142,12)
(143,62)
(144,10)
(145,33)
(146,2)
(149,45)
(151,41)
(227,16)
(228,60)
(229,38)
(230,41)
(231,16)
(232,37)
(233,23)
(234,73)
(236,42)
(1041,6)
(1042,7)
(1043,5)
(1046,13)
(1047,7)
(1048,11)
(1049,13)
(1050,3)
(1051,8)
(277,3)
(388,9)
(520,4)
(522,1)
(570,5)
(571,9)
(572,9)
(573,5)
(574,29)
(237,30)
(238,22)
(239,31)
(240,11)
(241,11)
(242,5)
(243,9)
(247,18)
(1052,9)
(1053,4)
(1054,1)
(1055,5)
(1056,6)
(1057,9)
(1059,5)
(1061,9)
(1062,9)
(575,21)
(576,5)
(577,8)
(578,5)
(579,104)
(581,5)
(582,22)
(584,22)
(586,25)
(589,9)
(590,11)
(591,13)
(1001,50)
(1002,59)
(1003,2)
(1004,5)
(1005,6)
(1006,20)
(1168,18)
(1169,25)
(1170,7)
(1171,31)
(1173,30)
(1175,29)
(1176,12)
(1177,11)
(1180,76)
(1009,6)
(1014,80)
(1015,99)
(1016,92)
(1018,13)
(1019,19)
(1020,6)
(1021,6)
(1076,4)
(1077,14)
(1078,6)
(1079,6)
(1080,4)
(1081,6)
(1082,3)
(1083,2)
(1084,10)
(1181,7)
(1182,16)
(1184,3)
(1186,8)
(1187,66)
(1301,2)
(1302,7)
(1303,6)
(1032,2)
(1033,12)
(1034,9)
(1035,5)
(1036,25)
(1037,3)
(1038,3)
(1039,17)
(1040,3)
(1066,4)
(1067,7)
(1068,10)
(1069,20)
(1070,15)
(1073,9)
(1074,13)
(1075,3)
(10089,12)
(10090,13)
(10091,28)
(10092,5)
(10093,48)
(10094,40)
(10095,15)
(10096,23)
(10097,29)
(1085,3)
(1087,18)
(1088,9)
(1089,8)
(1090,2)
(1091,10)
(1092,14)
(1093,4)
(1095,2)
(10109,44)
(10111,8)
(10113,17)
(10114,6)
(10115,35)
(10116,6)
(10117,40)
(10118,21)
(10119,5)
(10053,4)
(10056,28)
(10057,18)
(10058,16)
(10062,25)
(10064,24)
(10065,14)
(10066,16)
(10068,36)
(1413,26)
(1414,143)
(1415,15)
(10002,11)
(10005,9)
(10007,1)
(10013,54)
(10014,15)
(10017,1)
(10098,24)
(10099,10)
(10101,13)
(10104,28)
(10105,9)
(10106,7)
(10107,4)
(10108,12)
(10146,57)
(10403,10)
(10405,5)
(10406,27)
(10408,4)
(10409,28)
(10410,37)
(10412,2)
(10414,8)
(10132,16)
(10133,55)
(10134,27)
(10135,17)
(10136,31)
(10140,43)
(10141,4)
(10142,10)
(10145,51)
(10424,31)
(10568,42)
(10569,11)
(10574,3)
(10575,1)
(10582,1)
(10583,1)
(10638,36)
