(1,69)
(2,28)
(5,6)
(52,1)
(53,4)
(56,3)
(57,2)
(59,1)
(98,1)
(99,4)
(100,8)
(101,2)
(102,1)
(103,8)
(104,4)
(106,12)
(145,15)
(146,1)
(149,32)
(151,11)
(156,4)
(160,5)
(161,2)
(163,2)
(239,11)
(240,11)
(241,1)
(242,3)
(243,3)
(247,7)
(248,17)
(252,9)
(1053,1)
(1055,2)
(1056,3)
(1057,3)
(1061,5)
(1062,1)
(1066,5)
(1067,4)
(10080,9)
(10081,2)
(10082,3)
(10085,8)
(10086,6)
(10087,2)
(10088,1)
(10089,6)
(10098,19)
(10099,3)
(10104,8)
(10105,7)
(10106,2)
(10107,4)
(10108,5)
(10109,9)
(10111,4)
(10113,6)
(10114,3)
(10115,6)
(10117,3)
(10118,11)
(10119,4)
(10120,7)
(10146,18)
(10403,3)
(10405,4)
(10406,11)
(10408,2)
(10409,3)
(10410,30)
(10414,7)
(71,1)
(72,2)
(73,7)
(74,4)
(75,3)
(78,4)
(79,1)
(82,10)
(120,2)
(121,1)
(122,3)
(124,5)
(126,1)
(127,2)
(129,17)
(132,5)
(176,11)
(181,3)
(182,5)
(184,4)
(225,1)
(226,25)
(228,20)
(229,7)
(83,1)
(87,6)
(91,7)
(92,1)
(93,11)
(94,10)
(95,9)
(97,33)
(266,2)
(267,2)
(268,20)
(269,7)
(270,8)
(272,3)
(274,19)
(275,13)
(133,5)
(136,5)
(137,3)
(138,3)
(139,4)
(142,2)
(143,22)
(144,7)
(62,2)
(63,1)
(64,4)
(65,2)
(66,1)
(67,6)
(68,9)
(69,9)
(587,3)
(589,2)
(1001,19)
(1002,15)
(1003,2)
(1005,3)
(1009,2)
(1014,15)
(107,7)
(108,1)
(110,5)
(111,5)
(112,3)
(115,2)
(116,4)
(119,6)
(230,10)
(231,3)
(232,12)
(233,7)
(234,31)
(236,13)
(237,8)
(238,6)
(1104,6)
(1107,7)
(1108,4)
(1111,11)
(1113,5)
(1114,5)
(1115,38)
(1123,1)
(164,6)
(166,7)
(168,2)
(169,5)
(170,7)
(171,1)
(172,1)
(173,4)
(387,1)
(520,5)
(570,1)
(571,4)
(572,1)
(573,1)
(574,9)
(575,3)
(1165,26)
(1166,13)
(1167,26)
(1168,11)
(1169,3)
(1170,3)
(1171,10)
(253,3)
(254,12)
(255,36)
(257,2)
(259,6)
(263,21)
(265,15)
(1039,3)
(1041,6)
(1042,3)
(1043,2)
(1046,3)
(1048,4)
(1049,1)
(1051,1)
(576,1)
(577,2)
(578,2)
(579,28)
(581,1)
(582,8)
(584,19)
(586,4)
(1186,4)
(1187,17)
(1301,2)
(1302,2)
(1303,4)
(1413,10)
(1414,50)
(1415,18)
(1079,6)
(1080,12)
(1081,1)
(1082,1)
(1084,1)
(1085,1)
(1087,5)
(1088,5)
(1015,50)
(1016,20)
(1018,6)
(1019,9)
(1020,5)
(1022,2)
(1023,5)
(1024,7)
(1089,2)
(1090,1)
(1091,1)
(1092,4)
(1093,1)
(1095,3)
(1097,1)
(1103,9)
(10090,8)
(10091,11)
(10092,5)
(10093,21)
(10094,9)
(10095,2)
(10096,9)
(10097,10)
(1025,9)
(1026,4)
(1029,5)
(1031,4)
(1033,3)
(1034,1)
(1035,4)
(1036,6)
(1173,8)
(1175,14)
(1176,9)
(1177,3)
(1180,14)
(1181,2)
(1182,9)
(1184,1)
(1069,11)
(1070,4)
(1072,1)
(1073,4)
(1074,2)
(1075,8)
(1076,3)
(1077,3)
(10002,6)
(10005,6)
(10006,8)
(10013,8)
(10014,2)
(10017,1)
(10053,2)
(10056,7)
(10132,5)
(10133,12)
(10134,5)
(10135,10)
(10136,7)
(10140,17)
(10142,9)
(10145,20)
(10057,11)
(10062,5)
(10064,4)
(10065,4)
(10066,8)
(10068,17)
(10069,5)
(10070,1)
(10424,19)
(10568,5)
(10569,6)
(10574,1)
(10576,1)
(10581,1)
(10638,26)
(10071,3)
(10072,4)
(10073,5)
(10075,7)
(10076,7)
(10077,17)
(10078,3)
(10079,10)
(10121,2)
(10122,3)
(10123,6)
(10124,2)
(10127,17)
(10128,12)
(10130,6)
(10131,7)
