(72,15)
(73,20)
(74,8)
(75,17)
(77,5)
(78,38)
(79,3)
(82,16)
(83,5)
(120,5)
(121,6)
(122,21)
(124,39)
(126,24)
(127,19)
(128,1)
(129,39)
(132,21)
(225,15)
(226,26)
(227,14)
(228,42)
(229,16)
(230,39)
(231,4)
(232,77)
(233,5)
(275,29)
(277,2)
(387,4)
(388,27)
(520,9)
(522,6)
(570,44)
(571,23)
(572,12)
(586,80)
(587,10)
(589,15)
(591,24)
(1001,52)
(1002,70)
(1003,5)
(1004,7)
(1005,15)
(1006,18)
(1007,4)
(1009,3)
(1014,129)
(1015,151)
(1016,111)
(1018,6)
(1019,8)
(1020,7)
(1051,7)
(1052,12)
(1053,7)
(1054,3)
(1055,1)
(1056,9)
(1057,6)
(1059,2)
(1061,17)
(10072,37)
(10073,20)
(10075,10)
(10076,46)
(10077,32)
(10078,11)
(10079,37)
(10080,35)
(10081,7)
(10082,23)
(10085,47)
(10086,23)
(10087,52)
(10088,22)
(10089,16)
(10090,7)
(10091,62)
(10092,10)
(10093,48)
(10094,24)
(10095,31)
(10096,36)
(10097,34)
(10098,80)
(10099,9)
(10101,12)
(10104,33)
(10105,12)
(62,11)
(63,4)
(64,13)
(65,3)
(66,15)
(67,16)
(68,12)
(69,26)
(71,11)
(107,32)
(108,2)
(110,28)
(111,22)
(112,24)
(115,16)
(116,6)
(118,3)
(119,13)
(169,3)
(170,66)
(171,26)
(172,14)
(173,19)
(176,23)
(179,52)
(181,72)
(182,27)
(1,57)
(2,59)
(5,25)
(9,10)
(52,7)
(53,11)
(56,28)
(57,21)
(59,6)
(60,3)
(84,12)
(85,13)
(87,21)
(88,16)
(91,2)
(92,14)
(93,35)
(94,30)
(95,22)
(264,9)
(265,23)
(266,8)
(267,6)
(268,22)
(269,15)
(270,122)
(272,21)
(274,48)
(97,67)
(98,12)
(99,4)
(100,16)
(101,17)
(102,21)
(103,33)
(104,5)
(106,12)
(1097,9)
(1103,14)
(1104,1)
(1107,30)
(1108,8)
(1111,24)
(1112,2)
(1113,29)
(1114,5)
(133,8)
(136,36)
(137,32)
(138,16)
(139,26)
(142,8)
(143,62)
(144,32)
(145,38)
(146,3)
(149,125)
(151,47)
(156,11)
(160,4)
(161,6)
(163,8)
(164,13)
(166,13)
(168,15)
(1182,86)
(1184,29)
(1186,9)
(1187,77)
(1301,28)
(1302,7)
(1303,1)
(1413,95)
(1414,105)
(234,5)
(236,36)
(237,8)
(238,10)
(239,32)
(240,55)
(241,5)
(242,10)
(243,6)
(247,21)
(248,21)
(252,52)
(253,33)
(254,65)
(255,41)
(257,23)
(259,88)
(263,97)
(1021,13)
(1022,28)
(1023,18)
(1024,11)
(1025,16)
(1026,28)
(1027,10)
(1028,34)
(1029,4)
(1415,36)
(10002,36)
(10006,41)
(10007,47)
(10014,59)
(10017,8)
(10053,12)
(10056,36)
(10057,35)
(573,9)
(574,38)
(575,14)
(576,12)
(577,4)
(578,14)
(579,46)
(581,11)
(582,57)
(584,17)
(1041,9)
(1042,21)
(1043,5)
(1045,4)
(1046,28)
(1047,1)
(1048,5)
(1049,7)
(1050,4)
(1031,3)
(1033,5)
(1034,15)
(1035,10)
(1036,29)
(1037,22)
(1038,4)
(1039,22)
(1040,5)
(10058,4)
(10062,36)
(10064,29)
(10065,8)
(10066,16)
(10068,34)
(10069,18)
(10070,24)
(10071,34)
(1087,17)
(1088,19)
(1089,11)
(1090,4)
(1091,12)
(1092,7)
(1093,1)
(1095,3)
(1096,1)
(1062,18)
(1067,1)
(1068,5)
(1069,3)
(1070,8)
(1072,12)
(1073,2)
(1074,4)
(1075,5)
(1076,10)
(1077,7)
(1078,5)
(1079,9)
(1080,6)
(1081,27)
(1082,28)
(1083,3)
(1084,5)
(1085,7)
(1115,63)
(1121,22)
(1122,18)
(1123,19)
(1164,14)
(1165,129)
(1166,177)
(1167,52)
(1168,19)
(10128,19)
(10130,13)
(10131,21)
(10132,12)
(10133,70)
(10134,58)
(10135,39)
(10136,48)
(10140,46)
(1169,29)
(1170,35)
(1171,132)
(1173,45)
(1175,29)
(1176,24)
(1177,15)
(1180,78)
(1181,134)
(10106,19)
(10107,10)
(10108,25)
(10109,63)
(10111,7)
(10113,20)
(10114,2)
(10115,30)
(10116,15)
(10141,3)
(10142,30)
(10145,155)
(10146,53)
(10403,13)
(10405,2)
(10406,20)
(10408,24)
(10409,18)
(10410,13)
(10412,7)
(10414,20)
(10424,38)
(10568,36)
(10569,6)
(10574,1)
(10575,1)
(10578,3)
(10117,43)
(10118,30)
(10119,14)
(10120,25)
(10121,24)
(10122,6)
(10123,6)
(10124,6)
(10127,40)
(10579,3)
(10580,1)
(10581,3)
(10582,15)
(10583,3)
(10584,4)
(10586,1)
(10587,3)
(10638,90)
