(82,10)
(83,8)
(84,1)
(85,4)
(87,12)
(88,9)
(91,4)
(92,3)
(93,11)
(129,12)
(132,4)
(133,3)
(136,10)
(137,16)
(138,6)
(139,4)
(142,5)
(143,44)
(229,3)
(230,15)
(231,2)
(232,15)
(233,3)
(234,6)
(236,16)
(237,4)
(238,3)
(387,4)
(388,4)
(520,1)
(522,3)
(570,8)
(571,15)
(572,1)
(573,3)
(574,13)
(589,6)
(590,9)
(591,8)
(1001,12)
(1002,17)
(1003,7)
(1005,2)
(1006,4)
(1007,1)
(1023,5)
(1024,7)
(1025,3)
(1026,9)
(1027,4)
(1028,4)
(1029,2)
(1034,6)
(1035,1)
(1082,6)
(1083,3)
(1084,9)
(1085,4)
(1087,10)
(1088,5)
(1089,6)
(1090,3)
(1091,3)
(1092,4)
(1093,1)
(1097,11)
(1103,5)
(1104,4)
(1107,27)
(1111,4)
(1113,5)
(10089,2)
(10090,5)
(10091,43)
(10092,1)
(10093,18)
(10094,25)
(10095,7)
(10096,9)
(10097,16)
(10120,15)
(10121,8)
(10122,6)
(10123,4)
(10124,1)
(10126,4)
(10127,18)
(10128,3)
(10412,1)
(10414,10)
(10424,22)
(10568,5)
(10569,7)
(10581,1)
(10582,2)
(10638,35)
(1,58)
(2,51)
(5,2)
(9,1)
(11,4)
(52,3)
(53,6)
(56,10)
(57,6)
(94,11)
(95,4)
(97,13)
(98,3)
(99,4)
(100,4)
(101,8)
(102,3)
(144,3)
(145,23)
(146,1)
(149,41)
(151,22)
(156,5)
(160,2)
(161,3)
(71,8)
(72,8)
(73,11)
(74,4)
(75,6)
(77,2)
(78,16)
(79,5)
(59,6)
(60,2)
(63,2)
(64,4)
(65,1)
(66,6)
(67,5)
(68,8)
(69,8)
(239,12)
(240,3)
(241,3)
(242,9)
(243,3)
(247,8)
(248,14)
(252,44)
(118,6)
(119,3)
(120,1)
(121,2)
(122,7)
(124,10)
(126,1)
(127,4)
(103,5)
(104,1)
(106,10)
(107,12)
(110,14)
(111,6)
(112,16)
(115,8)
(116,7)
(1115,9)
(1121,8)
(1122,1)
(1123,8)
(1165,46)
(1166,26)
(1167,12)
(1168,9)
(176,4)
(179,21)
(181,24)
(182,9)
(225,1)
(226,16)
(227,5)
(228,9)
(1169,12)
(1170,19)
(1171,26)
(1173,8)
(1175,14)
(1176,2)
(1177,4)
(1180,15)
(1181,50)
(163,3)
(164,3)
(166,9)
(168,4)
(169,3)
(170,28)
(171,9)
(172,10)
(173,9)
(267,3)
(268,7)
(269,8)
(270,29)
(272,7)
(274,25)
(275,12)
(277,1)
(253,18)
(254,27)
(255,24)
(257,2)
(259,14)
(263,20)
(264,3)
(265,4)
(266,3)
(1047,3)
(1049,2)
(1050,4)
(1051,1)
(1053,1)
(1055,1)
(1056,6)
(1057,1)
(1059,1)
(1414,75)
(1415,12)
(10002,17)
(10007,8)
(10013,1)
(10014,18)
(10017,2)
(10053,12)
(10056,9)
(575,7)
(576,8)
(578,4)
(579,10)
(581,4)
(582,32)
(584,11)
(586,10)
(1061,2)
(1062,2)
(1066,7)
(1067,4)
(1068,2)
(1069,11)
(1070,3)
(1072,6)
(1014,24)
(1015,52)
(1016,25)
(1018,1)
(1019,1)
(1020,1)
(1021,7)
(1022,13)
(10070,6)
(10071,5)
(10072,15)
(10073,4)
(10075,6)
(10076,14)
(10077,17)
(10078,10)
(10079,13)
(10109,12)
(10111,2)
(10113,3)
(10114,1)
(10115,12)
(10116,7)
(10117,9)
(10118,3)
(10119,9)
(1073,3)
(1074,6)
(1075,5)
(1076,1)
(1077,10)
(1078,2)
(1079,7)
(1080,8)
(1081,9)
(1036,13)
(1038,2)
(1039,7)
(1040,1)
(1041,1)
(1042,3)
(1043,1)
(1046,10)
(10142,16)
(10145,33)
(10146,29)
(10405,3)
(10406,6)
(10408,4)
(10409,13)
(10410,5)
(1182,10)
(1184,16)
(1186,4)
(1187,11)
(1301,20)
(1302,3)
(1303,3)
(1413,22)
(10057,7)
(10058,5)
(10062,9)
(10064,12)
(10065,8)
(10066,6)
(10068,8)
(10069,16)
(10098,22)
(10099,2)
(10101,2)
(10104,6)
(10105,6)
(10106,7)
(10107,4)
(10108,7)
(10080,11)
(10081,4)
(10082,11)
(10084,1)
(10085,9)
(10086,6)
(10087,19)
(10088,7)
(10130,5)
(10131,7)
(10132,6)
(10133,14)
(10134,15)
(10135,11)
(10136,25)
(10140,15)
(10141,4)
