(82,22)
(83,10)
(84,15)
(85,10)
(87,19)
(88,19)
(91,13)
(92,13)
(93,47)
(133,20)
(136,38)
(137,31)
(138,26)
(139,40)
(142,28)
(143,82)
(144,26)
(145,46)
(234,127)
(236,58)
(237,40)
(238,87)
(239,75)
(240,22)
(241,23)
(242,20)
(243,10)
(247,32)
(574,59)
(575,24)
(576,10)
(577,6)
(578,8)
(579,153)
(581,9)
(582,27)
(584,47)
(1021,26)
(1022,28)
(1023,26)
(1024,22)
(1025,55)
(1026,22)
(1027,26)
(1028,19)
(1029,27)
(1050,6)
(1051,2)
(1053,7)
(1054,4)
(1055,4)
(1056,6)
(1057,3)
(1059,4)
(1061,31)
(1087,44)
(1088,20)
(1089,23)
(1090,3)
(1091,37)
(1092,31)
(1093,13)
(1095,4)
(1096,3)
(10073,15)
(10075,24)
(10076,54)
(10077,30)
(10078,12)
(10079,72)
(10080,57)
(10081,22)
(10082,56)
(10128,31)
(10130,44)
(10131,21)
(10132,22)
(10133,114)
(10134,22)
(10135,42)
(10136,55)
(10140,71)
(10573,2)
(10574,3)
(10575,14)
(10580,2)
(10581,4)
(10582,1)
(10583,1)
(10585,2)
(10638,117)
(60,1)
(61,5)
(62,6)
(63,11)
(64,16)
(65,21)
(66,11)
(67,21)
(68,20)
(1,4)
(2,111)
(5,68)
(9,4)
(11,11)
(52,3)
(53,15)
(56,19)
(57,2)
(59,9)
(69,72)
(71,20)
(72,14)
(73,34)
(74,8)
(75,20)
(77,11)
(78,43)
(79,12)
(94,32)
(95,56)
(97,122)
(98,18)
(99,13)
(100,19)
(101,25)
(102,8)
(103,11)
(104,33)
(106,26)
(107,37)
(108,4)
(110,24)
(111,28)
(112,19)
(115,7)
(116,31)
(118,3)
(168,16)
(169,11)
(170,48)
(171,4)
(172,18)
(173,25)
(176,29)
(179,2)
(181,43)
(146,5)
(149,94)
(151,63)
(156,22)
(160,22)
(161,3)
(163,1)
(164,16)
(166,34)
(119,13)
(120,6)
(121,8)
(122,15)
(124,55)
(126,5)
(127,3)
(129,51)
(132,17)
(265,39)
(266,12)
(267,30)
(268,181)
(269,31)
(270,120)
(272,37)
(274,121)
(275,54)
(182,24)
(225,37)
(226,132)
(227,19)
(228,109)
(229,73)
(230,106)
(232,88)
(233,48)
(248,23)
(252,47)
(253,21)
(254,35)
(255,102)
(257,8)
(259,183)
(263,239)
(264,5)
(277,6)
(387,1)
(388,30)
(520,4)
(522,1)
(570,53)
(571,23)
(572,15)
(573,5)
(1040,15)
(1041,12)
(1042,17)
(1043,20)
(1045,1)
(1046,18)
(1047,8)
(1048,44)
(1049,12)
(586,67)
(587,1)
(589,4)
(590,17)
(591,15)
(1001,86)
(1002,203)
(1004,13)
(1005,8)
(1031,21)
(1032,9)
(1033,23)
(1034,22)
(1035,6)
(1036,18)
(1037,18)
(1038,3)
(1039,48)
(1006,64)
(1007,5)
(1009,5)
(1010,2)
(1014,198)
(1015,180)
(1016,138)
(1018,38)
(1019,36)
(1020,10)
(1077,13)
(1078,4)
(1079,18)
(1080,6)
(1081,35)
(1082,10)
(1083,2)
(1084,15)
(1085,24)
(1097,34)
(1103,20)
(1104,23)
(1107,35)
(1108,14)
(1111,112)
(1112,1)
(1113,127)
(1114,40)
(1062,18)
(1066,4)
(1067,8)
(1069,19)
(1070,22)
(1072,14)
(1073,3)
(1074,12)
(1075,10)
(1076,15)
(10002,23)
(10005,14)
(10013,100)
(10014,9)
(10017,5)
(10053,5)
(10056,46)
(10057,72)
(10058,10)
(1182,40)
(1184,6)
(1186,35)
(1187,95)
(1301,5)
(1302,18)
(1303,53)
(1413,59)
(1414,178)
(1415,48)
(10093,82)
(10094,60)
(10095,17)
(10096,94)
(10097,87)
(10098,28)
(10099,23)
(10101,32)
(10104,64)
(10084,47)
(10085,56)
(10086,54)
(10087,43)
(10088,14)
(10089,40)
(10090,26)
(10091,42)
(10092,7)
(10410,59)
(10412,24)
(10414,33)
(10424,38)
(10568,27)
(10569,7)
(10570,1)
(10571,26)
(10572,1)
(10117,55)
(10118,39)
(10119,9)
(10120,26)
(10121,45)
(10122,18)
(10123,37)
(10124,16)
(10127,61)
(10141,14)
(10142,34)
(10145,116)
(10146,82)
(10403,19)
(10405,51)
(10406,36)
(10408,13)
(10409,39)
(1115,132)
(1121,11)
(1122,30)
(1123,20)
(1164,84)
(1165,167)
(1166,144)
(1167,91)
(1168,64)
(1169,36)
(1170,9)
(1171,43)
(1173,57)
(1175,86)
(1176,65)
(1177,26)
(1180,180)
(1181,17)
(10062,37)
(10064,54)
(10065,14)
(10066,24)
(10068,74)
(10069,45)
(10070,40)
(10071,75)
(10072,17)
(10105,37)
(10106,21)
(10107,31)
(10108,41)
(10109,101)
(10111,13)
(10113,77)
(10114,26)
(10115,54)
(10116,18)
