(62,6)
(63,7)
(64,4)
(65,3)
(66,15)
(67,11)
(68,8)
(69,44)
(71,5)
(106,14)
(107,35)
(108,1)
(110,10)
(111,8)
(112,11)
(115,28)
(116,10)
(118,2)
(166,11)
(168,21)
(169,8)
(170,54)
(171,28)
(172,61)
(173,21)
(176,42)
(179,54)
(257,14)
(259,298)
(263,175)
(264,17)
(265,13)
(266,28)
(267,30)
(268,35)
(269,28)
(579,31)
(581,11)
(582,52)
(584,25)
(586,22)
(587,11)
(589,7)
(1001,85)
(1002,125)
(1003,8)
(1004,1)
(1005,5)
(1006,14)
(1007,8)
(1008,3)
(1014,210)
(1015,158)
(1016,153)
(1113,40)
(1114,5)
(1115,110)
(1121,26)
(1122,28)
(1123,35)
(1164,4)
(1165,190)
(1166,228)
(1180,274)
(1181,150)
(1182,98)
(1184,46)
(1186,20)
(1187,31)
(1301,47)
(1302,7)
(1303,9)
(10078,26)
(10079,16)
(10080,66)
(10081,6)
(10082,18)
(10085,6)
(10086,52)
(10087,60)
(10088,47)
(84,11)
(85,9)
(86,2)
(87,12)
(88,5)
(91,5)
(92,32)
(93,39)
(94,37)
(132,23)
(133,6)
(136,33)
(137,34)
(138,44)
(139,32)
(142,25)
(143,46)
(144,23)
(1,42)
(2,81)
(5,17)
(9,24)
(52,12)
(53,11)
(56,26)
(57,11)
(59,3)
(60,3)
(231,4)
(232,69)
(233,8)
(234,14)
(236,51)
(237,26)
(238,12)
(239,36)
(240,104)
(95,34)
(97,79)
(98,19)
(99,13)
(100,15)
(101,16)
(102,7)
(103,36)
(104,19)
(72,8)
(73,12)
(74,5)
(75,17)
(77,4)
(78,35)
(79,10)
(82,18)
(83,12)
(145,33)
(146,2)
(149,196)
(151,92)
(156,30)
(160,4)
(161,12)
(163,34)
(164,17)
(570,76)
(571,32)
(572,11)
(573,9)
(574,47)
(575,30)
(576,16)
(577,1)
(578,5)
(119,11)
(120,8)
(121,1)
(122,20)
(124,53)
(126,22)
(127,32)
(128,2)
(129,28)
(1038,2)
(1039,31)
(1040,12)
(1041,8)
(1042,3)
(1043,30)
(1045,4)
(1046,39)
(1047,5)
(241,2)
(242,61)
(243,19)
(247,25)
(248,39)
(252,75)
(253,74)
(254,110)
(255,46)
(181,91)
(182,39)
(184,18)
(225,22)
(226,34)
(227,21)
(228,49)
(229,49)
(230,65)
(1027,64)
(1028,52)
(1029,30)
(1031,17)
(1033,2)
(1034,34)
(1035,21)
(1036,27)
(1037,40)
(270,193)
(272,30)
(274,82)
(275,58)
(277,3)
(387,4)
(388,25)
(520,1)
(522,3)
(1018,25)
(1019,20)
(1020,2)
(1021,17)
(1022,23)
(1023,17)
(1024,16)
(1025,25)
(1026,26)
(1083,5)
(1084,7)
(1085,45)
(1087,53)
(1088,39)
(1089,30)
(1090,5)
(1091,23)
(1092,19)
(10017,12)
(10053,10)
(10056,82)
(10057,46)
(10058,28)
(10062,31)
(10064,56)
(10065,14)
(10066,26)
(10403,31)
(10405,3)
(10406,7)
(10408,18)
(10409,8)
(10410,19)
(10412,11)
(10414,5)
(10424,11)
(1061,47)
(1062,22)
(1066,4)
(1067,7)
(1068,5)
(1069,7)
(1070,14)
(1072,14)
(1073,2)
(1048,3)
(1049,10)
(1050,11)
(1052,8)
(1053,6)
(1054,10)
(1055,3)
(1056,2)
(1057,7)
(1167,61)
(1168,25)
(1169,28)
(1170,33)
(1171,240)
(1173,48)
(1175,72)
(1176,46)
(1177,58)
(1413,88)
(1414,191)
(1415,79)
(10002,60)
(10005,28)
(10006,24)
(10007,97)
(10013,1)
(10014,68)
(1074,13)
(1075,9)
(1076,11)
(1077,13)
(1078,13)
(1079,17)
(1080,7)
(1081,45)
(1082,32)
(10568,53)
(10569,10)
(10575,2)
(10580,31)
(10581,5)
(10582,21)
(10585,1)
(10638,85)
(1095,9)
(1096,11)
(1097,25)
(1103,13)
(1104,1)
(1107,30)
(1108,15)
(1111,26)
(1112,7)
(10068,13)
(10069,26)
(10070,28)
(10071,51)
(10072,47)
(10073,15)
(10075,23)
(10076,29)
(10077,19)
(10089,27)
(10090,1)
(10091,17)
(10092,6)
(10093,55)
(10094,7)
(10095,30)
(10096,24)
(10097,37)
(10111,12)
(10113,46)
(10114,5)
(10115,106)
(10116,5)
(10117,40)
(10118,66)
(10119,46)
(10120,11)
(10098,30)
(10099,8)
(10101,60)
(10104,86)
(10105,10)
(10106,4)
(10107,2)
(10108,50)
(10109,88)
(10121,4)
(10122,22)
(10123,2)
(10124,3)
(10127,71)
(10128,7)
(10130,7)
(10131,7)
(10132,3)
(10133,15)
(10134,63)
(10135,2)
(10136,73)
(10140,24)
(10141,2)
(10142,7)
(10145,129)
(10146,43)
