(1,9)
(2,76)
(5,40)
(9,7)
(11,5)
(52,3)
(53,15)
(56,12)
(57,7)
(93,15)
(94,25)
(95,56)
(97,108)
(98,11)
(99,5)
(100,16)
(101,6)
(102,6)
(146,5)
(149,37)
(151,69)
(156,11)
(160,20)
(161,3)
(164,8)
(166,25)
(168,9)
(248,15)
(252,34)
(253,22)
(254,18)
(255,69)
(257,8)
(259,46)
(263,149)
(264,5)
(1009,11)
(1014,155)
(1015,157)
(1016,117)
(1018,11)
(1019,29)
(1020,5)
(1021,12)
(1022,21)
(1033,21)
(1034,34)
(1035,8)
(1036,16)
(1037,25)
(1038,6)
(1039,14)
(1040,7)
(1041,15)
(1042,12)
(1043,5)
(1045,1)
(1046,12)
(1047,3)
(1048,19)
(1049,7)
(1051,7)
(1170,5)
(1171,47)
(1173,29)
(1175,43)
(1176,24)
(1177,12)
(1180,116)
(1181,2)
(1182,47)
(10101,14)
(10104,30)
(10105,12)
(10106,7)
(10107,11)
(10108,19)
(10109,50)
(10111,8)
(10113,21)
(10570,3)
(10571,7)
(10574,4)
(10575,3)
(10580,1)
(10581,7)
(10585,5)
(10638,89)
(79,4)
(82,21)
(83,3)
(84,7)
(85,13)
(87,17)
(88,19)
(91,13)
(92,18)
(59,6)
(60,1)
(61,6)
(62,2)
(63,5)
(64,8)
(65,5)
(66,5)
(67,23)
(68,13)
(69,61)
(71,11)
(72,8)
(73,27)
(74,1)
(75,15)
(77,3)
(78,24)
(133,11)
(136,36)
(137,17)
(138,18)
(139,23)
(142,12)
(143,53)
(144,17)
(145,19)
(103,2)
(104,23)
(106,16)
(107,30)
(108,1)
(110,28)
(111,25)
(112,15)
(115,12)
(236,43)
(237,36)
(238,63)
(239,51)
(240,21)
(241,19)
(242,12)
(243,8)
(247,22)
(169,3)
(170,32)
(172,22)
(173,4)
(176,22)
(181,28)
(182,22)
(225,24)
(226,141)
(116,31)
(119,10)
(120,3)
(121,13)
(122,8)
(124,25)
(127,11)
(129,50)
(132,6)
(265,45)
(266,14)
(267,26)
(268,154)
(269,34)
(270,62)
(272,22)
(274,67)
(275,25)
(576,9)
(577,2)
(578,8)
(579,81)
(581,10)
(582,18)
(584,18)
(586,25)
(587,1)
(1052,1)
(1053,5)
(1054,2)
(1055,7)
(1056,3)
(1057,6)
(1059,2)
(1061,13)
(1062,17)
(227,28)
(228,61)
(229,50)
(230,74)
(231,13)
(232,83)
(233,45)
(234,110)
(387,1)
(388,20)
(520,1)
(570,39)
(571,11)
(572,8)
(573,8)
(574,44)
(575,16)
(589,2)
(590,6)
(591,23)
(1001,67)
(1002,136)
(1004,4)
(1005,15)
(1006,92)
(1007,2)
(1066,6)
(1067,8)
(1068,4)
(1069,9)
(1070,16)
(1072,7)
(1073,4)
(1074,9)
(1075,7)
(1184,3)
(1186,23)
(1187,63)
(1301,3)
(1302,11)
(1303,38)
(1413,40)
(1414,133)
(1415,19)
(1023,16)
(1024,6)
(1025,49)
(1026,19)
(1027,11)
(1028,12)
(1029,20)
(1031,11)
(1032,5)
(1103,28)
(1104,15)
(1107,27)
(1108,11)
(1111,90)
(1112,1)
(1113,71)
(1114,23)
(1115,82)
(10002,20)
(10005,12)
(10007,1)
(10013,70)
(10014,9)
(10017,9)
(10053,3)
(10056,40)
(10057,45)
(1076,3)
(1077,8)
(1078,3)
(1079,3)
(1080,5)
(1081,26)
(1082,15)
(1083,6)
(1084,5)
(1121,7)
(1122,20)
(1123,11)
(1164,88)
(1165,159)
(1166,101)
(1167,54)
(1168,35)
(1169,36)
(10135,62)
(10136,48)
(10140,65)
(10141,4)
(10142,22)
(10145,101)
(10146,55)
(10403,14)
(10405,27)
(1085,18)
(1087,32)
(1088,10)
(1089,8)
(1091,10)
(1092,22)
(1093,8)
(1095,1)
(1097,12)
(10406,35)
(10408,7)
(10409,21)
(10410,52)
(10412,8)
(10414,16)
(10424,51)
(10568,41)
(10569,13)
(10071,33)
(10072,11)
(10073,6)
(10075,31)
(10076,41)
(10077,16)
(10078,6)
(10079,49)
(10080,32)
(10058,6)
(10062,20)
(10064,35)
(10065,15)
(10066,19)
(10068,38)
(10069,34)
(10070,49)
(10091,26)
(10092,11)
(10093,83)
(10094,38)
(10095,7)
(10096,83)
(10097,60)
(10098,38)
(10099,11)
(10081,11)
(10082,41)
(10084,23)
(10085,33)
(10086,16)
(10087,23)
(10088,6)
(10089,15)
(10090,8)
(10114,8)
(10115,41)
(10116,8)
(10117,22)
(10118,30)
(10119,10)
(10120,24)
(10121,20)
(10122,13)
(10123,27)
(10124,5)
(10127,34)
(10128,25)
(10130,22)
(10131,17)
(10132,17)
(10133,77)
(10134,21)
