(78,6)
(82,2)
(85,3)
(88,1)
(92,1)
(120,1)
(122,2)
(124,1)
(126,1)
(127,1)
(129,2)
(230,2)
(231,3)
(232,6)
(233,2)
(234,3)
(272,3)
(274,3)
(275,1)
(520,1)
(572,1)
(1018,1)
(1020,1)
(1022,4)
(1023,1)
(1026,4)
(1036,3)
(1115,3)
(1121,1)
(1123,1)
(1165,3)
(1166,8)
(1167,7)
(1168,3)
(1169,1)
(1170,1)
(1171,8)
(1173,1)
(1175,1)
(1176,2)
(1177,1)
(1180,4)
(1181,9)
(10136,1)
(10140,3)
(10141,1)
(10142,4)
(10145,10)
(1,1)
(2,5)
(52,1)
(53,3)
(56,1)
(63,1)
(68,1)
(69,1)
(72,2)
(73,1)
(74,1)
(101,1)
(104,1)
(106,1)
(107,1)
(108,1)
(110,1)
(112,3)
(115,2)
(118,1)
(119,1)
(146,1)
(149,13)
(156,1)
(160,1)
(166,1)
(94,2)
(95,2)
(97,7)
(98,1)
(99,1)
(100,3)
(170,2)
(179,3)
(181,3)
(182,1)
(226,7)
(228,4)
(136,2)
(137,3)
(138,4)
(143,4)
(145,2)
(236,4)
(239,1)
(240,3)
(242,2)
(243,3)
(247,1)
(248,4)
(252,12)
(253,3)
(254,5)
(255,3)
(574,1)
(575,3)
(576,1)
(577,1)
(579,4)
(582,6)
(259,9)
(263,7)
(267,2)
(269,4)
(270,8)
(584,2)
(586,3)
(587,1)
(589,1)
(1001,4)
(1066,4)
(1067,2)
(1068,1)
(1069,1)
(1070,2)
(1039,2)
(1043,1)
(1050,2)
(1055,1)
(1062,1)
(1002,6)
(1003,1)
(1014,12)
(1015,3)
(1016,5)
(1072,6)
(1073,1)
(1074,3)
(1075,2)
(1076,1)
(1077,2)
(1078,2)
(1079,2)
(1082,2)
(1084,1)
(1089,1)
(1414,6)
(1415,1)
(10002,7)
(10005,4)
(10006,1)
(1095,1)
(1097,1)
(1103,2)
(1107,1)
(1113,1)
(10007,1)
(10013,1)
(10014,6)
(10053,1)
(10056,2)
(1182,2)
(1184,3)
(1186,1)
(1187,1)
(1301,4)
(1413,4)
(10057,3)
(10058,2)
(10062,1)
(10064,1)
(10065,2)
(10066,5)
(10079,1)
(10080,5)
(10081,1)
(10082,2)
(10086,1)
(10069,2)
(10071,3)
(10072,2)
(10077,3)
(10078,1)
(10105,1)
(10108,2)
(10109,2)
(10111,1)
(10113,2)
(10146,6)
(10403,1)
(10405,1)
(10406,2)
(10409,1)
(10115,1)
(10120,2)
(10121,2)
(10122,1)
(10123,1)
(10090,1)
(10091,7)
(10093,5)
(10096,1)
(10098,1)
(10104,1)
(10127,1)
(10128,1)
(10130,1)
(10131,1)
(10133,1)
(10134,3)
(10410,1)
(10414,1)
(10424,2)
(10568,1)
(10638,8)
