(67,1)
(69,1)
(71,1)
(72,1)
(73,1)
(110,2)
(111,1)
(112,1)
(115,3)
(120,1)
(170,5)
(171,4)
(172,3)
(179,3)
(182,3)
(184,1)
(247,3)
(248,3)
(252,3)
(253,1)
(254,1)
(1023,2)
(1036,2)
(1038,1)
(1059,2)
(1066,2)
(1084,1)
(1092,1)
(1093,1)
(1097,1)
(1103,1)
(1107,4)
(1111,2)
(1115,3)
(1123,1)
(1165,7)
(1166,18)
(1167,7)
(1168,1)
(1171,6)
(1173,4)
(10145,7)
(10146,1)
(10406,1)
(10408,2)
(10410,1)
(10414,1)
(10424,4)
(10568,1)
(10569,1)
(10638,15)
(1,2)
(2,10)
(5,1)
(53,4)
(56,1)
(57,1)
(97,6)
(98,1)
(103,1)
(104,1)
(107,3)
(78,7)
(82,4)
(83,1)
(85,1)
(87,1)
(149,4)
(160,1)
(164,1)
(168,1)
(169,1)
(121,1)
(127,1)
(129,2)
(132,1)
(136,1)
(225,2)
(226,11)
(227,3)
(228,3)
(229,2)
(91,1)
(92,1)
(93,5)
(94,1)
(95,2)
(255,5)
(259,10)
(263,9)
(264,2)
(265,3)
(237,2)
(239,2)
(240,9)
(242,2)
(243,2)
(137,2)
(138,1)
(142,1)
(143,1)
(145,1)
(1175,4)
(1176,1)
(1177,2)
(1180,3)
(1181,14)
(274,5)
(275,1)
(387,1)
(570,2)
(574,1)
(230,3)
(231,2)
(233,3)
(234,2)
(236,4)
(1303,1)
(1413,14)
(1414,8)
(1415,1)
(10002,4)
(1006,2)
(1014,7)
(1015,14)
(1016,14)
(1022,2)
(266,2)
(268,3)
(269,3)
(270,18)
(272,1)
(10005,6)
(10006,2)
(10007,1)
(10014,11)
(10056,1)
(1182,2)
(1184,2)
(1186,2)
(1187,6)
(1301,1)
(10057,2)
(10062,2)
(10064,2)
(10065,2)
(10066,3)
(575,1)
(579,2)
(586,1)
(1001,3)
(1002,8)
(10076,2)
(10077,1)
(10078,1)
(10080,2)
(10082,4)
(1067,1)
(1069,1)
(1070,3)
(1072,2)
(1073,3)
(1075,4)
(10121,3)
(10128,2)
(10130,1)
(10131,1)
(10132,1)
(10085,4)
(10087,2)
(10088,2)
(10089,1)
(10090,1)
(1076,1)
(1077,1)
(1079,4)
(1080,2)
(1081,1)
(10133,4)
(10134,5)
(10136,1)
(10140,3)
(10142,4)
(10068,2)
(10069,3)
(10070,1)
(10071,2)
(10072,2)
(10073,1)
(10091,4)
(10093,3)
(10094,2)
(10095,1)
(10096,4)
(10097,1)
(10098,1)
(10099,1)
(10105,2)
(10109,3)
(10113,1)
(10116,1)
(10118,2)
(10119,1)
(10120,1)
