(73,32)
(74,9)
(75,11)
(77,8)
(78,23)
(79,10)
(82,13)
(83,3)
(84,4)
(122,7)
(124,11)
(126,4)
(127,5)
(129,39)
(132,12)
(133,7)
(136,28)
(137,17)
(228,64)
(229,34)
(230,42)
(231,25)
(232,54)
(233,37)
(234,79)
(236,40)
(237,24)
(520,5)
(570,27)
(571,18)
(572,2)
(573,1)
(574,48)
(575,3)
(576,1)
(577,2)
(1089,6)
(1091,12)
(1092,10)
(1093,5)
(1095,2)
(1097,14)
(1103,15)
(1104,22)
(1107,27)
(1302,1)
(1303,5)
(1413,30)
(1414,113)
(1415,28)
(10002,22)
(10005,8)
(10006,8)
(10007,1)
(10013,60)
(10014,12)
(10017,3)
(10053,8)
(10056,43)
(10057,53)
(10058,10)
(10062,14)
(10064,17)
(10065,11)
(10066,14)
(10068,20)
(10069,36)
(10070,26)
(10071,42)
(10072,11)
(10073,16)
(10075,14)
(10414,21)
(10424,20)
(10568,36)
(10569,8)
(10571,12)
(10572,1)
(10574,2)
(10575,4)
(10576,1)
(85,11)
(87,15)
(88,10)
(91,16)
(92,13)
(93,21)
(94,16)
(95,29)
(97,96)
(1,5)
(2,62)
(5,33)
(9,7)
(53,8)
(56,11)
(57,5)
(59,4)
(60,1)
(62,3)
(63,9)
(64,7)
(65,8)
(66,3)
(67,26)
(68,15)
(69,37)
(71,23)
(72,16)
(98,8)
(99,3)
(100,17)
(101,19)
(102,8)
(103,14)
(104,9)
(106,15)
(107,22)
(156,13)
(160,6)
(163,3)
(164,6)
(166,9)
(168,8)
(169,2)
(170,26)
(171,3)
(138,12)
(139,14)
(142,13)
(143,43)
(144,13)
(145,44)
(146,10)
(149,48)
(151,32)
(110,24)
(111,17)
(112,23)
(115,6)
(116,18)
(118,3)
(119,11)
(120,5)
(121,9)
(238,34)
(239,55)
(240,25)
(241,1)
(242,11)
(243,9)
(247,19)
(248,26)
(252,42)
(172,17)
(173,9)
(176,24)
(179,4)
(181,28)
(182,24)
(225,10)
(226,36)
(227,24)
(253,15)
(254,31)
(255,71)
(257,7)
(259,54)
(263,121)
(264,5)
(265,39)
(266,13)
(578,5)
(579,74)
(581,19)
(582,36)
(584,29)
(586,63)
(587,4)
(589,4)
(1001,53)
(1002,76)
(1003,5)
(1004,7)
(1005,7)
(1006,25)
(1007,1)
(1008,1)
(1009,7)
(1014,90)
(267,25)
(268,93)
(269,27)
(270,71)
(272,18)
(274,79)
(275,40)
(277,2)
(388,16)
(1055,4)
(1056,1)
(1057,4)
(1059,2)
(1061,8)
(1062,14)
(1066,5)
(1067,8)
(1068,2)
(1015,100)
(1016,86)
(1018,10)
(1019,14)
(1020,11)
(1021,11)
(1022,10)
(1023,17)
(1024,6)
(1108,13)
(1111,63)
(1113,53)
(1114,32)
(1115,120)
(1121,3)
(1122,14)
(1123,10)
(1164,61)
(1025,57)
(1026,13)
(1027,7)
(1028,8)
(1029,20)
(1031,16)
(1033,25)
(1034,13)
(1035,3)
(1036,16)
(1037,30)
(1038,3)
(1039,11)
(1040,5)
(1041,2)
(1042,13)
(1043,8)
(1045,1)
(1046,7)
(1047,1)
(1048,19)
(1049,5)
(1050,1)
(1051,1)
(1052,6)
(1053,1)
(1054,4)
(1176,14)
(1177,16)
(1180,76)
(1181,8)
(1182,26)
(1184,8)
(1186,15)
(1187,70)
(1301,1)
(1069,10)
(1070,24)
(1072,9)
(1073,6)
(1074,9)
(1075,7)
(1076,7)
(1077,4)
(1078,4)
(1165,115)
(1166,75)
(1167,55)
(1168,19)
(1169,11)
(1170,6)
(1171,42)
(1173,27)
(1175,27)
(10096,48)
(10097,33)
(10098,25)
(10099,12)
(10101,14)
(10104,22)
(10105,17)
(10106,9)
(10107,16)
(1079,7)
(1080,3)
(1081,3)
(1082,2)
(1083,3)
(1084,6)
(1085,11)
(1087,34)
(1088,13)
(10076,20)
(10077,22)
(10078,6)
(10079,31)
(10080,29)
(10081,11)
(10082,42)
(10085,29)
(10086,26)
(10119,14)
(10120,15)
(10121,9)
(10122,7)
(10123,29)
(10124,6)
(10127,43)
(10128,22)
(10130,18)
(10087,28)
(10088,4)
(10089,28)
(10090,17)
(10091,21)
(10092,12)
(10093,34)
(10094,36)
(10095,23)
(10131,10)
(10132,11)
(10133,67)
(10134,26)
(10135,26)
(10136,39)
(10140,38)
(10141,6)
(10142,23)
(10108,16)
(10109,43)
(10111,5)
(10113,23)
(10114,13)
(10115,33)
(10116,16)
(10117,26)
(10118,38)
(10145,62)
(10146,48)
(10403,17)
(10405,21)
(10406,23)
(10408,17)
(10409,23)
(10410,55)
(10412,2)
(10578,8)
(10579,1)
(10580,2)
(10582,3)
(10584,1)
(10585,1)
(10586,4)
(10587,1)
(10638,84)
