(1,4)
(2,19)
(5,2)
(52,1)
(53,8)
(56,5)
(57,3)
(59,1)
(97,10)
(98,4)
(99,1)
(100,3)
(101,2)
(102,3)
(103,5)
(143,9)
(144,2)
(145,16)
(146,3)
(149,25)
(151,5)
(156,1)
(237,1)
(238,2)
(239,2)
(240,7)
(242,4)
(243,4)
(247,3)
(248,2)
(1042,4)
(1043,1)
(1046,6)
(1047,2)
(1048,1)
(1050,1)
(1051,1)
(1076,2)
(1077,4)
(1079,4)
(1080,1)
(1081,3)
(1082,1)
(1087,2)
(1180,13)
(1181,13)
(1182,11)
(1184,7)
(1187,7)
(1301,7)
(1413,4)
(1414,32)
(86,2)
(87,9)
(88,3)
(91,2)
(92,4)
(93,3)
(94,4)
(95,6)
(129,5)
(132,1)
(133,2)
(136,6)
(137,8)
(138,3)
(139,8)
(226,4)
(228,2)
(229,2)
(230,4)
(232,4)
(233,5)
(236,7)
(73,2)
(75,5)
(78,6)
(79,3)
(82,5)
(83,1)
(85,2)
(275,6)
(388,1)
(520,1)
(570,1)
(571,1)
(572,2)
(573,1)
(574,5)
(63,1)
(64,3)
(66,1)
(68,5)
(69,5)
(71,1)
(72,2)
(115,3)
(116,1)
(118,4)
(119,3)
(120,2)
(122,1)
(124,5)
(127,1)
(104,1)
(106,5)
(107,4)
(108,1)
(110,3)
(111,4)
(112,6)
(173,6)
(176,4)
(179,10)
(181,21)
(182,4)
(184,8)
(225,1)
(1002,5)
(1003,1)
(1004,1)
(1006,2)
(1014,4)
(1015,19)
(1016,9)
(161,3)
(163,3)
(164,4)
(166,2)
(168,1)
(170,12)
(171,1)
(172,2)
(264,1)
(265,2)
(266,2)
(268,2)
(270,12)
(272,4)
(274,10)
(1052,2)
(1053,2)
(1054,1)
(1055,1)
(1056,1)
(1061,2)
(1066,1)
(1067,1)
(252,15)
(253,2)
(254,12)
(255,10)
(257,1)
(259,3)
(263,7)
(10053,3)
(10056,1)
(10057,11)
(10058,2)
(10062,4)
(10064,2)
(10065,2)
(575,4)
(578,1)
(579,4)
(582,11)
(584,3)
(587,1)
(1001,6)
(1019,1)
(1020,1)
(1021,2)
(1022,6)
(1023,6)
(1024,3)
(1025,1)
(1026,5)
(10092,2)
(10093,3)
(10094,4)
(10095,4)
(10096,3)
(10097,2)
(10098,3)
(10101,1)
(1068,1)
(1069,2)
(1070,4)
(1072,6)
(1073,2)
(1074,5)
(1075,4)
(1027,1)
(1028,3)
(1035,2)
(1036,12)
(1038,2)
(1039,1)
(1041,2)
(1088,2)
(1089,1)
(1090,1)
(1091,1)
(1103,3)
(1107,17)
(1108,1)
(1112,1)
(10104,1)
(10105,2)
(10106,1)
(10107,4)
(10108,6)
(10109,7)
(10111,2)
(1113,4)
(1115,3)
(1121,1)
(1123,1)
(1165,20)
(1166,6)
(1167,10)
(1168,3)
(1169,3)
(1170,1)
(1171,13)
(1173,4)
(1175,1)
(1177,2)
(10131,3)
(10132,2)
(10133,10)
(10134,9)
(10135,3)
(10136,8)
(10140,8)
(1415,1)
(10002,12)
(10005,13)
(10006,5)
(10007,6)
(10014,4)
(10017,1)
(10076,4)
(10077,4)
(10078,6)
(10079,3)
(10080,4)
(10081,1)
(10082,3)
(10066,13)
(10068,2)
(10069,2)
(10070,1)
(10071,4)
(10072,11)
(10073,1)
(10075,2)
(10113,1)
(10114,1)
(10115,4)
(10116,5)
(10117,5)
(10118,3)
(10119,5)
(10085,6)
(10086,2)
(10087,9)
(10088,6)
(10089,5)
(10090,1)
(10091,10)
(10410,3)
(10414,1)
(10424,1)
(10568,2)
(10569,1)
(10582,1)
(10638,17)
(10120,9)
(10121,6)
(10122,3)
(10123,1)
(10124,1)
(10127,2)
(10128,3)
(10130,2)
(10142,7)
(10145,16)
(10146,13)
(10403,2)
(10406,4)
(10408,6)
(10409,1)
