(1,52)
(2,44)
(5,18)
(9,18)
(52,3)
(53,13)
(56,25)
(57,17)
(59,4)
(60,3)
(95,12)
(97,110)
(98,8)
(99,1)
(100,8)
(101,16)
(102,15)
(103,28)
(104,14)
(149,121)
(151,29)
(156,15)
(160,3)
(163,8)
(164,8)
(166,23)
(168,10)
(169,3)
(248,22)
(252,49)
(253,43)
(254,34)
(255,42)
(257,20)
(259,75)
(263,100)
(264,9)
(587,14)
(589,11)
(1001,49)
(1002,59)
(1003,17)
(1004,6)
(1005,19)
(1006,18)
(1007,2)
(1008,1)
(1009,3)
(1010,1)
(1014,131)
(1015,146)
(1016,93)
(1018,5)
(1019,11)
(1020,9)
(1021,13)
(1022,27)
(1023,27)
(1024,14)
(1025,27)
(1026,47)
(1027,20)
(1028,21)
(1029,12)
(1085,10)
(1087,14)
(1088,12)
(1089,11)
(1090,1)
(1091,4)
(1092,14)
(1093,1)
(1095,1)
(10081,7)
(10082,24)
(10085,75)
(10086,29)
(10087,44)
(10088,26)
(10089,19)
(10090,12)
(10091,53)
(10092,9)
(10093,40)
(10094,22)
(10095,22)
(10096,37)
(10097,35)
(10098,75)
(10099,6)
(10101,8)
(10104,27)
(10105,13)
(10106,13)
(10107,2)
(10108,19)
(10109,63)
(10111,12)
(10113,15)
(10114,3)
(10136,61)
(10140,46)
(10141,7)
(10142,35)
(10145,89)
(10146,50)
(10403,13)
(10405,4)
(10406,24)
(84,11)
(85,12)
(86,2)
(87,26)
(88,21)
(91,6)
(92,11)
(93,26)
(94,26)
(133,4)
(136,41)
(137,34)
(138,23)
(139,23)
(142,8)
(143,73)
(144,29)
(145,57)
(146,9)
(236,25)
(237,10)
(238,29)
(239,24)
(240,50)
(241,2)
(242,16)
(243,8)
(247,29)
(62,3)
(63,2)
(64,10)
(65,1)
(66,17)
(67,24)
(68,23)
(69,32)
(71,15)
(72,12)
(73,19)
(74,8)
(75,16)
(77,4)
(78,31)
(79,6)
(82,30)
(83,7)
(574,46)
(575,33)
(576,18)
(577,3)
(578,12)
(579,28)
(581,17)
(582,68)
(584,24)
(586,56)
(106,10)
(107,28)
(108,2)
(110,18)
(111,17)
(112,33)
(115,15)
(116,8)
(118,5)
(119,8)
(120,12)
(121,5)
(122,19)
(124,29)
(126,17)
(127,14)
(129,50)
(132,12)
(1031,4)
(1033,8)
(1034,21)
(1035,11)
(1036,29)
(1037,26)
(1038,5)
(1039,22)
(1040,5)
(226,35)
(227,13)
(228,45)
(229,12)
(230,41)
(231,2)
(232,57)
(233,7)
(234,6)
(170,72)
(171,37)
(172,25)
(173,20)
(176,16)
(179,29)
(181,87)
(182,31)
(225,20)
(1062,16)
(1066,3)
(1067,7)
(1068,1)
(1069,13)
(1070,11)
(1072,8)
(1073,2)
(1074,5)
(1097,14)
(1103,24)
(1104,5)
(1107,38)
(1108,6)
(1111,14)
(1112,4)
(1113,25)
(1114,5)
(265,12)
(266,9)
(267,4)
(268,14)
(269,25)
(270,95)
(272,23)
(274,55)
(275,36)
(1169,30)
(1170,24)
(1171,93)
(1173,41)
(1175,22)
(1176,15)
(1177,11)
(1180,81)
(1181,166)
(277,1)
(387,6)
(388,15)
(520,4)
(522,2)
(570,43)
(571,11)
(572,9)
(573,9)
(10070,9)
(10071,38)
(10072,35)
(10073,20)
(10075,14)
(10076,64)
(10077,35)
(10078,9)
(10079,41)
(10080,31)
(1182,70)
(1184,28)
(1186,12)
(1187,20)
(1301,32)
(1302,15)
(1303,7)
(1413,106)
(1414,151)
(1041,9)
(1042,17)
(1043,13)
(1045,2)
(1046,29)
(1047,5)
(1048,18)
(1049,4)
(1050,3)
(10408,33)
(10409,49)
(10410,17)
(10414,18)
(10424,33)
(10568,23)
(10569,8)
(10570,1)
(10572,3)
(1415,36)
(10002,39)
(10005,1)
(10006,38)
(10007,69)
(10013,1)
(10014,57)
(10017,5)
(10053,12)
(1051,4)
(1052,9)
(1053,5)
(1054,2)
(1055,3)
(1056,2)
(1057,7)
(1059,2)
(1061,19)
(1075,9)
(1076,6)
(1077,8)
(1078,7)
(1079,9)
(1080,4)
(1081,27)
(1082,18)
(1083,7)
(1084,13)
(10056,37)
(10057,40)
(10058,15)
(10062,18)
(10064,45)
(10065,11)
(10066,21)
(10068,19)
(10069,12)
(1115,63)
(1121,20)
(1122,28)
(1123,10)
(1164,13)
(1165,121)
(1166,115)
(1167,48)
(1168,11)
(10115,34)
(10116,21)
(10117,29)
(10118,28)
(10119,18)
(10120,30)
(10121,28)
(10122,8)
(10123,7)
(10578,5)
(10579,3)
(10581,1)
(10582,18)
(10583,2)
(10585,5)
(10586,1)
(10587,1)
(10638,88)
(10124,11)
(10127,28)
(10128,25)
(10130,15)
(10131,19)
(10132,9)
(10133,83)
(10134,53)
(10135,34)
