(1,15)
(2,58)
(5,33)
(11,6)
(52,1)
(53,9)
(56,15)
(57,5)
(59,8)
(95,22)
(97,51)
(98,4)
(99,2)
(100,19)
(101,10)
(102,9)
(103,8)
(104,18)
(146,7)
(149,35)
(151,39)
(156,4)
(160,17)
(161,1)
(163,1)
(164,11)
(166,8)
(243,10)
(247,13)
(248,29)
(252,30)
(253,12)
(254,37)
(255,92)
(257,9)
(259,51)
(1028,8)
(1029,20)
(1031,8)
(1032,1)
(1033,12)
(1034,6)
(1035,8)
(1036,19)
(1039,12)
(1040,2)
(1041,5)
(1042,11)
(1043,5)
(1046,15)
(1047,7)
(1048,14)
(1049,10)
(1180,59)
(1181,9)
(1182,26)
(1184,4)
(1186,8)
(1187,63)
(1301,2)
(1302,2)
(1303,7)
(1413,42)
(1414,139)
(1415,17)
(10002,14)
(10005,11)
(10013,40)
(10014,8)
(10017,6)
(10053,6)
(10090,16)
(10091,27)
(10092,3)
(10093,41)
(10094,33)
(10095,8)
(10096,39)
(10097,40)
(72,8)
(73,26)
(74,5)
(75,11)
(77,5)
(78,22)
(79,2)
(82,20)
(83,3)
(120,4)
(121,10)
(122,15)
(124,17)
(126,1)
(127,1)
(129,50)
(132,8)
(182,10)
(225,13)
(226,107)
(227,20)
(228,51)
(229,33)
(230,23)
(231,22)
(232,49)
(61,4)
(63,5)
(64,3)
(65,13)
(66,2)
(67,22)
(68,25)
(69,34)
(71,16)
(272,16)
(274,55)
(275,35)
(277,2)
(388,12)
(520,6)
(570,3)
(571,14)
(572,5)
(106,13)
(107,32)
(108,2)
(110,31)
(111,13)
(112,17)
(115,3)
(116,19)
(119,15)
(84,2)
(85,5)
(86,1)
(87,28)
(88,21)
(91,13)
(92,11)
(93,18)
(94,12)
(584,19)
(586,27)
(589,5)
(590,10)
(591,15)
(1001,53)
(1002,64)
(1003,2)
(1004,10)
(1019,14)
(1020,6)
(1021,8)
(1022,17)
(1023,12)
(1024,3)
(1025,39)
(1026,13)
(1027,4)
(133,9)
(136,34)
(137,19)
(138,13)
(139,14)
(142,12)
(143,65)
(144,10)
(145,44)
(168,12)
(169,1)
(170,28)
(171,1)
(172,11)
(173,4)
(176,24)
(179,2)
(181,16)
(263,68)
(264,5)
(265,25)
(266,6)
(267,23)
(268,86)
(269,18)
(270,43)
(233,37)
(234,82)
(236,32)
(237,19)
(238,18)
(239,50)
(240,20)
(241,12)
(242,4)
(1167,47)
(1168,19)
(1169,12)
(1170,5)
(1171,35)
(1173,35)
(1175,28)
(1176,14)
(1177,9)
(10070,17)
(10071,33)
(10072,8)
(10073,7)
(10075,11)
(10076,28)
(10077,15)
(10078,9)
(10079,29)
(573,3)
(574,24)
(575,19)
(576,1)
(577,7)
(578,5)
(579,94)
(581,6)
(582,19)
(1005,10)
(1006,12)
(1007,1)
(1008,3)
(1009,7)
(1014,73)
(1015,103)
(1016,74)
(1018,10)
(10080,23)
(10081,14)
(10082,19)
(10084,15)
(10085,30)
(10086,15)
(10087,22)
(10088,8)
(10089,13)
(1050,2)
(1051,9)
(1052,3)
(1053,6)
(1054,4)
(1055,5)
(1056,8)
(1057,7)
(1059,1)
(1074,12)
(1075,7)
(1076,3)
(1077,10)
(1078,5)
(1079,9)
(1080,3)
(1081,29)
(1082,12)
(1061,7)
(1062,14)
(1066,3)
(1067,3)
(1068,5)
(1069,15)
(1070,26)
(1072,3)
(1073,8)
(1114,19)
(1115,105)
(1121,2)
(1122,1)
(1123,2)
(1164,53)
(1165,106)
(1166,68)
(10403,4)
(10405,21)
(10406,17)
(10408,2)
(10409,26)
(10410,32)
(10412,6)
(10414,7)
(10424,33)
(1083,5)
(1084,9)
(1085,6)
(1087,23)
(1088,14)
(1089,17)
(1090,2)
(1091,15)
(1092,16)
(10056,28)
(10057,16)
(10058,3)
(10062,12)
(10064,18)
(10065,15)
(10066,25)
(10068,21)
(10069,18)
(1093,4)
(1095,1)
(1097,9)
(1103,8)
(1104,15)
(1107,31)
(1108,6)
(1111,60)
(1113,58)
(10098,24)
(10099,6)
(10101,12)
(10104,30)
(10105,13)
(10106,8)
(10107,5)
(10108,12)
(10109,54)
(10111,6)
(10113,17)
(10114,3)
(10115,37)
(10116,9)
(10117,24)
(10118,17)
(10119,8)
(10120,25)
(10121,14)
(10122,6)
(10123,19)
(10124,13)
(10127,32)
(10128,21)
(10130,19)
(10131,14)
(10132,16)
(10133,45)
(10134,16)
(10135,21)
(10136,33)
(10140,43)
(10141,9)
(10142,15)
(10145,47)
(10146,37)
(10568,31)
(10569,11)
(10571,1)
(10573,1)
(10574,7)
(10582,2)
(10585,2)
(10638,66)
