(82,34)
(83,9)
(84,17)
(85,10)
(86,4)
(87,42)
(88,20)
(91,8)
(92,24)
(129,52)
(132,18)
(133,5)
(136,44)
(137,46)
(138,32)
(139,29)
(142,4)
(143,131)
(231,1)
(232,64)
(233,7)
(234,4)
(236,19)
(237,6)
(238,8)
(239,27)
(240,41)
(522,3)
(570,69)
(571,23)
(572,16)
(573,19)
(574,47)
(575,22)
(576,10)
(577,3)
(1023,48)
(1024,13)
(1025,13)
(1026,38)
(1027,10)
(1028,16)
(1029,10)
(1031,1)
(1033,4)
(1054,2)
(1055,5)
(1056,6)
(1057,10)
(1059,1)
(1061,14)
(1062,9)
(1066,9)
(1067,7)
(1088,18)
(1089,6)
(1090,7)
(1091,3)
(1092,4)
(1096,4)
(1097,15)
(1103,12)
(1104,2)
(1187,21)
(1301,58)
(1302,13)
(1303,10)
(1413,55)
(1414,123)
(1415,15)
(10002,41)
(10007,43)
(10095,24)
(10096,55)
(10097,74)
(10098,87)
(10099,13)
(10101,13)
(10104,37)
(10105,9)
(10106,12)
(10142,46)
(10145,11)
(10146,72)
(10403,12)
(10405,2)
(10406,21)
(10408,31)
(10409,34)
(10410,11)
(59,9)
(60,4)
(62,7)
(63,6)
(64,12)
(65,3)
(66,8)
(67,27)
(68,25)
(103,6)
(104,10)
(106,16)
(107,40)
(108,8)
(110,40)
(111,44)
(112,37)
(115,21)
(69,41)
(71,25)
(72,15)
(73,16)
(74,16)
(75,15)
(77,3)
(78,53)
(79,18)
(164,12)
(166,20)
(168,10)
(169,4)
(170,176)
(171,30)
(172,30)
(173,16)
(176,20)
(1,54)
(2,60)
(5,62)
(9,7)
(11,14)
(52,6)
(53,23)
(56,27)
(57,20)
(116,20)
(118,2)
(119,12)
(120,10)
(121,6)
(122,13)
(124,64)
(126,10)
(127,16)
(93,32)
(94,44)
(95,18)
(97,68)
(98,13)
(99,1)
(100,9)
(101,20)
(102,29)
(257,28)
(259,54)
(263,55)
(264,3)
(265,13)
(266,7)
(267,13)
(268,25)
(179,40)
(181,94)
(182,31)
(225,16)
(226,33)
(227,8)
(228,37)
(229,20)
(230,51)
(578,20)
(579,63)
(581,16)
(582,65)
(584,27)
(586,31)
(587,5)
(589,8)
(590,6)
(144,25)
(145,105)
(146,5)
(149,146)
(151,47)
(156,24)
(160,3)
(161,6)
(163,3)
(269,14)
(270,81)
(272,15)
(274,52)
(275,36)
(277,2)
(387,6)
(388,6)
(520,3)
(591,18)
(1001,56)
(1002,53)
(1003,11)
(1004,7)
(1005,4)
(1006,30)
(1007,6)
(1009,3)
(241,4)
(242,17)
(243,6)
(247,36)
(248,17)
(252,64)
(253,40)
(254,55)
(255,86)
(1173,15)
(1175,35)
(1176,13)
(1177,9)
(1180,65)
(1181,113)
(1182,75)
(1184,24)
(1186,10)
(1034,28)
(1035,15)
(1036,56)
(1037,8)
(1038,7)
(1039,22)
(1040,2)
(1041,10)
(1042,16)
(1010,4)
(1014,99)
(1015,128)
(1016,87)
(1018,15)
(1019,3)
(1020,7)
(1021,10)
(1022,62)
(1078,5)
(1079,6)
(1080,10)
(1081,27)
(1082,18)
(1083,7)
(1084,17)
(1085,13)
(1087,30)
(10065,19)
(10066,26)
(10068,37)
(10069,20)
(10070,13)
(10071,51)
(10072,33)
(10073,16)
(10075,16)
(1107,57)
(1108,4)
(1111,14)
(1113,26)
(1114,1)
(1115,84)
(1121,23)
(1122,36)
(10076,59)
(10077,33)
(10078,24)
(10079,40)
(10080,33)
(10081,16)
(10082,29)
(10084,11)
(10085,31)
(1043,5)
(1046,23)
(1047,3)
(1048,4)
(1049,10)
(1050,3)
(1051,4)
(1052,8)
(1053,7)
(10013,2)
(10014,45)
(10017,7)
(10053,34)
(10056,59)
(10057,44)
(10058,14)
(10062,23)
(10064,63)
(1068,5)
(1069,10)
(1070,5)
(1072,6)
(1073,8)
(1074,13)
(1075,7)
(1076,7)
(1077,6)
(10412,4)
(10414,24)
(10424,41)
(10568,43)
(10569,17)
(10582,17)
(10584,1)
(10638,101)
(1123,22)
(1164,11)
(1165,134)
(1166,125)
(1167,35)
(1168,16)
(1169,51)
(1170,34)
(1171,102)
(10086,30)
(10087,54)
(10088,20)
(10089,10)
(10090,6)
(10091,83)
(10092,27)
(10093,48)
(10094,50)
(10107,8)
(10108,40)
(10109,52)
(10111,15)
(10113,15)
(10114,6)
(10115,41)
(10116,21)
(10117,54)
(10118,20)
(10119,22)
(10120,64)
(10121,41)
(10122,16)
(10123,10)
(10124,4)
(10127,36)
(10128,21)
(10130,9)
(10131,30)
(10132,32)
(10133,72)
(10134,53)
(10135,40)
(10136,78)
(10140,40)
(10141,10)
