(83,7)
(84,7)
(85,8)
(87,23)
(88,20)
(91,13)
(92,19)
(93,28)
(94,28)
(133,7)
(136,37)
(137,21)
(138,18)
(139,28)
(142,21)
(143,56)
(144,35)
(145,40)
(234,128)
(236,45)
(237,22)
(238,70)
(239,43)
(240,32)
(241,9)
(242,16)
(243,10)
(576,5)
(577,4)
(578,7)
(579,110)
(581,9)
(582,31)
(584,27)
(586,38)
(587,1)
(589,3)
(590,9)
(591,19)
(1001,84)
(1002,162)
(1003,2)
(1004,8)
(1005,15)
(1006,105)
(1052,2)
(1053,2)
(1054,1)
(1055,2)
(1056,8)
(1057,7)
(1059,5)
(1061,16)
(1062,14)
(1121,8)
(1122,38)
(1123,8)
(1164,83)
(1165,157)
(1166,122)
(1167,51)
(1168,32)
(1169,57)
(1170,6)
(10062,22)
(10064,38)
(10065,11)
(10066,18)
(10068,45)
(10069,43)
(10070,40)
(10071,31)
(10072,11)
(10093,90)
(10094,56)
(10095,15)
(10096,85)
(10097,56)
(10098,34)
(10099,11)
(10101,23)
(10104,31)
(10572,3)
(10573,2)
(10574,3)
(10575,13)
(10581,15)
(10582,2)
(10583,1)
(10585,2)
(10638,95)
(1,4)
(2,83)
(5,57)
(9,4)
(11,7)
(52,2)
(53,18)
(56,9)
(57,6)
(59,4)
(95,61)
(97,101)
(98,4)
(99,4)
(100,11)
(101,12)
(102,6)
(103,4)
(104,22)
(61,2)
(62,4)
(63,10)
(64,17)
(65,7)
(66,2)
(67,11)
(68,16)
(69,63)
(71,10)
(72,5)
(73,30)
(74,7)
(75,13)
(77,1)
(78,30)
(79,6)
(82,26)
(146,8)
(149,86)
(151,72)
(156,4)
(160,21)
(163,4)
(164,8)
(166,23)
(168,13)
(106,16)
(107,33)
(108,2)
(110,32)
(111,17)
(112,19)
(115,5)
(116,28)
(118,3)
(169,5)
(170,30)
(171,1)
(172,20)
(173,10)
(176,24)
(179,2)
(181,37)
(182,20)
(247,19)
(248,12)
(252,27)
(253,14)
(254,29)
(255,55)
(257,9)
(259,108)
(263,146)
(119,16)
(120,7)
(121,9)
(122,16)
(124,45)
(126,2)
(127,11)
(129,47)
(132,9)
(1023,22)
(1024,14)
(1025,58)
(1026,13)
(1027,11)
(1028,17)
(1029,36)
(1031,7)
(1032,7)
(225,35)
(226,108)
(227,25)
(228,78)
(229,52)
(230,99)
(231,18)
(232,96)
(233,40)
(277,5)
(388,20)
(520,1)
(570,45)
(571,11)
(572,10)
(573,1)
(574,61)
(575,15)
(264,3)
(265,38)
(266,12)
(267,23)
(268,163)
(269,18)
(270,61)
(272,15)
(274,76)
(275,35)
(1033,20)
(1034,27)
(1035,8)
(1036,23)
(1037,21)
(1038,3)
(1039,29)
(1040,7)
(1041,13)
(1009,16)
(1014,179)
(1015,176)
(1016,124)
(1018,25)
(1019,29)
(1020,12)
(1021,15)
(1022,14)
(1076,3)
(1077,5)
(1078,3)
(1079,7)
(1080,8)
(1081,26)
(1082,17)
(1083,4)
(1084,8)
(1066,9)
(1067,5)
(1068,3)
(1069,12)
(1070,21)
(1072,2)
(1073,2)
(1074,10)
(1075,1)
(1042,14)
(1043,8)
(1045,3)
(1046,17)
(1047,4)
(1048,18)
(1049,8)
(1050,3)
(1051,5)
(1103,22)
(1104,20)
(1107,28)
(1108,3)
(1111,86)
(1112,1)
(1113,57)
(1114,18)
(1115,93)
(1085,10)
(1087,35)
(1088,13)
(1089,15)
(1091,11)
(1092,30)
(1093,9)
(1095,4)
(1097,12)
(1186,31)
(1187,86)
(1301,1)
(1302,13)
(1303,31)
(1413,40)
(1414,166)
(1415,25)
(10002,22)
(1171,31)
(1173,24)
(1175,50)
(1176,30)
(1177,26)
(1180,179)
(1181,9)
(1182,36)
(1184,3)
(10005,13)
(10007,2)
(10013,72)
(10014,11)
(10017,5)
(10053,5)
(10056,33)
(10057,55)
(10058,13)
(10127,65)
(10128,32)
(10130,25)
(10131,20)
(10132,23)
(10133,114)
(10134,21)
(10135,58)
(10136,63)
(10073,12)
(10075,17)
(10076,42)
(10077,27)
(10078,6)
(10079,51)
(10080,28)
(10081,10)
(10082,32)
(10140,72)
(10141,8)
(10142,26)
(10145,108)
(10146,63)
(10403,14)
(10405,42)
(10406,44)
(10408,6)
(10084,23)
(10085,40)
(10086,20)
(10087,28)
(10088,7)
(10089,20)
(10090,9)
(10091,23)
(10092,6)
(10116,18)
(10117,29)
(10118,39)
(10119,8)
(10120,20)
(10121,24)
(10122,15)
(10123,32)
(10124,14)
(10409,25)
(10410,71)
(10412,6)
(10414,17)
(10424,36)
(10568,22)
(10569,4)
(10570,1)
(10571,6)
(10105,23)
(10106,8)
(10107,4)
(10108,15)
(10109,63)
(10111,4)
(10113,25)
(10114,7)
(10115,37)
