(71,12)
(72,13)
(73,16)
(74,9)
(75,14)
(77,3)
(78,46)
(79,5)
(82,23)
(119,13)
(120,11)
(121,3)
(122,18)
(124,49)
(126,19)
(127,15)
(128,1)
(129,51)
(182,13)
(225,13)
(226,26)
(227,12)
(228,33)
(229,16)
(230,38)
(231,1)
(232,73)
(274,61)
(275,35)
(277,2)
(387,4)
(388,22)
(520,4)
(522,5)
(570,51)
(571,19)
(1005,13)
(1006,21)
(1007,5)
(1014,147)
(1015,139)
(1016,96)
(1018,11)
(1019,12)
(1020,6)
(1041,11)
(1042,12)
(1043,7)
(1045,4)
(1046,28)
(1047,8)
(1048,9)
(1049,11)
(1050,3)
(1051,5)
(1052,9)
(1053,9)
(1054,2)
(1055,7)
(1056,3)
(1057,7)
(1059,2)
(1061,18)
(1181,149)
(1182,73)
(1184,35)
(1186,10)
(1187,43)
(1301,36)
(1302,8)
(1303,1)
(1413,113)
(10092,14)
(10093,45)
(10094,30)
(10095,32)
(10096,44)
(10097,51)
(10098,64)
(10099,5)
(10101,9)
(10127,35)
(10128,21)
(10130,12)
(10131,23)
(10132,13)
(10133,77)
(10134,44)
(10135,32)
(10136,49)
(60,7)
(62,8)
(63,6)
(64,9)
(65,2)
(66,18)
(67,16)
(68,11)
(69,45)
(83,8)
(84,11)
(85,11)
(86,5)
(87,20)
(88,10)
(91,5)
(92,13)
(93,24)
(104,10)
(106,10)
(107,29)
(110,23)
(111,19)
(112,24)
(115,15)
(116,7)
(118,3)
(132,21)
(133,2)
(136,32)
(137,29)
(138,27)
(139,22)
(142,9)
(143,78)
(144,30)
(145,31)
(168,9)
(169,7)
(170,65)
(171,25)
(172,16)
(173,15)
(176,25)
(179,39)
(181,80)
(233,10)
(234,8)
(236,28)
(237,11)
(238,9)
(239,29)
(240,52)
(241,8)
(242,21)
(572,13)
(573,9)
(574,43)
(575,23)
(576,13)
(577,8)
(578,8)
(579,34)
(581,14)
(582,60)
(263,75)
(264,12)
(265,26)
(266,13)
(267,8)
(268,26)
(269,25)
(270,109)
(272,25)
(1062,13)
(1066,7)
(1067,3)
(1068,3)
(1069,9)
(1070,12)
(1072,16)
(1073,4)
(1074,5)
(1085,9)
(1087,12)
(1088,14)
(1089,10)
(1090,1)
(1091,6)
(1092,7)
(1093,2)
(1095,5)
(1075,12)
(1076,6)
(1077,7)
(1078,13)
(1079,13)
(1080,3)
(1081,19)
(1082,19)
(1083,4)
(1084,13)
(1,56)
(2,70)
(5,26)
(9,21)
(11,2)
(52,5)
(53,14)
(56,21)
(57,21)
(59,10)
(1096,3)
(1097,20)
(1103,19)
(1104,3)
(1107,39)
(1108,14)
(1111,19)
(1112,6)
(1113,34)
(1168,18)
(1169,30)
(1170,33)
(1171,122)
(1173,34)
(1175,42)
(1176,23)
(1177,12)
(1180,84)
(94,34)
(95,25)
(97,102)
(98,9)
(99,5)
(100,11)
(101,23)
(102,14)
(103,21)
(1114,6)
(1115,62)
(1121,15)
(1122,26)
(1123,16)
(1164,6)
(1165,127)
(1166,128)
(1167,65)
(146,4)
(149,107)
(151,43)
(156,19)
(160,3)
(161,4)
(163,3)
(164,15)
(166,14)
(10056,30)
(10057,26)
(10058,7)
(10062,27)
(10064,30)
(10065,16)
(10066,18)
(10068,31)
(10069,13)
(243,5)
(247,27)
(248,31)
(252,47)
(253,44)
(254,52)
(255,23)
(257,15)
(259,74)
(1414,127)
(1415,32)
(10002,51)
(10006,24)
(10007,73)
(10013,2)
(10014,80)
(10017,12)
(10053,12)
(10116,23)
(10117,38)
(10118,22)
(10119,14)
(10120,38)
(10121,23)
(10122,9)
(10123,8)
(10124,8)
(10140,57)
(10141,3)
(10142,30)
(10145,120)
(10146,66)
(10403,8)
(10405,3)
(10406,15)
(10408,27)
(10578,5)
(10579,1)
(10580,1)
(10582,14)
(10583,4)
(10584,1)
(10586,3)
(10587,2)
(10638,107)
(584,12)
(586,81)
(587,7)
(589,11)
(591,20)
(1001,65)
(1002,90)
(1003,14)
(1004,4)
(10409,20)
(10410,17)
(10412,2)
(10414,17)
(10424,47)
(10568,46)
(10569,10)
(10570,1)
(10575,1)
(1021,5)
(1022,28)
(1023,10)
(1024,10)
(1025,17)
(1026,29)
(1027,17)
(1028,29)
(1029,4)
(1031,6)
(1033,8)
(1034,29)
(1035,18)
(1036,31)
(1037,25)
(1038,10)
(1039,17)
(1040,7)
(10070,17)
(10071,42)
(10072,29)
(10073,14)
(10075,16)
(10076,52)
(10077,39)
(10078,18)
(10079,44)
(10080,35)
(10081,9)
(10082,33)
(10085,48)
(10086,22)
(10087,40)
(10088,18)
(10089,15)
(10090,5)
(10091,65)
(10104,17)
(10105,20)
(10106,9)
(10107,12)
(10108,21)
(10109,61)
(10111,4)
(10113,22)
(10115,33)
