(60,5)
(62,6)
(63,6)
(64,12)
(65,6)
(66,22)
(67,27)
(68,14)
(69,42)
(104,8)
(106,21)
(107,30)
(108,3)
(110,34)
(111,21)
(112,49)
(115,23)
(116,25)
(166,25)
(168,9)
(169,3)
(170,69)
(171,17)
(172,22)
(173,20)
(176,21)
(179,40)
(259,52)
(263,85)
(264,5)
(265,24)
(266,11)
(267,13)
(268,30)
(269,28)
(270,123)
(1038,13)
(1039,21)
(1040,3)
(1041,10)
(1042,13)
(1043,3)
(1045,1)
(1046,29)
(1047,3)
(1072,10)
(1073,13)
(1074,9)
(1075,6)
(1076,7)
(1077,13)
(1078,7)
(1079,10)
(1080,4)
(1164,15)
(1165,124)
(1166,139)
(1167,55)
(1168,13)
(1169,36)
(1170,32)
(1171,119)
(1173,47)
(1175,29)
(1176,11)
(1177,15)
(1180,135)
(1181,128)
(1182,81)
(1184,31)
(1186,9)
(1187,28)
(10108,35)
(10109,59)
(10111,8)
(10113,19)
(10114,2)
(10115,39)
(10116,23)
(10117,36)
(10118,33)
(10414,31)
(10424,32)
(10568,52)
(10569,10)
(10571,2)
(10578,6)
(10579,1)
(10582,15)
(10586,4)
(83,3)
(84,11)
(85,12)
(86,2)
(87,24)
(88,19)
(91,2)
(92,21)
(93,30)
(71,12)
(72,9)
(73,29)
(74,7)
(75,9)
(77,2)
(78,24)
(79,14)
(82,11)
(1,55)
(2,73)
(5,59)
(9,22)
(11,21)
(52,13)
(53,14)
(56,21)
(57,16)
(59,9)
(118,7)
(119,12)
(120,12)
(121,8)
(122,12)
(124,57)
(126,13)
(127,18)
(129,48)
(132,25)
(133,10)
(136,45)
(137,37)
(138,32)
(139,24)
(142,12)
(143,83)
(144,30)
(94,42)
(95,25)
(97,100)
(98,6)
(99,3)
(100,14)
(101,26)
(102,25)
(103,9)
(232,64)
(233,11)
(234,10)
(236,52)
(237,13)
(238,10)
(239,36)
(240,52)
(241,8)
(145,84)
(146,5)
(149,135)
(151,51)
(156,10)
(160,2)
(161,13)
(163,16)
(164,11)
(571,22)
(572,13)
(573,12)
(574,49)
(575,37)
(576,17)
(577,5)
(578,21)
(579,49)
(181,94)
(182,27)
(225,18)
(226,24)
(227,13)
(228,40)
(229,9)
(230,53)
(231,3)
(242,16)
(243,6)
(247,10)
(248,13)
(252,72)
(253,51)
(254,58)
(255,72)
(257,16)
(272,13)
(274,52)
(275,41)
(277,3)
(387,7)
(388,18)
(520,5)
(522,3)
(570,65)
(1026,41)
(1027,11)
(1028,33)
(1029,14)
(1031,5)
(1033,6)
(1034,34)
(1035,10)
(1036,30)
(1037,39)
(581,15)
(582,65)
(584,21)
(586,76)
(587,3)
(589,9)
(591,29)
(1001,63)
(1002,72)
(1081,26)
(1082,34)
(1083,5)
(1084,10)
(1085,15)
(1087,22)
(1088,18)
(1089,10)
(1090,2)
(1057,11)
(1059,3)
(1061,10)
(1062,16)
(1066,1)
(1067,6)
(1068,7)
(1069,12)
(1070,13)
(1091,13)
(1092,10)
(1093,3)
(1095,2)
(1096,2)
(1097,12)
(1103,19)
(1104,4)
(1107,53)
(1003,14)
(1004,4)
(1005,4)
(1006,22)
(1007,3)
(1008,1)
(1009,5)
(1014,118)
(1015,168)
(10014,59)
(10017,8)
(10053,17)
(10056,55)
(10057,42)
(10058,15)
(10062,20)
(10064,51)
(10065,10)
(1108,11)
(1111,20)
(1112,1)
(1113,24)
(1114,5)
(1115,77)
(1121,27)
(1122,30)
(1123,25)
(10066,19)
(10068,32)
(10069,22)
(10070,7)
(10071,40)
(10072,31)
(10073,18)
(10075,12)
(10076,70)
(1016,98)
(1018,11)
(1019,9)
(1020,7)
(1021,17)
(1022,37)
(1023,24)
(1024,12)
(1025,21)
(1301,46)
(1302,5)
(1303,4)
(1413,97)
(1414,188)
(1415,32)
(10002,47)
(10006,39)
(10007,96)
(1048,5)
(1049,8)
(1050,3)
(1051,5)
(1052,5)
(1053,8)
(1054,4)
(1055,5)
(1056,3)
(10119,32)
(10120,19)
(10121,8)
(10122,6)
(10123,6)
(10124,11)
(10127,38)
(10128,16)
(10130,9)
(10131,30)
(10132,9)
(10133,65)
(10134,49)
(10135,31)
(10136,59)
(10140,23)
(10141,1)
(10142,10)
(10077,65)
(10078,11)
(10079,18)
(10080,33)
(10081,4)
(10082,11)
(10084,9)
(10085,57)
(10086,24)
(10087,48)
(10088,17)
(10089,17)
(10090,6)
(10091,71)
(10092,13)
(10093,35)
(10094,41)
(10095,41)
(10145,101)
(10146,60)
(10403,15)
(10405,2)
(10406,6)
(10408,27)
(10409,26)
(10410,25)
(10412,2)
(10096,62)
(10097,12)
(10098,63)
(10099,7)
(10101,13)
(10104,29)
(10105,14)
(10106,7)
(10107,8)
