(72,4)
(73,13)
(74,5)
(75,4)
(77,7)
(78,54)
(79,17)
(82,18)
(83,9)
(119,23)
(120,15)
(121,13)
(122,18)
(124,14)
(126,2)
(127,5)
(129,61)
(132,13)
(182,28)
(184,19)
(225,17)
(226,104)
(227,17)
(228,101)
(229,39)
(230,75)
(231,19)
(272,27)
(274,64)
(275,31)
(277,3)
(387,4)
(388,22)
(520,2)
(570,34)
(571,14)
(1039,34)
(1040,6)
(1041,14)
(1042,30)
(1043,13)
(1046,16)
(1047,3)
(1048,31)
(1049,10)
(1051,11)
(1052,5)
(1053,13)
(1054,5)
(1055,8)
(1056,5)
(1057,8)
(1059,1)
(1061,10)
(1062,14)
(1066,8)
(1067,7)
(1068,6)
(1069,16)
(1070,19)
(1072,8)
(1073,20)
(1074,15)
(10053,6)
(10056,71)
(10057,71)
(10058,20)
(10062,29)
(10064,36)
(10065,17)
(10066,37)
(10068,5)
(10123,12)
(10124,4)
(10127,88)
(10128,10)
(10130,9)
(10131,5)
(10132,9)
(10133,24)
(10134,45)
(10135,16)
(10136,66)
(10140,14)
(10141,3)
(10142,15)
(10145,87)
(10146,76)
(10403,37)
(10405,7)
(84,9)
(85,20)
(86,1)
(87,20)
(88,35)
(91,14)
(92,30)
(93,23)
(94,35)
(133,12)
(136,27)
(137,43)
(138,14)
(139,32)
(142,16)
(143,134)
(144,18)
(145,56)
(1,14)
(2,81)
(5,99)
(9,7)
(52,1)
(53,21)
(56,16)
(57,7)
(59,9)
(61,2)
(62,6)
(63,7)
(64,9)
(65,8)
(66,6)
(67,13)
(68,13)
(69,26)
(71,9)
(95,36)
(97,83)
(98,24)
(99,6)
(100,11)
(101,20)
(102,8)
(103,23)
(104,18)
(232,93)
(233,62)
(234,120)
(236,55)
(237,73)
(238,45)
(239,27)
(240,22)
(241,2)
(572,7)
(573,8)
(574,59)
(575,16)
(576,3)
(577,8)
(578,13)
(579,148)
(581,10)
(106,45)
(107,21)
(108,1)
(110,49)
(111,41)
(112,18)
(115,1)
(116,43)
(118,1)
(168,8)
(169,5)
(170,94)
(171,12)
(172,5)
(173,5)
(176,27)
(179,3)
(181,51)
(1005,12)
(1006,9)
(1007,3)
(1008,5)
(1009,4)
(1010,1)
(1014,128)
(1015,201)
(1016,106)
(146,5)
(149,88)
(151,88)
(156,22)
(160,6)
(161,4)
(163,6)
(164,14)
(166,8)
(1084,16)
(1085,21)
(1087,39)
(1088,24)
(1089,18)
(1090,2)
(1091,18)
(1092,29)
(1093,12)
(242,15)
(243,22)
(247,36)
(248,51)
(252,101)
(253,24)
(254,22)
(255,88)
(257,11)
(259,59)
(263,153)
(264,4)
(265,57)
(266,10)
(267,15)
(268,128)
(269,34)
(270,111)
(582,46)
(584,34)
(586,66)
(587,3)
(589,1)
(1001,103)
(1002,148)
(1003,1)
(1004,8)
(1018,15)
(1019,28)
(1020,16)
(1021,18)
(1022,24)
(1023,30)
(1024,17)
(1025,25)
(1026,13)
(1075,8)
(1076,5)
(1077,5)
(1078,4)
(1079,6)
(1080,8)
(1081,4)
(1082,5)
(1083,7)
(1114,28)
(1115,78)
(1121,14)
(1122,62)
(1123,19)
(1164,120)
(1165,124)
(1166,137)
(1167,91)
(1168,37)
(1169,45)
(1170,38)
(1171,64)
(1173,60)
(1175,64)
(1176,26)
(1177,21)
(1180,150)
(1414,199)
(1415,43)
(10002,25)
(10005,11)
(10006,16)
(10007,2)
(10013,82)
(10014,12)
(10017,6)
(1027,2)
(1028,2)
(1029,40)
(1031,10)
(1033,29)
(1034,29)
(1035,15)
(1036,64)
(1037,40)
(1038,6)
(1095,2)
(1097,29)
(1103,21)
(1104,31)
(1107,64)
(1108,13)
(1111,67)
(1112,3)
(1113,77)
(10406,8)
(10408,8)
(10409,26)
(10410,69)
(10412,5)
(10414,9)
(10424,28)
(10568,64)
(10569,6)
(1181,25)
(1182,43)
(1184,7)
(1186,15)
(1187,118)
(1301,1)
(1302,9)
(1303,18)
(1413,60)
(10571,1)
(10573,1)
(10574,1)
(10575,4)
(10580,13)
(10581,1)
(10582,3)
(10585,2)
(10638,45)
(10079,17)
(10080,70)
(10081,32)
(10082,14)
(10085,4)
(10086,22)
(10087,58)
(10088,24)
(10089,38)
(10069,26)
(10070,30)
(10071,134)
(10072,23)
(10073,12)
(10075,10)
(10076,13)
(10077,6)
(10078,10)
(10090,2)
(10091,3)
(10092,7)
(10093,65)
(10094,12)
(10095,15)
(10096,19)
(10097,24)
(10098,10)
(10099,14)
(10101,26)
(10104,19)
(10106,7)
(10107,3)
(10108,23)
(10109,50)
(10111,10)
(10113,21)
(10114,6)
(10115,59)
(10116,2)
(10117,90)
(10118,38)
(10119,23)
(10120,14)
(10121,14)
(10122,10)
