(82,2)
(83,1)
(84,1)
(87,3)
(88,3)
(129,2)
(132,1)
(133,1)
(136,3)
(137,4)
(230,4)
(231,1)
(232,3)
(233,7)
(234,11)
(236,2)
(269,9)
(270,8)
(272,3)
(274,10)
(275,2)
(571,1)
(1026,1)
(1033,1)
(1035,1)
(1036,5)
(1047,1)
(1111,5)
(1113,4)
(1115,3)
(1165,6)
(1166,6)
(1167,9)
(1168,2)
(1169,3)
(1170,1)
(1171,2)
(1173,7)
(1175,2)
(1176,3)
(1177,4)
(1180,8)
(1182,2)
(10132,4)
(10133,2)
(10134,4)
(10135,2)
(10136,1)
(10410,3)
(10414,1)
(10424,4)
(10569,3)
(10638,12)
(65,1)
(68,2)
(69,1)
(72,4)
(73,3)
(78,2)
(1,15)
(2,10)
(5,4)
(9,1)
(62,3)
(64,1)
(104,3)
(106,2)
(108,1)
(110,6)
(111,1)
(112,4)
(116,2)
(119,1)
(120,3)
(122,1)
(126,1)
(91,1)
(94,1)
(95,9)
(97,5)
(100,2)
(103,1)
(163,2)
(164,1)
(168,1)
(170,4)
(176,1)
(243,3)
(247,1)
(248,4)
(252,7)
(254,3)
(255,6)
(581,1)
(584,3)
(586,1)
(587,2)
(589,1)
(1001,4)
(138,2)
(143,3)
(145,3)
(149,3)
(156,2)
(160,3)
(237,4)
(238,1)
(239,5)
(241,1)
(242,1)
(181,2)
(182,2)
(184,1)
(226,21)
(228,8)
(229,1)
(259,13)
(263,21)
(265,11)
(267,5)
(268,8)
(10002,3)
(10005,3)
(10006,3)
(10007,1)
(10013,5)
(574,2)
(575,4)
(576,1)
(578,1)
(579,7)
(1002,10)
(1007,1)
(1014,5)
(1015,12)
(1016,9)
(1069,2)
(1070,1)
(1072,2)
(1074,1)
(1075,1)
(1076,1)
(10014,5)
(10053,2)
(10056,6)
(10057,1)
(10062,4)
(10064,1)
(1019,2)
(1020,1)
(1022,2)
(1023,1)
(1024,2)
(1025,2)
(10073,1)
(10078,1)
(10080,2)
(10081,1)
(10085,1)
(1077,3)
(1079,1)
(1080,3)
(1083,1)
(1088,1)
(1048,2)
(1050,1)
(1052,2)
(1061,1)
(1062,1)
(1066,3)
(1187,7)
(1301,1)
(1302,1)
(1413,10)
(1414,17)
(1415,2)
(1089,1)
(1092,3)
(1093,1)
(1103,1)
(1107,1)
(1108,1)
(10086,1)
(10087,2)
(10088,2)
(10090,2)
(10091,3)
(10093,2)
(10066,4)
(10068,4)
(10069,1)
(10070,1)
(10071,2)
(10072,1)
(10094,3)
(10095,3)
(10096,1)
(10097,1)
(10098,3)
(10101,1)
(10104,1)
(10106,1)
(10107,1)
(10108,2)
(10109,2)
(10114,2)
(10117,1)
(10118,3)
(10119,2)
(10120,5)
(10121,3)
(10122,1)
(10124,2)
(10127,2)
(10128,3)
(10130,2)
(10140,3)
(10142,3)
(10145,21)
(10146,14)
(10406,2)
(10409,2)
