(88,1)
(91,2)
(92,1)
(93,2)
(94,1)
(95,4)
(136,2)
(139,6)
(143,3)
(144,1)
(145,1)
(149,4)
(230,4)
(231,1)
(232,2)
(233,4)
(234,1)
(236,4)
(268,3)
(269,6)
(270,19)
(272,2)
(274,8)
(275,7)
(388,1)
(570,1)
(571,1)
(575,1)
(582,2)
(584,2)
(1006,2)
(1007,1)
(1014,11)
(1015,11)
(1016,11)
(1021,1)
(1036,1)
(1037,1)
(1040,2)
(1041,2)
(1047,1)
(1051,2)
(10053,2)
(10056,1)
(10057,2)
(10062,2)
(10066,2)
(10070,1)
(10089,6)
(10091,6)
(10093,2)
(10095,2)
(10096,1)
(10097,4)
(73,5)
(78,5)
(82,2)
(83,1)
(84,1)
(87,3)
(1,3)
(2,23)
(5,2)
(52,4)
(53,4)
(56,2)
(118,1)
(119,1)
(124,1)
(127,2)
(129,4)
(132,4)
(59,1)
(67,2)
(68,2)
(69,5)
(71,6)
(72,1)
(97,7)
(99,2)
(101,1)
(102,1)
(104,2)
(181,3)
(182,3)
(225,1)
(226,17)
(228,6)
(229,2)
(106,6)
(107,4)
(110,4)
(112,3)
(115,2)
(116,1)
(168,1)
(170,6)
(171,3)
(172,4)
(176,3)
(179,9)
(151,3)
(156,1)
(163,3)
(164,3)
(166,1)
(259,11)
(263,14)
(264,2)
(265,2)
(266,1)
(267,2)
(237,3)
(239,4)
(240,6)
(242,3)
(243,4)
(247,2)
(248,1)
(252,2)
(253,6)
(254,7)
(255,3)
(1075,1)
(1076,1)
(1077,7)
(1079,1)
(1080,2)
(586,3)
(587,1)
(1001,5)
(1002,10)
(1003,1)
(1022,4)
(1024,2)
(1025,1)
(1026,3)
(1027,1)
(1034,1)
(1103,2)
(1107,4)
(1111,1)
(1113,1)
(1114,1)
(1115,4)
(1087,1)
(1088,1)
(1089,1)
(1090,1)
(1092,1)
(1097,2)
(1066,1)
(1067,1)
(1069,2)
(1072,1)
(1073,3)
(1074,3)
(1121,2)
(1122,1)
(1123,1)
(1165,13)
(1166,18)
(1167,6)
(1175,2)
(1176,3)
(1177,5)
(1180,10)
(1181,15)
(1182,11)
(1168,5)
(1169,2)
(1170,4)
(1171,11)
(1173,5)
(10071,1)
(10072,6)
(10073,3)
(10075,1)
(10076,3)
(1184,4)
(1187,2)
(1301,1)
(1413,14)
(1414,11)
(1415,3)
(10077,2)
(10078,2)
(10080,3)
(10082,7)
(10085,2)
(10087,5)
(10119,3)
(10120,2)
(10123,3)
(10124,1)
(10127,1)
(10130,1)
(10002,7)
(10005,10)
(10006,3)
(10007,3)
(10014,10)
(10017,1)
(10098,1)
(10101,1)
(10105,1)
(10106,1)
(10107,1)
(10109,1)
(10142,2)
(10145,10)
(10146,7)
(10403,1)
(10408,1)
(10409,2)
(10111,3)
(10114,1)
(10116,1)
(10117,2)
(10118,1)
(10131,3)
(10133,6)
(10134,1)
(10135,1)
(10136,2)
(10140,5)
(10414,2)
(10424,4)
(10569,2)
(10575,1)
(10582,1)
