(71,3)
(72,7)
(73,12)
(74,8)
(75,3)
(77,2)
(78,68)
(79,18)
(82,18)
(119,41)
(120,14)
(121,9)
(122,21)
(124,28)
(126,3)
(127,3)
(129,80)
(132,6)
(182,37)
(184,27)
(225,13)
(226,55)
(227,29)
(228,99)
(229,48)
(230,100)
(231,31)
(272,39)
(274,60)
(275,37)
(277,5)
(388,20)
(520,2)
(570,51)
(571,11)
(572,9)
(1006,11)
(1007,7)
(1009,4)
(1010,3)
(1014,202)
(1015,221)
(1016,146)
(1018,12)
(1019,31)
(1040,22)
(1041,31)
(1042,31)
(1043,19)
(1046,28)
(1047,7)
(1048,19)
(1049,26)
(1050,8)
(1182,40)
(1184,8)
(1186,12)
(1187,81)
(1301,1)
(1302,2)
(1303,14)
(1413,65)
(1414,233)
(10070,29)
(10071,98)
(10072,19)
(10073,14)
(10075,9)
(10076,5)
(10077,1)
(10078,10)
(10079,13)
(10124,4)
(10127,123)
(10128,17)
(10130,14)
(10131,9)
(10132,9)
(10133,20)
(10134,58)
(10135,3)
(10136,78)
(10140,13)
(10141,1)
(10142,20)
(10145,100)
(10146,85)
(10403,58)
(10405,12)
(10406,9)
(83,8)
(84,13)
(85,22)
(86,2)
(87,19)
(88,28)
(91,18)
(92,28)
(93,29)
(133,23)
(136,49)
(137,56)
(138,26)
(139,57)
(142,22)
(143,108)
(144,14)
(145,59)
(232,119)
(233,59)
(234,106)
(236,58)
(237,87)
(238,54)
(239,27)
(240,19)
(241,3)
(61,2)
(62,4)
(63,2)
(64,6)
(65,13)
(66,4)
(67,14)
(68,16)
(69,41)
(573,3)
(574,52)
(575,24)
(576,11)
(577,23)
(578,7)
(579,174)
(581,12)
(582,49)
(104,13)
(106,52)
(107,18)
(110,65)
(111,38)
(112,14)
(115,5)
(116,38)
(118,4)
(1,135)
(2,91)
(5,105)
(9,7)
(52,6)
(53,32)
(56,22)
(57,5)
(59,10)
(584,62)
(586,47)
(587,4)
(589,2)
(1001,177)
(1002,142)
(1003,3)
(1004,14)
(1005,8)
(168,13)
(169,7)
(170,100)
(171,13)
(172,7)
(173,4)
(176,36)
(179,5)
(181,45)
(94,21)
(95,34)
(97,82)
(98,24)
(99,12)
(100,25)
(101,19)
(102,23)
(103,23)
(1031,24)
(1033,31)
(1034,25)
(1035,3)
(1036,69)
(1037,57)
(1038,8)
(1039,36)
(259,57)
(263,128)
(264,6)
(265,45)
(266,5)
(267,32)
(268,141)
(269,28)
(270,113)
(1169,52)
(1170,43)
(1171,50)
(1173,42)
(1175,45)
(1176,39)
(1177,29)
(1180,189)
(1181,13)
(146,5)
(149,127)
(151,89)
(156,28)
(160,13)
(161,1)
(163,7)
(164,10)
(166,20)
(242,16)
(243,25)
(247,48)
(248,29)
(252,113)
(253,25)
(254,23)
(255,103)
(257,13)
(1415,22)
(10002,31)
(10005,9)
(10006,31)
(10007,2)
(10013,53)
(10014,7)
(10017,16)
(10053,7)
(1020,12)
(1021,34)
(1022,34)
(1023,53)
(1024,11)
(1025,32)
(1026,28)
(1027,2)
(1029,47)
(1075,8)
(1076,9)
(1077,11)
(1078,9)
(1079,4)
(1080,6)
(1081,14)
(1082,5)
(1083,6)
(10080,92)
(10081,45)
(10082,15)
(10085,6)
(10086,58)
(10087,79)
(10088,35)
(10089,32)
(10091,7)
(1051,12)
(1052,5)
(1053,19)
(1054,7)
(1055,10)
(1056,4)
(1057,24)
(1059,2)
(1061,16)
(10571,1)
(10572,2)
(10574,1)
(10575,26)
(10580,18)
(10582,1)
(10585,1)
(10638,26)
(1062,14)
(1066,9)
(1067,11)
(1068,6)
(1069,17)
(1070,19)
(1072,7)
(1073,8)
(1074,12)
(1095,3)
(1096,1)
(1097,24)
(1103,23)
(1104,65)
(1107,71)
(1108,14)
(1111,92)
(1113,80)
(1084,11)
(1085,25)
(1087,46)
(1088,27)
(1089,14)
(1090,1)
(1091,28)
(1092,30)
(1093,15)
(10056,110)
(10057,93)
(10058,19)
(10062,36)
(10064,32)
(10065,24)
(10066,36)
(10068,3)
(10069,42)
(10092,8)
(10093,107)
(10094,8)
(10095,11)
(10096,19)
(10097,11)
(10098,9)
(10099,30)
(10101,16)
(1114,47)
(1115,155)
(1121,14)
(1122,38)
(1123,14)
(1165,186)
(1166,156)
(1167,75)
(1168,62)
(10115,53)
(10116,3)
(10117,103)
(10118,37)
(10119,34)
(10120,15)
(10121,10)
(10122,15)
(10123,8)
(10104,32)
(10105,1)
(10106,6)
(10107,4)
(10108,29)
(10109,86)
(10111,13)
(10113,17)
(10114,3)
(10408,9)
(10409,25)
(10410,90)
(10412,6)
(10414,5)
(10424,11)
(10568,84)
(10569,11)
(10570,2)
