(84,10)
(85,11)
(87,12)
(88,8)
(91,15)
(92,16)
(93,24)
(94,10)
(95,46)
(136,31)
(137,34)
(138,15)
(139,31)
(142,13)
(143,82)
(144,16)
(145,49)
(146,3)
(233,52)
(234,108)
(236,31)
(237,38)
(238,36)
(239,14)
(240,25)
(241,2)
(242,7)
(572,10)
(573,4)
(574,41)
(575,9)
(576,8)
(577,6)
(578,14)
(579,135)
(581,5)
(1028,1)
(1029,35)
(1031,13)
(1033,26)
(1034,25)
(1035,9)
(1036,33)
(1037,29)
(1038,6)
(1039,21)
(1062,14)
(1066,6)
(1067,6)
(1068,6)
(1069,8)
(1070,14)
(1072,6)
(1073,10)
(1074,16)
(1084,11)
(1085,10)
(1087,28)
(1088,16)
(1089,15)
(1090,1)
(1091,12)
(1092,17)
(1093,8)
(1169,26)
(1170,19)
(1171,41)
(1173,67)
(1175,37)
(1176,33)
(1177,20)
(1180,125)
(1181,18)
(10114,6)
(10115,36)
(10116,2)
(10117,39)
(10118,44)
(10119,10)
(10120,8)
(10121,4)
(10122,8)
(10123,9)
(10124,5)
(10127,71)
(10128,21)
(10130,13)
(10131,5)
(10132,5)
(10133,20)
(10134,30)
(10135,11)
(10136,45)
(10140,18)
(10141,3)
(10142,14)
(10145,105)
(10146,63)
(10403,24)
(10405,13)
(10406,8)
(10408,6)
(10409,17)
(10410,85)
(10412,4)
(10414,8)
(10424,15)
(10568,37)
(10569,3)
(1,4)
(2,74)
(5,44)
(9,8)
(52,1)
(53,18)
(56,13)
(57,2)
(59,4)
(60,1)
(62,3)
(63,5)
(64,9)
(65,4)
(66,4)
(67,15)
(68,20)
(69,24)
(71,9)
(107,25)
(110,42)
(111,33)
(112,19)
(115,2)
(116,16)
(118,2)
(119,13)
(120,5)
(72,5)
(73,11)
(74,9)
(75,9)
(77,4)
(78,32)
(79,12)
(82,7)
(83,10)
(121,5)
(122,6)
(124,17)
(126,4)
(127,4)
(128,1)
(129,53)
(132,13)
(133,9)
(97,75)
(98,16)
(99,7)
(100,11)
(101,18)
(102,9)
(103,11)
(104,11)
(106,27)
(169,5)
(170,57)
(171,25)
(172,12)
(173,5)
(176,19)
(179,5)
(181,44)
(182,15)
(149,63)
(151,42)
(156,16)
(160,5)
(161,1)
(163,4)
(164,6)
(166,21)
(168,7)
(263,141)
(264,7)
(265,52)
(266,13)
(267,26)
(268,134)
(269,28)
(270,98)
(272,48)
(184,11)
(225,12)
(226,38)
(227,16)
(228,82)
(229,33)
(230,69)
(231,19)
(232,53)
(274,82)
(275,34)
(277,5)
(387,1)
(388,28)
(520,8)
(522,1)
(570,41)
(571,12)
(1050,2)
(1051,7)
(1052,4)
(1053,8)
(1055,5)
(1056,8)
(1057,10)
(1059,2)
(1061,15)
(243,12)
(247,29)
(248,39)
(252,66)
(253,18)
(254,24)
(255,90)
(257,5)
(259,65)
(582,40)
(584,42)
(586,92)
(587,7)
(589,2)
(1001,76)
(1002,113)
(1004,6)
(1005,9)
(1006,9)
(1007,2)
(1008,4)
(1009,2)
(1010,1)
(1014,150)
(1015,146)
(1016,93)
(1018,15)
(1075,8)
(1076,6)
(1077,9)
(1078,4)
(1079,5)
(1080,6)
(1081,2)
(1082,4)
(1083,4)
(1115,118)
(1121,7)
(1122,29)
(1123,9)
(1164,71)
(1165,152)
(1166,135)
(1167,77)
(1168,26)
(1019,21)
(1020,10)
(1021,24)
(1022,22)
(1023,26)
(1024,14)
(1025,30)
(1026,18)
(1027,10)
(1095,1)
(1097,14)
(1103,25)
(1104,18)
(1107,27)
(1108,8)
(1111,78)
(1113,62)
(1114,26)
(1040,7)
(1041,20)
(1042,13)
(1043,12)
(1045,1)
(1046,9)
(1047,3)
(1048,28)
(1049,9)
(1415,55)
(10002,27)
(10005,6)
(10006,17)
(10007,2)
(10013,85)
(10014,9)
(10017,2)
(10053,8)
(1182,41)
(1184,2)
(1186,9)
(1187,106)
(1301,4)
(1302,1)
(1303,6)
(1413,64)
(1414,150)
(10101,15)
(10104,34)
(10105,5)
(10106,5)
(10107,5)
(10108,21)
(10109,69)
(10111,7)
(10113,28)
(10070,31)
(10071,54)
(10072,6)
(10073,10)
(10075,4)
(10076,7)
(10077,3)
(10078,6)
(10079,15)
(10056,48)
(10057,67)
(10058,23)
(10062,29)
(10064,22)
(10065,16)
(10066,22)
(10068,7)
(10069,24)
(10091,15)
(10092,8)
(10093,68)
(10094,16)
(10095,20)
(10096,20)
(10097,14)
(10098,13)
(10099,16)
(10080,55)
(10081,19)
(10082,21)
(10085,9)
(10086,35)
(10087,29)
(10088,22)
(10089,19)
(10090,2)
(10570,1)
(10571,1)
(10573,1)
(10575,1)
(10580,1)
(10581,4)
(10582,1)
(10585,5)
(10638,67)
