(84,5)
(85,9)
(86,1)
(87,15)
(88,12)
(91,7)
(92,9)
(93,16)
(94,16)
(132,8)
(133,3)
(136,31)
(137,22)
(138,22)
(139,17)
(142,6)
(143,67)
(144,24)
(233,13)
(234,7)
(236,27)
(237,10)
(238,10)
(239,24)
(240,48)
(241,1)
(242,10)
(572,11)
(573,6)
(574,26)
(575,10)
(576,18)
(577,5)
(578,6)
(579,27)
(581,4)
(582,61)
(584,18)
(586,51)
(587,11)
(589,10)
(1001,54)
(1002,64)
(1003,8)
(1004,6)
(1005,14)
(1006,15)
(1007,5)
(1008,1)
(1009,3)
(1014,93)
(1015,111)
(1016,79)
(1018,9)
(1028,27)
(1029,3)
(1031,2)
(1033,3)
(1034,21)
(1035,7)
(1036,25)
(1037,27)
(1038,7)
(1184,24)
(1186,8)
(1187,26)
(1301,41)
(1302,6)
(1303,5)
(1413,106)
(1414,168)
(1415,13)
(10082,20)
(10085,42)
(10086,16)
(10087,41)
(10088,9)
(10089,11)
(10090,6)
(10091,44)
(10092,10)
(10127,15)
(10128,22)
(10130,9)
(10131,17)
(10132,12)
(10133,66)
(10134,35)
(10135,23)
(10136,40)
(10410,13)
(10414,13)
(10424,33)
(10568,21)
(10569,11)
(10570,1)
(10575,1)
(10578,3)
(10579,2)
(62,7)
(63,1)
(64,8)
(65,1)
(66,15)
(67,21)
(68,15)
(69,22)
(71,7)
(106,11)
(107,17)
(108,4)
(110,15)
(111,23)
(112,20)
(115,14)
(116,8)
(118,4)
(1,50)
(2,62)
(5,13)
(9,12)
(52,12)
(53,14)
(56,16)
(57,14)
(59,8)
(95,13)
(97,66)
(98,4)
(99,1)
(100,3)
(101,10)
(102,10)
(103,22)
(104,6)
(166,18)
(168,9)
(169,7)
(170,51)
(171,22)
(172,25)
(173,10)
(176,19)
(179,55)
(72,5)
(73,9)
(74,11)
(75,6)
(77,1)
(78,31)
(79,5)
(82,21)
(83,11)
(119,6)
(120,7)
(121,3)
(122,13)
(124,25)
(126,8)
(127,12)
(128,1)
(129,42)
(263,74)
(264,5)
(265,16)
(266,14)
(267,3)
(268,17)
(269,13)
(270,109)
(272,22)
(145,35)
(146,1)
(149,92)
(151,42)
(156,14)
(160,2)
(161,2)
(163,4)
(164,11)
(181,71)
(182,13)
(225,15)
(226,40)
(227,21)
(228,31)
(229,11)
(230,31)
(232,48)
(243,5)
(247,28)
(248,19)
(252,45)
(253,27)
(254,63)
(255,41)
(257,15)
(259,90)
(1103,10)
(1104,6)
(1107,26)
(1108,7)
(1111,15)
(1112,3)
(1113,23)
(1114,4)
(1115,37)
(274,45)
(275,20)
(277,1)
(387,4)
(388,11)
(520,7)
(522,8)
(570,38)
(571,19)
(1121,17)
(1122,13)
(1123,13)
(1164,5)
(1165,105)
(1166,107)
(1167,54)
(1168,18)
(1169,32)
(1039,10)
(1040,2)
(1041,6)
(1042,12)
(1043,6)
(1045,3)
(1046,15)
(1047,6)
(1048,3)
(1019,8)
(1020,7)
(1021,13)
(1022,16)
(1023,19)
(1024,6)
(1025,21)
(1026,42)
(1027,10)
(1170,37)
(1171,109)
(1173,32)
(1175,34)
(1176,16)
(1177,11)
(1180,90)
(1181,134)
(1182,50)
(1062,10)
(1067,2)
(1068,1)
(1069,11)
(1070,11)
(1072,8)
(1074,2)
(1075,8)
(1076,6)
(1049,8)
(1050,4)
(1051,2)
(1052,3)
(1053,6)
(1055,2)
(1056,2)
(1057,7)
(1061,17)
(10072,27)
(10073,12)
(10075,12)
(10076,52)
(10077,35)
(10078,9)
(10079,39)
(10080,34)
(10081,7)
(1077,6)
(1078,4)
(1079,5)
(1080,5)
(1081,20)
(1082,22)
(1083,4)
(1084,10)
(1085,8)
(10002,32)
(10006,24)
(10007,60)
(10013,2)
(10014,55)
(10017,2)
(10053,7)
(10056,30)
(10057,40)
(1087,15)
(1088,13)
(1089,4)
(1090,1)
(1091,4)
(1092,9)
(1093,2)
(1095,3)
(1097,15)
(10058,12)
(10062,26)
(10064,34)
(10065,12)
(10066,11)
(10068,17)
(10069,18)
(10070,11)
(10071,32)
(10093,24)
(10094,22)
(10095,19)
(10096,38)
(10097,32)
(10098,49)
(10099,3)
(10101,12)
(10104,22)
(10105,17)
(10106,7)
(10107,7)
(10108,20)
(10109,48)
(10111,5)
(10113,14)
(10114,1)
(10115,29)
(10116,14)
(10117,27)
(10118,35)
(10119,14)
(10120,19)
(10121,23)
(10122,6)
(10123,10)
(10124,3)
(10140,54)
(10141,1)
(10142,14)
(10145,78)
(10146,38)
(10403,8)
(10406,16)
(10408,10)
(10409,18)
(10580,1)
(10581,1)
(10582,14)
(10583,1)
(10585,1)
(10586,1)
(10587,1)
(10638,106)
