(64,1)
(67,2)
(68,2)
(69,4)
(71,1)
(112,2)
(119,3)
(120,1)
(126,1)
(127,1)
(181,1)
(182,1)
(184,1)
(225,2)
(226,16)
(252,2)
(254,1)
(255,4)
(259,9)
(263,14)
(575,1)
(576,1)
(577,1)
(579,6)
(582,1)
(1004,1)
(1014,6)
(1015,6)
(1016,8)
(1018,1)
(1033,1)
(1036,3)
(1041,1)
(1042,1)
(1046,1)
(1047,1)
(10077,3)
(10079,1)
(10080,2)
(10081,1)
(10086,1)
(10094,1)
(10097,4)
(10098,1)
(10101,3)
(10105,1)
(10121,1)
(10124,1)
(10127,1)
(10128,1)
(10130,3)
(73,4)
(78,4)
(79,1)
(85,1)
(87,2)
(129,1)
(133,1)
(136,2)
(137,2)
(142,1)
(88,1)
(95,4)
(97,5)
(98,1)
(99,2)
(228,2)
(229,2)
(231,2)
(232,5)
(233,9)
(143,3)
(144,1)
(145,3)
(146,1)
(149,2)
(234,20)
(236,2)
(237,5)
(238,4)
(239,3)
(264,1)
(265,12)
(267,1)
(268,6)
(269,2)
(270,9)
(274,6)
(275,3)
(388,2)
(572,1)
(1019,1)
(1022,1)
(1023,1)
(1025,2)
(1029,1)
(1053,1)
(1066,1)
(1068,1)
(1072,1)
(1073,3)
(1,9)
(2,7)
(5,2)
(53,4)
(56,1)
(63,1)
(100,3)
(104,1)
(107,1)
(110,1)
(111,2)
(156,1)
(163,1)
(170,2)
(173,1)
(176,1)
(1111,6)
(1113,1)
(1114,1)
(1115,5)
(1123,1)
(240,1)
(241,1)
(243,4)
(247,7)
(248,4)
(584,1)
(586,1)
(587,1)
(1001,5)
(1002,2)
(1171,2)
(1173,4)
(1175,6)
(1176,1)
(1177,2)
(1165,3)
(1166,7)
(1167,10)
(1168,4)
(1169,2)
(1074,2)
(1077,2)
(1079,1)
(1080,1)
(1082,1)
(1087,1)
(1088,1)
(1092,1)
(1103,1)
(1107,2)
(1413,8)
(1414,10)
(1415,3)
(10002,1)
(10013,3)
(1180,10)
(1181,2)
(1182,2)
(1186,3)
(1187,8)
(10014,1)
(10056,6)
(10057,2)
(10058,1)
(10062,1)
(10116,1)
(10117,1)
(10118,2)
(10119,2)
(10120,3)
(10065,2)
(10066,1)
(10068,4)
(10069,1)
(10071,1)
(10133,1)
(10134,3)
(10136,1)
(10140,2)
(10142,6)
(10108,4)
(10109,2)
(10111,1)
(10114,1)
(10115,2)
(10087,3)
(10088,1)
(10089,3)
(10090,1)
(10091,3)
(10145,8)
(10146,13)
(10403,1)
(10405,1)
(10409,3)
(10410,3)
(10414,1)
(10424,2)
(10568,3)
(10638,8)
