(1,5)
(2,56)
(5,50)
(9,6)
(52,1)
(53,12)
(56,19)
(57,3)
(59,2)
(94,19)
(95,34)
(97,93)
(98,15)
(99,9)
(100,16)
(101,23)
(102,19)
(103,19)
(145,42)
(146,1)
(149,61)
(151,64)
(156,28)
(160,13)
(161,3)
(163,4)
(164,6)
(241,1)
(242,14)
(243,13)
(247,27)
(248,21)
(252,48)
(253,22)
(254,26)
(255,87)
(1024,13)
(1025,38)
(1026,17)
(1027,11)
(1028,8)
(1029,48)
(1031,11)
(1033,26)
(1067,8)
(1068,5)
(1069,12)
(1070,17)
(1072,3)
(1073,6)
(1074,8)
(1075,8)
(1076,7)
(1077,13)
(1078,10)
(1079,8)
(1080,3)
(1081,3)
(1082,2)
(1083,3)
(1084,9)
(1097,13)
(1103,13)
(1104,33)
(1107,56)
(1108,24)
(1111,58)
(1113,50)
(1114,22)
(10111,8)
(10113,28)
(10114,7)
(10115,43)
(10117,40)
(10118,54)
(10119,27)
(10120,17)
(10121,13)
(10571,2)
(10574,4)
(10575,5)
(10576,2)
(10581,1)
(10582,2)
(10585,5)
(10638,76)
(71,21)
(72,12)
(73,21)
(74,7)
(75,6)
(77,8)
(78,45)
(79,13)
(82,14)
(119,12)
(120,4)
(121,4)
(122,8)
(124,22)
(126,2)
(127,1)
(129,39)
(182,25)
(184,18)
(225,10)
(226,94)
(227,9)
(228,74)
(229,34)
(230,56)
(61,1)
(62,4)
(63,2)
(64,5)
(65,7)
(66,7)
(67,10)
(68,23)
(69,38)
(83,7)
(84,8)
(85,19)
(87,19)
(88,24)
(91,11)
(92,25)
(93,41)
(104,13)
(106,22)
(107,31)
(110,40)
(111,18)
(112,20)
(115,3)
(116,16)
(118,3)
(269,25)
(270,93)
(272,21)
(274,73)
(275,32)
(277,10)
(387,2)
(388,25)
(520,4)
(132,18)
(133,14)
(136,36)
(137,23)
(138,15)
(139,22)
(142,8)
(143,91)
(144,13)
(1043,9)
(1045,6)
(1046,21)
(1047,4)
(1048,34)
(1049,7)
(1050,7)
(1051,3)
(1052,2)
(231,26)
(232,60)
(233,60)
(234,101)
(236,33)
(237,40)
(238,54)
(239,29)
(240,28)
(166,10)
(168,8)
(169,3)
(170,65)
(171,14)
(172,12)
(173,8)
(176,26)
(181,39)
(1115,142)
(1121,8)
(1122,24)
(1123,15)
(1164,96)
(1165,123)
(1166,111)
(1167,58)
(1168,21)
(257,8)
(259,75)
(263,166)
(264,6)
(265,58)
(266,10)
(267,19)
(268,124)
(522,2)
(570,56)
(571,10)
(572,5)
(573,1)
(574,38)
(575,9)
(576,9)
(577,3)
(1001,53)
(1002,101)
(1003,3)
(1004,10)
(1005,5)
(1006,14)
(1007,2)
(1008,1)
(1009,2)
(1169,31)
(1170,11)
(1171,36)
(1173,38)
(1175,30)
(1176,28)
(1177,18)
(1180,121)
(1181,11)
(578,9)
(579,122)
(581,16)
(582,46)
(584,26)
(586,98)
(587,7)
(589,1)
(1034,16)
(1035,8)
(1036,36)
(1037,34)
(1038,8)
(1039,23)
(1040,8)
(1041,12)
(1042,16)
(1182,40)
(1184,6)
(1186,9)
(1187,93)
(1301,1)
(1302,1)
(1303,6)
(1413,53)
(10096,40)
(10097,32)
(10098,29)
(10099,16)
(10101,14)
(10104,39)
(10106,7)
(10108,23)
(10109,62)
(1014,139)
(1015,173)
(1016,104)
(1018,16)
(1019,22)
(1020,12)
(1021,15)
(1022,15)
(1023,21)
(10406,18)
(10408,8)
(10409,51)
(10410,52)
(10412,3)
(10424,51)
(10568,45)
(10569,10)
(10570,3)
(1053,8)
(1054,2)
(1055,6)
(1056,4)
(1057,9)
(1059,1)
(1061,11)
(1062,19)
(1066,5)
(1085,5)
(1087,28)
(1088,14)
(1089,14)
(1091,16)
(1092,15)
(1093,8)
(1095,2)
(1096,1)
(1414,215)
(1415,52)
(10002,26)
(10005,11)
(10006,22)
(10007,2)
(10013,60)
(10014,8)
(10017,3)
(10053,5)
(10056,35)
(10057,50)
(10058,27)
(10062,22)
(10064,27)
(10065,9)
(10066,13)
(10069,31)
(10070,31)
(10071,46)
(10072,15)
(10073,22)
(10075,11)
(10078,5)
(10079,18)
(10080,51)
(10081,9)
(10082,11)
(10086,30)
(10087,31)
(10088,13)
(10089,22)
(10092,7)
(10093,63)
(10095,15)
(10134,18)
(10136,35)
(10140,32)
(10141,5)
(10142,21)
(10145,106)
(10146,61)
(10403,12)
(10405,14)
(10122,10)
(10123,14)
(10127,74)
(10128,39)
(10130,31)
(10131,16)
(10132,12)
(10133,25)
