(1,129)
(2,84)
(5,42)
(9,4)
(53,12)
(56,8)
(57,2)
(59,3)
(61,3)
(94,9)
(95,25)
(97,117)
(98,27)
(99,9)
(100,12)
(101,11)
(102,6)
(103,18)
(144,11)
(145,110)
(146,7)
(149,57)
(151,30)
(156,10)
(160,7)
(163,3)
(164,6)
(241,4)
(242,8)
(243,11)
(247,33)
(248,19)
(252,52)
(253,14)
(254,10)
(255,120)
(1026,10)
(1028,1)
(1029,37)
(1031,6)
(1033,16)
(1034,7)
(1035,2)
(1036,96)
(1037,28)
(1056,3)
(1057,7)
(1059,5)
(1061,4)
(1062,9)
(1066,11)
(1067,8)
(1068,6)
(1069,13)
(1080,10)
(1081,5)
(1082,4)
(1083,5)
(1084,32)
(1085,16)
(1087,19)
(1088,12)
(1089,9)
(1166,88)
(1167,76)
(1168,24)
(1169,19)
(1170,12)
(1171,35)
(1173,7)
(1175,22)
(1176,16)
(10131,14)
(10132,15)
(10133,73)
(10134,42)
(10135,31)
(10136,21)
(10140,30)
(10141,8)
(10142,51)
(10145,150)
(10146,116)
(10403,18)
(10405,16)
(10406,17)
(10408,8)
(10409,51)
(10410,72)
(10412,3)
(10414,21)
(10424,22)
(10568,25)
(10569,15)
(10574,3)
(10575,5)
(10583,1)
(10638,88)
(84,10)
(85,18)
(86,3)
(87,25)
(88,30)
(91,14)
(92,8)
(93,21)
(62,1)
(63,7)
(64,3)
(65,7)
(66,2)
(67,10)
(68,9)
(69,16)
(71,1)
(132,10)
(133,19)
(136,32)
(137,51)
(138,17)
(139,30)
(142,5)
(143,163)
(72,13)
(73,13)
(74,6)
(75,6)
(77,3)
(78,41)
(79,9)
(82,6)
(83,1)
(104,10)
(106,31)
(107,23)
(108,2)
(110,109)
(111,106)
(112,38)
(115,3)
(116,18)
(118,2)
(119,38)
(120,7)
(121,4)
(122,20)
(124,5)
(126,1)
(127,7)
(129,52)
(231,32)
(232,37)
(233,35)
(234,90)
(236,24)
(237,38)
(238,21)
(239,9)
(240,9)
(166,4)
(168,4)
(169,3)
(170,90)
(172,3)
(173,4)
(176,18)
(181,22)
(182,25)
(570,13)
(571,3)
(572,5)
(573,5)
(574,38)
(575,12)
(576,7)
(577,5)
(578,8)
(184,18)
(202,1)
(225,6)
(226,120)
(227,11)
(228,58)
(229,16)
(230,31)
(579,96)
(581,10)
(582,32)
(584,27)
(586,28)
(587,1)
(1001,56)
(1002,54)
(1003,2)
(257,3)
(259,60)
(263,78)
(264,3)
(265,59)
(266,1)
(267,34)
(268,117)
(269,32)
(270,73)
(272,30)
(274,51)
(275,37)
(277,2)
(387,2)
(388,3)
(520,2)
(1004,5)
(1005,3)
(1006,8)
(1007,5)
(1008,1)
(1009,4)
(1014,97)
(1015,143)
(1016,59)
(1038,5)
(1039,17)
(1040,6)
(1041,12)
(1042,17)
(1043,9)
(1045,1)
(1046,25)
(1047,7)
(1091,8)
(1092,23)
(1093,10)
(1096,1)
(1097,6)
(1103,13)
(1104,53)
(1107,61)
(1018,4)
(1019,11)
(1020,2)
(1021,13)
(1022,29)
(1023,46)
(1024,8)
(1025,7)
(1413,41)
(1414,191)
(1415,11)
(10002,14)
(10005,15)
(10006,46)
(10007,3)
(10013,46)
(1108,7)
(1111,57)
(1113,56)
(1114,45)
(1115,119)
(1121,6)
(1122,53)
(1123,13)
(1165,100)
(1048,13)
(1049,15)
(1050,6)
(1051,9)
(1052,1)
(1053,5)
(1054,2)
(1055,3)
(1177,5)
(1180,64)
(1181,3)
(1182,15)
(1184,5)
(1186,5)
(1187,96)
(1302,4)
(1303,1)
(10014,6)
(10017,3)
(10053,12)
(10056,34)
(10057,35)
(10058,6)
(10062,32)
(10064,20)
(10065,20)
(1070,19)
(1072,8)
(1073,15)
(1074,12)
(1075,4)
(1076,3)
(1077,3)
(1078,3)
(1079,4)
(10087,55)
(10088,8)
(10089,13)
(10090,16)
(10091,20)
(10092,7)
(10093,45)
(10094,47)
(10095,10)
(10066,21)
(10068,8)
(10069,15)
(10070,5)
(10071,27)
(10072,12)
(10073,5)
(10075,6)
(10076,2)
(10096,19)
(10097,41)
(10098,22)
(10099,22)
(10101,17)
(10104,9)
(10105,12)
(10106,15)
(10107,8)
(10077,11)
(10078,8)
(10079,24)
(10080,33)
(10081,28)
(10082,25)
(10085,5)
(10086,19)
(10108,16)
(10109,54)
(10111,7)
(10113,39)
(10114,10)
(10115,27)
(10116,8)
(10117,44)
(10118,10)
(10119,16)
(10120,23)
(10121,29)
(10123,14)
(10124,5)
(10127,71)
(10128,18)
(10130,13)
