(69,40)
(71,11)
(72,10)
(73,34)
(74,10)
(75,20)
(77,8)
(78,31)
(79,8)
(116,25)
(118,1)
(119,11)
(120,2)
(121,7)
(122,9)
(124,36)
(126,9)
(127,4)
(181,51)
(182,22)
(225,24)
(226,167)
(227,16)
(228,86)
(229,50)
(230,59)
(231,25)
(272,24)
(274,91)
(275,45)
(277,7)
(387,2)
(388,32)
(520,5)
(522,1)
(570,54)
(1072,4)
(1073,4)
(1074,10)
(1075,5)
(1076,11)
(1077,10)
(1078,5)
(1079,4)
(1080,8)
(1081,3)
(1181,13)
(1182,31)
(1184,5)
(1186,24)
(1187,81)
(1301,2)
(1302,6)
(1303,12)
(1413,53)
(10056,42)
(10057,67)
(10058,9)
(10062,23)
(10064,22)
(10065,12)
(10066,17)
(10068,30)
(10069,25)
(10070,34)
(10071,65)
(10072,20)
(10073,12)
(10075,11)
(10076,26)
(10077,23)
(10078,4)
(10079,37)
(10080,57)
(82,25)
(83,3)
(84,4)
(85,11)
(86,1)
(87,18)
(88,23)
(91,12)
(92,19)
(129,29)
(132,19)
(133,9)
(136,41)
(137,31)
(138,22)
(139,23)
(142,16)
(143,61)
(144,28)
(232,74)
(233,58)
(234,117)
(236,29)
(237,38)
(238,60)
(239,44)
(240,30)
(241,18)
(1,3)
(2,84)
(5,47)
(9,7)
(11,10)
(52,1)
(53,13)
(56,14)
(57,4)
(59,5)
(571,11)
(572,3)
(573,1)
(574,62)
(575,12)
(576,4)
(577,5)
(578,5)
(579,108)
(581,8)
(93,22)
(94,16)
(95,30)
(97,110)
(98,9)
(99,4)
(100,18)
(101,18)
(102,11)
(60,1)
(61,2)
(62,6)
(63,5)
(64,4)
(65,7)
(66,4)
(67,10)
(68,21)
(582,47)
(584,28)
(586,83)
(589,5)
(591,20)
(1001,63)
(1002,112)
(1003,1)
(1004,9)
(103,9)
(104,13)
(106,24)
(107,26)
(108,3)
(110,30)
(111,21)
(112,18)
(115,12)
(145,46)
(146,3)
(149,52)
(151,49)
(156,16)
(160,15)
(161,1)
(163,2)
(164,11)
(166,15)
(168,17)
(169,8)
(170,45)
(171,4)
(172,14)
(173,7)
(176,26)
(179,2)
(1005,7)
(1006,42)
(1007,1)
(1008,2)
(1009,5)
(1014,105)
(1015,146)
(1016,119)
(1018,20)
(259,73)
(263,118)
(264,8)
(265,43)
(266,13)
(267,27)
(268,142)
(269,30)
(270,90)
(242,15)
(243,8)
(247,15)
(248,12)
(252,36)
(253,32)
(254,34)
(255,68)
(257,11)
(1019,19)
(1020,17)
(1021,7)
(1022,11)
(1023,17)
(1024,10)
(1025,61)
(1026,7)
(1027,19)
(1028,12)
(1029,31)
(1031,3)
(1032,3)
(1033,20)
(1034,18)
(1035,8)
(1036,18)
(1037,46)
(1038,2)
(1039,26)
(1040,10)
(1041,12)
(1042,8)
(1043,5)
(1045,2)
(1046,21)
(1047,4)
(1048,23)
(1049,6)
(1050,3)
(1051,1)
(1052,3)
(1053,7)
(1054,7)
(1055,6)
(1056,2)
(1057,2)
(1059,1)
(1061,16)
(1062,12)
(1066,10)
(1067,4)
(1068,3)
(1069,13)
(1070,25)
(10091,35)
(10092,10)
(10093,52)
(10094,48)
(10095,26)
(10096,54)
(10097,33)
(10098,32)
(10099,10)
(1093,10)
(1095,3)
(1097,17)
(1103,16)
(1104,12)
(1107,35)
(1108,5)
(1111,67)
(1113,64)
(10101,36)
(10104,18)
(10105,24)
(10106,9)
(10107,6)
(10108,18)
(10109,61)
(10111,5)
(10113,29)
(1114,24)
(1115,149)
(1121,4)
(1122,28)
(1123,16)
(1164,85)
(1165,148)
(1166,116)
(1167,71)
(1082,3)
(1083,2)
(1084,12)
(1085,9)
(1087,39)
(1088,13)
(1089,12)
(1091,13)
(1092,25)
(1168,24)
(1169,22)
(1170,5)
(1171,29)
(1173,45)
(1175,39)
(1176,25)
(1177,23)
(1180,181)
(10114,17)
(10115,38)
(10116,14)
(10117,33)
(10118,25)
(10119,7)
(10120,23)
(10121,13)
(10122,8)
(1414,165)
(1415,57)
(10002,22)
(10005,7)
(10006,12)
(10013,85)
(10014,10)
(10017,3)
(10053,4)
(10123,23)
(10124,25)
(10127,64)
(10128,37)
(10130,25)
(10131,32)
(10132,10)
(10133,92)
(10134,21)
(10081,9)
(10082,35)
(10084,38)
(10085,49)
(10086,28)
(10087,18)
(10088,14)
(10089,20)
(10090,22)
(10570,2)
(10571,12)
(10575,1)
(10578,6)
(10579,1)
(10580,1)
(10581,1)
(10582,2)
(10586,2)
(10135,40)
(10136,27)
(10140,39)
(10141,1)
(10142,20)
(10145,159)
(10146,60)
(10403,21)
(10405,20)
(10406,26)
(10408,10)
(10409,28)
(10410,65)
(10412,7)
(10414,25)
(10424,33)
(10568,36)
(10569,8)
