(79,1)
(82,8)
(85,2)
(87,12)
(88,3)
(93,4)
(94,4)
(95,3)
(137,7)
(139,6)
(142,3)
(143,10)
(144,8)
(145,10)
(146,1)
(234,3)
(236,9)
(237,3)
(239,1)
(240,1)
(241,1)
(242,5)
(572,1)
(574,4)
(576,2)
(579,4)
(581,1)
(582,6)
(584,4)
(586,4)
(1009,1)
(1014,9)
(1015,21)
(1016,9)
(1018,1)
(1019,1)
(1020,2)
(1182,14)
(1184,7)
(1186,2)
(1187,9)
(1301,8)
(1302,1)
(1413,15)
(1414,33)
(10017,1)
(10053,5)
(10056,3)
(10057,6)
(10058,3)
(10062,7)
(10064,5)
(10065,1)
(10066,7)
(10068,4)
(10070,1)
(10071,4)
(10072,8)
(10073,4)
(10075,3)
(10120,9)
(10121,4)
(10122,1)
(10123,3)
(10124,3)
(10127,2)
(10128,3)
(10130,3)
(59,1)
(61,1)
(62,1)
(64,1)
(65,1)
(66,1)
(67,3)
(106,4)
(107,7)
(110,2)
(111,10)
(112,13)
(115,7)
(116,3)
(170,11)
(171,1)
(172,2)
(173,4)
(176,6)
(179,5)
(181,15)
(184,2)
(259,10)
(263,16)
(265,3)
(266,2)
(267,1)
(268,1)
(269,3)
(68,5)
(69,7)
(72,4)
(73,3)
(74,2)
(75,7)
(78,13)
(1,13)
(2,22)
(5,8)
(9,1)
(52,2)
(53,3)
(56,8)
(57,6)
(119,3)
(120,1)
(121,1)
(122,2)
(127,5)
(129,9)
(132,4)
(136,3)
(1021,1)
(1022,6)
(1023,4)
(1024,4)
(1025,2)
(1026,12)
(1027,1)
(1028,1)
(1029,2)
(1031,2)
(1034,4)
(1036,3)
(1037,1)
(1039,5)
(1042,2)
(226,6)
(228,1)
(229,3)
(230,4)
(231,1)
(232,18)
(233,5)
(97,13)
(98,3)
(100,1)
(101,1)
(102,3)
(103,5)
(104,3)
(1415,4)
(10002,11)
(10005,10)
(10006,5)
(10007,5)
(10013,1)
(10014,9)
(149,26)
(161,2)
(163,3)
(164,2)
(166,9)
(168,1)
(169,2)
(270,13)
(272,5)
(274,6)
(275,5)
(388,2)
(522,1)
(571,1)
(10076,4)
(10077,6)
(10078,3)
(10079,7)
(10080,9)
(10081,4)
(10082,4)
(243,7)
(247,5)
(248,6)
(252,10)
(253,5)
(254,10)
(255,17)
(257,1)
(10092,1)
(10093,5)
(10094,10)
(10095,8)
(10096,4)
(10097,9)
(10098,6)
(10099,3)
(1043,3)
(1045,1)
(1046,1)
(1047,1)
(1049,1)
(1053,1)
(1055,2)
(10101,1)
(10104,1)
(10105,2)
(10106,1)
(10107,1)
(10108,7)
(10109,9)
(587,2)
(589,2)
(1001,7)
(1002,4)
(1003,3)
(1004,1)
(1006,2)
(1079,2)
(1080,1)
(1081,5)
(1082,2)
(1084,3)
(1085,1)
(1087,1)
(1056,4)
(1059,1)
(1062,2)
(1066,5)
(1067,3)
(1068,2)
(1069,4)
(1070,4)
(1089,1)
(1103,4)
(1104,1)
(1107,11)
(1108,2)
(1111,3)
(1113,1)
(1115,6)
(1072,2)
(1073,4)
(1074,2)
(1075,3)
(1076,5)
(1077,3)
(1078,4)
(1121,2)
(1123,5)
(1165,9)
(1166,14)
(1167,13)
(1168,5)
(1169,4)
(10131,3)
(10132,2)
(10133,13)
(10134,7)
(10135,2)
(10136,7)
(10140,11)
(1170,1)
(1171,16)
(1173,5)
(1175,5)
(1176,4)
(1180,7)
(1181,20)
(10142,5)
(10145,17)
(10146,8)
(10405,1)
(10406,10)
(10408,2)
(10409,2)
(10085,6)
(10086,11)
(10087,9)
(10088,10)
(10089,4)
(10090,2)
(10091,5)
(10111,1)
(10113,3)
(10115,4)
(10116,2)
(10117,2)
(10118,8)
(10119,1)
(10410,6)
(10412,2)
(10414,7)
(10424,6)
(10568,3)
(10569,1)
(10638,12)
