(60,4)
(62,3)
(63,4)
(64,7)
(65,1)
(66,23)
(67,12)
(68,17)
(69,34)
(106,20)
(107,22)
(110,18)
(111,13)
(112,21)
(115,18)
(116,6)
(118,5)
(119,9)
(169,4)
(170,45)
(171,29)
(172,19)
(173,31)
(176,37)
(179,43)
(181,90)
(182,14)
(264,5)
(265,29)
(266,20)
(267,21)
(268,27)
(269,31)
(270,161)
(272,28)
(274,57)
(1006,23)
(1007,5)
(1009,2)
(1010,1)
(1014,143)
(1015,133)
(1016,94)
(1018,19)
(1019,16)
(1074,7)
(1075,12)
(1076,9)
(1077,10)
(1078,8)
(1079,15)
(1080,8)
(1081,24)
(1082,21)
(1083,4)
(1084,3)
(1085,13)
(1087,32)
(1088,22)
(1089,20)
(1090,4)
(1091,18)
(1092,11)
(1413,105)
(1414,171)
(1415,42)
(10002,48)
(10006,20)
(10007,61)
(10013,2)
(10014,66)
(10017,6)
(10091,17)
(10092,15)
(10093,55)
(10094,16)
(10095,37)
(10096,41)
(10097,29)
(10098,52)
(10099,2)
(10101,51)
(10104,28)
(10105,11)
(10106,6)
(10107,5)
(10108,35)
(10109,59)
(10111,11)
(10113,23)
(10123,4)
(10124,2)
(10127,48)
(10128,10)
(10130,10)
(10131,16)
(10132,7)
(10133,22)
(10134,44)
(71,12)
(72,6)
(73,20)
(74,12)
(75,11)
(77,5)
(78,43)
(79,2)
(82,20)
(1,60)
(2,73)
(5,20)
(9,14)
(52,11)
(53,18)
(56,10)
(57,12)
(59,6)
(120,9)
(121,6)
(122,12)
(124,54)
(126,8)
(127,18)
(129,41)
(132,26)
(133,12)
(95,23)
(97,98)
(98,7)
(99,4)
(100,14)
(101,16)
(102,10)
(103,23)
(104,17)
(83,7)
(84,2)
(85,7)
(87,13)
(88,8)
(91,5)
(92,24)
(93,25)
(94,35)
(136,27)
(137,15)
(138,15)
(139,27)
(142,14)
(143,49)
(144,33)
(145,26)
(146,6)
(184,9)
(225,24)
(226,33)
(227,12)
(228,48)
(229,41)
(230,77)
(231,2)
(232,67)
(149,147)
(151,43)
(156,15)
(160,3)
(161,4)
(163,21)
(164,11)
(166,12)
(168,11)
(233,8)
(234,10)
(236,30)
(237,5)
(238,14)
(239,13)
(240,54)
(242,28)
(243,13)
(275,39)
(277,4)
(387,10)
(388,20)
(520,1)
(522,2)
(570,58)
(571,18)
(572,18)
(247,32)
(248,29)
(252,57)
(253,55)
(254,66)
(255,46)
(257,18)
(259,134)
(263,148)
(573,7)
(574,47)
(575,31)
(576,17)
(577,7)
(578,9)
(579,33)
(581,14)
(582,64)
(1039,14)
(1040,8)
(1041,11)
(1042,13)
(1043,7)
(1045,3)
(1046,36)
(1047,5)
(1048,10)
(584,21)
(586,58)
(587,14)
(589,12)
(1001,70)
(1002,70)
(1003,16)
(1004,5)
(1005,11)
(1020,8)
(1021,9)
(1022,28)
(1023,14)
(1024,15)
(1025,31)
(1026,25)
(1027,35)
(1028,40)
(1093,3)
(1095,4)
(1096,1)
(1097,24)
(1103,12)
(1104,5)
(1107,42)
(1108,9)
(1111,19)
(1029,22)
(1031,5)
(1033,4)
(1034,18)
(1035,12)
(1036,19)
(1037,25)
(1038,8)
(1112,2)
(1113,33)
(1114,4)
(1115,72)
(1121,20)
(1122,23)
(1123,23)
(1165,147)
(1166,142)
(1059,3)
(1061,29)
(1062,24)
(1067,4)
(1068,2)
(1069,6)
(1070,8)
(1072,16)
(1073,5)
(1049,10)
(1050,6)
(1051,3)
(1052,6)
(1053,8)
(1054,1)
(1055,6)
(1056,4)
(1057,8)
(1180,91)
(1181,133)
(1182,59)
(1184,22)
(1186,18)
(1187,35)
(1301,36)
(1302,3)
(1303,4)
(10053,10)
(10056,52)
(10057,50)
(10058,20)
(10062,37)
(10064,42)
(10065,10)
(10066,19)
(10068,8)
(10069,23)
(10070,10)
(10071,33)
(10072,25)
(10073,19)
(10075,15)
(10076,27)
(10077,27)
(10078,16)
(1167,46)
(1168,20)
(1169,32)
(1170,31)
(1171,154)
(1173,35)
(1175,53)
(1176,32)
(1177,13)
(10079,23)
(10080,39)
(10081,5)
(10082,20)
(10085,10)
(10086,37)
(10087,33)
(10088,18)
(10089,18)
(10135,9)
(10136,47)
(10140,40)
(10141,3)
(10142,13)
(10145,122)
(10146,52)
(10403,18)
(10405,4)
(10406,16)
(10408,12)
(10409,16)
(10410,14)
(10412,15)
(10414,5)
(10424,23)
(10568,50)
(10569,6)
(10114,1)
(10115,72)
(10116,7)
(10117,17)
(10118,53)
(10119,21)
(10120,17)
(10121,12)
(10122,13)
(10570,2)
(10572,1)
(10575,2)
(10580,12)
(10581,3)
(10582,19)
(10583,1)
(10638,89)
