(1,6)
(2,65)
(5,54)
(9,3)
(52,2)
(53,14)
(56,16)
(57,6)
(59,4)
(60,1)
(94,18)
(95,23)
(97,94)
(98,15)
(99,4)
(100,16)
(101,24)
(102,11)
(103,22)
(144,27)
(145,45)
(146,6)
(149,62)
(151,53)
(156,17)
(160,13)
(161,1)
(163,1)
(242,8)
(243,13)
(247,18)
(248,31)
(252,53)
(253,26)
(254,29)
(255,59)
(257,7)
(584,18)
(586,83)
(587,4)
(589,5)
(1001,56)
(1002,101)
(1003,1)
(1004,12)
(1005,5)
(1006,14)
(1007,1)
(1008,3)
(1010,1)
(1014,121)
(1015,127)
(1016,110)
(1018,13)
(1019,19)
(1020,8)
(1021,16)
(1022,18)
(1023,12)
(1024,13)
(1025,30)
(1026,8)
(1027,5)
(1028,3)
(1170,5)
(1171,29)
(1173,39)
(1175,34)
(1176,35)
(1177,16)
(1180,109)
(1181,14)
(1182,36)
(10085,31)
(10086,26)
(10087,19)
(10088,11)
(10089,18)
(10090,16)
(10091,23)
(10092,7)
(10093,37)
(10094,43)
(10095,24)
(10096,49)
(10097,24)
(10098,36)
(10099,15)
(10101,14)
(10104,21)
(10105,24)
(61,3)
(62,2)
(63,3)
(64,15)
(65,8)
(66,3)
(67,13)
(68,17)
(69,49)
(104,8)
(106,16)
(107,22)
(108,1)
(110,26)
(111,29)
(112,11)
(115,6)
(116,25)
(83,2)
(84,5)
(85,17)
(86,1)
(87,28)
(88,21)
(91,9)
(92,16)
(93,33)
(164,15)
(166,11)
(168,11)
(169,4)
(170,51)
(171,1)
(172,11)
(173,7)
(176,18)
(129,34)
(132,9)
(133,8)
(136,25)
(137,28)
(138,22)
(139,25)
(142,7)
(143,63)
(259,49)
(263,113)
(264,4)
(265,64)
(266,11)
(267,21)
(268,87)
(269,26)
(270,76)
(232,55)
(233,55)
(234,76)
(236,34)
(237,42)
(238,52)
(239,44)
(240,19)
(241,1)
(572,4)
(573,3)
(574,43)
(575,15)
(576,6)
(578,11)
(579,97)
(581,10)
(582,39)
(1029,39)
(1031,10)
(1033,20)
(1034,13)
(1035,9)
(1036,30)
(1037,42)
(1038,3)
(1039,24)
(1040,12)
(1041,7)
(1042,7)
(1043,14)
(1045,4)
(1046,25)
(1047,3)
(1048,21)
(1049,9)
(1050,2)
(71,17)
(72,16)
(73,29)
(74,14)
(75,17)
(77,5)
(78,35)
(79,13)
(82,15)
(1084,5)
(1085,13)
(1087,30)
(1088,12)
(1089,8)
(1090,1)
(1091,11)
(1092,14)
(1093,7)
(1121,3)
(1122,26)
(1123,14)
(1164,85)
(1165,137)
(1166,112)
(1167,54)
(1168,21)
(1169,15)
(118,4)
(119,7)
(120,15)
(121,7)
(122,5)
(124,18)
(126,1)
(127,12)
(128,1)
(1097,8)
(1103,18)
(1104,18)
(1107,30)
(1108,17)
(1111,57)
(1113,57)
(1114,21)
(1115,124)
(10058,6)
(10062,17)
(10064,30)
(10065,15)
(10066,16)
(10068,25)
(10069,24)
(10070,28)
(10071,40)
(10072,10)
(1186,20)
(1187,85)
(1301,1)
(1302,3)
(1303,7)
(1413,59)
(1414,166)
(1415,50)
(10002,34)
(181,36)
(182,21)
(184,12)
(225,16)
(226,119)
(227,17)
(228,61)
(229,41)
(230,37)
(231,19)
(10073,16)
(10075,5)
(10076,38)
(10077,25)
(10078,8)
(10079,17)
(10080,39)
(10081,18)
(10082,24)
(10128,27)
(10130,25)
(10131,12)
(10132,15)
(10133,108)
(10134,21)
(10135,36)
(10136,34)
(10140,35)
(272,24)
(275,38)
(277,8)
(387,1)
(388,29)
(520,6)
(522,1)
(570,60)
(571,6)
(10141,3)
(10142,21)
(10145,101)
(10146,65)
(10403,21)
(10405,39)
(10406,24)
(10408,5)
(10409,43)
(10117,30)
(10118,30)
(10119,11)
(10120,17)
(10121,15)
(10122,5)
(10123,15)
(10124,15)
(10127,66)
(1051,4)
(1052,3)
(1053,11)
(1054,2)
(1055,6)
(1056,1)
(1057,7)
(1059,3)
(1061,14)
(1062,14)
(1066,12)
(1067,3)
(1068,3)
(1069,13)
(1070,18)
(1072,3)
(1073,8)
(1074,7)
(1075,10)
(1076,11)
(1077,5)
(1078,4)
(1079,5)
(1080,7)
(1081,4)
(1082,3)
(1083,2)
(10005,20)
(10006,14)
(10007,4)
(10013,67)
(10014,8)
(10017,5)
(10053,4)
(10056,38)
(10057,57)
(10106,8)
(10107,7)
(10108,15)
(10109,35)
(10111,8)
(10113,25)
(10114,11)
(10115,42)
(10116,9)
(10410,119)
(10414,19)
(10424,40)
(10568,37)
(10569,8)
(10570,3)
(10571,1)
(10572,1)
(10574,2)
(10575,3)
(10580,1)
(10581,5)
(10583,1)
(10584,1)
(10585,9)
(10610,1)
(10618,1)
(10638,69)
