(62,2)
(64,2)
(65,1)
(67,1)
(68,3)
(69,7)
(106,3)
(107,3)
(110,4)
(111,6)
(112,3)
(116,2)
(170,5)
(172,1)
(173,1)
(176,2)
(179,2)
(181,3)
(253,2)
(254,7)
(255,7)
(257,2)
(259,9)
(263,13)
(264,1)
(1029,4)
(1031,1)
(1033,2)
(1036,2)
(1039,1)
(1040,1)
(1042,2)
(1046,2)
(1048,1)
(1049,1)
(1050,2)
(1051,1)
(1111,4)
(1113,2)
(1114,4)
(1115,21)
(1165,15)
(1166,6)
(10006,5)
(10013,7)
(10017,1)
(10056,1)
(10057,2)
(10058,5)
(10109,4)
(10111,1)
(10115,2)
(10117,4)
(10118,2)
(10119,3)
(10120,4)
(10121,1)
(10123,2)
(10124,2)
(10127,7)
(10128,6)
(10130,3)
(71,1)
(74,2)
(75,1)
(77,1)
(78,5)
(79,1)
(82,4)
(1,25)
(2,8)
(5,7)
(53,1)
(56,2)
(57,1)
(59,4)
(120,2)
(124,1)
(129,7)
(132,2)
(133,1)
(136,6)
(137,2)
(95,4)
(97,10)
(98,3)
(100,5)
(101,1)
(102,4)
(104,5)
(149,3)
(160,2)
(161,2)
(164,3)
(166,6)
(168,3)
(169,1)
(182,4)
(225,1)
(226,19)
(228,7)
(229,2)
(230,4)
(83,2)
(87,4)
(91,1)
(92,1)
(93,6)
(94,1)
(240,1)
(242,5)
(243,1)
(247,1)
(248,2)
(252,4)
(138,2)
(139,1)
(142,4)
(143,4)
(144,2)
(145,2)
(265,7)
(266,1)
(267,5)
(268,6)
(269,2)
(270,8)
(1014,10)
(1015,22)
(1016,11)
(1018,6)
(1019,5)
(1020,1)
(232,12)
(233,2)
(234,14)
(236,4)
(237,6)
(238,3)
(239,6)
(571,2)
(574,1)
(575,1)
(579,16)
(582,5)
(584,3)
(1022,3)
(1023,3)
(1024,3)
(1025,2)
(1026,3)
(1027,1)
(1028,2)
(272,2)
(274,9)
(275,2)
(277,2)
(388,3)
(520,1)
(522,1)
(1087,4)
(1089,1)
(1092,3)
(1097,1)
(1103,2)
(1107,6)
(1108,1)
(586,3)
(587,2)
(589,2)
(1001,4)
(1002,6)
(1004,1)
(1009,1)
(1052,1)
(1066,2)
(1069,4)
(1070,1)
(1072,1)
(1073,1)
(1074,2)
(1176,2)
(1177,3)
(1180,9)
(1181,3)
(1182,1)
(1184,1)
(1187,15)
(1303,1)
(1413,4)
(1414,24)
(1415,3)
(10002,2)
(10005,3)
(1075,2)
(1077,2)
(1079,2)
(1081,2)
(1084,1)
(1085,1)
(10070,4)
(10071,2)
(10072,1)
(10073,1)
(10076,5)
(10077,2)
(10078,1)
(10079,5)
(10080,2)
(10081,4)
(10085,2)
(10086,3)
(10087,1)
(1167,14)
(1168,4)
(1169,3)
(1170,1)
(1171,3)
(1173,7)
(1175,3)
(10088,2)
(10090,5)
(10091,4)
(10092,2)
(10093,4)
(10094,7)
(10097,4)
(10145,11)
(10146,9)
(10403,2)
(10405,5)
(10406,9)
(10408,1)
(10062,1)
(10064,3)
(10065,1)
(10066,2)
(10068,7)
(10069,1)
(10098,2)
(10104,3)
(10105,3)
(10106,2)
(10107,1)
(10108,3)
(10131,4)
(10133,6)
(10134,1)
(10135,1)
(10136,1)
(10140,4)
(10142,3)
(10409,4)
(10410,6)
(10424,9)
(10569,1)
(10582,1)
(10638,10)
