(59,5)
(60,2)
(61,3)
(62,7)
(63,3)
(64,9)
(65,11)
(66,8)
(67,21)
(102,5)
(103,21)
(104,12)
(106,18)
(107,25)
(108,4)
(110,44)
(111,22)
(112,28)
(164,5)
(166,15)
(168,16)
(169,6)
(170,50)
(172,19)
(173,6)
(176,30)
(179,1)
(259,73)
(263,114)
(264,6)
(265,45)
(266,16)
(267,34)
(268,104)
(269,21)
(270,115)
(584,38)
(586,86)
(587,11)
(589,3)
(591,20)
(1001,50)
(1002,88)
(1004,8)
(1005,4)
(1061,17)
(1062,12)
(1066,3)
(1067,8)
(1068,5)
(1069,14)
(1070,22)
(1072,8)
(1073,3)
(1170,10)
(1171,49)
(1173,54)
(1175,43)
(1176,29)
(1177,25)
(1180,104)
(1181,14)
(1182,38)
(10072,17)
(10073,22)
(10075,10)
(10076,35)
(10077,18)
(10078,6)
(10079,43)
(10080,52)
(10081,13)
(10105,22)
(10106,7)
(10107,9)
(10108,17)
(10109,57)
(10111,10)
(10113,33)
(10114,15)
(10115,53)
(10116,13)
(10117,28)
(10118,39)
(10119,9)
(10120,27)
(10121,27)
(10122,4)
(10123,33)
(10124,19)
(68,27)
(69,36)
(71,10)
(72,15)
(73,31)
(74,12)
(75,12)
(77,9)
(78,35)
(115,9)
(116,21)
(118,2)
(119,9)
(120,3)
(121,18)
(122,11)
(124,24)
(126,5)
(1,6)
(2,89)
(5,39)
(9,6)
(11,1)
(52,3)
(53,10)
(56,18)
(57,6)
(92,18)
(93,19)
(94,22)
(95,29)
(97,117)
(98,9)
(99,2)
(100,18)
(101,27)
(181,48)
(182,22)
(225,28)
(226,61)
(227,18)
(228,59)
(229,40)
(230,48)
(231,23)
(79,10)
(82,23)
(83,1)
(84,3)
(85,22)
(86,1)
(87,20)
(88,18)
(91,10)
(129,43)
(132,8)
(133,17)
(136,37)
(137,23)
(138,21)
(139,27)
(142,16)
(143,80)
(272,33)
(274,76)
(275,28)
(277,5)
(388,27)
(520,2)
(570,38)
(571,9)
(572,6)
(1006,43)
(1007,2)
(1008,2)
(1009,5)
(1014,119)
(1015,143)
(1016,130)
(1018,10)
(1019,25)
(144,18)
(145,41)
(146,3)
(149,63)
(151,57)
(156,15)
(160,15)
(161,2)
(163,3)
(232,77)
(233,57)
(234,107)
(236,42)
(237,29)
(238,41)
(239,32)
(240,22)
(241,16)
(573,3)
(574,42)
(575,14)
(576,8)
(577,5)
(578,3)
(579,122)
(581,10)
(582,46)
(242,19)
(243,8)
(247,25)
(248,28)
(252,45)
(253,28)
(254,27)
(255,64)
(257,8)
(1039,17)
(1040,8)
(1041,12)
(1042,15)
(1043,10)
(1046,26)
(1047,4)
(1048,27)
(1049,11)
(1050,2)
(1051,2)
(1052,3)
(1053,11)
(1054,2)
(1055,3)
(1056,6)
(1057,8)
(1059,4)
(1083,4)
(1084,11)
(1085,10)
(1087,32)
(1088,11)
(1089,15)
(1091,14)
(1092,20)
(1093,7)
(1020,13)
(1021,14)
(1022,18)
(1023,21)
(1024,11)
(1025,41)
(1026,13)
(1027,15)
(1028,4)
(10058,7)
(10062,25)
(10064,23)
(10065,15)
(10066,15)
(10068,29)
(10069,31)
(10070,42)
(10071,44)
(1074,8)
(1075,11)
(1076,12)
(1077,10)
(1078,4)
(1079,5)
(1080,8)
(1081,2)
(1082,5)
(1029,50)
(1031,12)
(1033,21)
(1034,21)
(1035,7)
(1036,30)
(1037,39)
(1038,9)
(1121,10)
(1122,26)
(1123,6)
(1164,92)
(1165,116)
(1166,107)
(1167,73)
(1168,27)
(1169,10)
(10140,40)
(10141,3)
(10142,35)
(10145,129)
(10146,76)
(10403,15)
(10405,16)
(10406,20)
(10408,10)
(1097,12)
(1103,14)
(1104,24)
(1107,36)
(1108,17)
(1111,67)
(1113,58)
(1114,26)
(1115,113)
(10409,34)
(10410,56)
(10412,5)
(10414,20)
(10424,34)
(10568,46)
(10569,13)
(10571,5)
(10572,1)
(10002,22)
(10005,11)
(10006,25)
(10013,67)
(10014,13)
(10017,1)
(10053,3)
(10056,51)
(10057,58)
(1184,4)
(1186,16)
(1187,101)
(1301,2)
(1302,1)
(1303,6)
(1413,53)
(1414,175)
(1415,52)
(10127,64)
(10128,42)
(10130,22)
(10131,15)
(10132,16)
(10133,89)
(10134,26)
(10135,42)
(10136,35)
(10082,59)
(10085,39)
(10086,27)
(10087,25)
(10088,15)
(10089,22)
(10090,12)
(10091,31)
(10092,6)
(10573,1)
(10574,1)
(10578,13)
(10582,2)
(10585,3)
(10586,6)
(10587,1)
(10638,78)
(10093,57)
(10094,49)
(10095,26)
(10096,45)
(10097,43)
(10098,36)
(10099,11)
(10101,17)
(10104,24)
