(59,4)
(60,2)
(62,1)
(63,2)
(64,7)
(65,1)
(66,8)
(67,8)
(68,11)
(104,8)
(106,10)
(107,25)
(108,1)
(110,17)
(111,20)
(112,21)
(115,12)
(166,13)
(168,7)
(169,4)
(170,68)
(171,15)
(172,13)
(173,8)
(176,14)
(259,13)
(263,42)
(264,4)
(265,10)
(266,6)
(267,4)
(268,15)
(269,10)
(270,56)
(1025,5)
(1026,13)
(1027,3)
(1028,5)
(1029,3)
(1031,4)
(1033,5)
(1034,7)
(1035,6)
(1036,35)
(1037,1)
(1038,2)
(1039,9)
(1040,4)
(1041,9)
(1042,7)
(1043,1)
(1054,1)
(1055,3)
(1056,14)
(1057,5)
(1059,2)
(1061,3)
(1062,8)
(1066,9)
(1067,8)
(1122,7)
(1123,11)
(1165,76)
(1166,54)
(1167,23)
(1168,14)
(1169,17)
(1170,33)
(1171,59)
(10076,32)
(10077,27)
(10078,7)
(10079,20)
(10080,25)
(10081,7)
(10082,16)
(10084,6)
(10085,15)
(10095,12)
(10096,24)
(10097,32)
(10098,31)
(10099,4)
(10101,3)
(10104,7)
(10105,8)
(10106,16)
(69,25)
(71,3)
(72,9)
(73,16)
(74,5)
(75,9)
(77,2)
(78,34)
(79,6)
(116,13)
(118,5)
(119,10)
(120,3)
(121,3)
(122,8)
(124,28)
(127,17)
(129,25)
(1,83)
(2,54)
(5,15)
(9,3)
(11,11)
(52,7)
(53,10)
(56,16)
(57,9)
(94,20)
(95,8)
(97,44)
(98,8)
(99,5)
(100,9)
(101,14)
(102,14)
(103,17)
(82,21)
(83,5)
(84,9)
(85,15)
(87,26)
(88,7)
(91,7)
(92,7)
(93,14)
(179,32)
(181,52)
(182,18)
(225,2)
(226,29)
(227,7)
(228,25)
(229,7)
(230,25)
(132,7)
(133,6)
(136,20)
(137,28)
(138,10)
(139,18)
(142,2)
(143,79)
(144,21)
(232,23)
(233,5)
(234,3)
(236,19)
(237,8)
(238,2)
(239,12)
(240,12)
(241,8)
(145,38)
(146,3)
(149,76)
(151,25)
(156,4)
(160,2)
(161,1)
(163,2)
(164,11)
(272,12)
(274,40)
(275,22)
(277,3)
(387,2)
(388,8)
(520,1)
(522,3)
(570,16)
(571,16)
(572,7)
(573,8)
(574,18)
(575,15)
(576,14)
(577,4)
(578,2)
(1078,11)
(1079,11)
(1080,13)
(1081,10)
(1082,14)
(1083,6)
(1084,9)
(1085,5)
(1087,10)
(579,11)
(581,8)
(582,29)
(584,9)
(586,19)
(587,1)
(589,5)
(590,12)
(591,25)
(242,10)
(243,6)
(247,11)
(248,9)
(252,51)
(253,26)
(254,31)
(255,58)
(257,11)
(1173,11)
(1175,19)
(1176,10)
(1177,6)
(1180,24)
(1181,55)
(1182,31)
(1184,23)
(1186,2)
(1015,64)
(1016,28)
(1018,2)
(1019,9)
(1020,4)
(1021,4)
(1022,17)
(1023,22)
(1024,10)
(1001,18)
(1002,32)
(1003,10)
(1005,1)
(1006,6)
(1007,3)
(1008,1)
(1009,2)
(1014,44)
(1088,4)
(1089,8)
(1090,1)
(1091,2)
(1092,3)
(1095,1)
(1097,13)
(1103,5)
(1187,23)
(1301,29)
(1302,7)
(1303,3)
(1413,43)
(1414,134)
(1415,7)
(10002,25)
(10007,16)
(1045,1)
(1046,10)
(1047,2)
(1048,1)
(1049,9)
(1050,2)
(1051,3)
(1052,1)
(1053,5)
(10014,28)
(10017,4)
(10053,22)
(10056,22)
(10057,24)
(10058,4)
(10062,17)
(10064,15)
(1068,3)
(1069,11)
(1070,12)
(1072,15)
(1073,17)
(1074,6)
(1075,4)
(1076,3)
(1077,12)
(10412,1)
(10414,18)
(10424,35)
(10568,13)
(10569,15)
(10582,6)
(10583,3)
(10638,47)
(1104,2)
(1107,33)
(1108,10)
(1111,7)
(1112,1)
(1113,17)
(1114,2)
(1115,23)
(1121,8)
(10065,11)
(10066,15)
(10068,17)
(10069,10)
(10070,7)
(10071,20)
(10072,16)
(10073,22)
(10075,6)
(10086,10)
(10087,20)
(10088,14)
(10089,12)
(10090,4)
(10091,39)
(10092,5)
(10093,43)
(10094,27)
(10107,9)
(10108,20)
(10109,19)
(10111,14)
(10113,8)
(10114,2)
(10115,13)
(10116,12)
(10117,21)
(10118,11)
(10119,19)
(10120,31)
(10121,22)
(10122,10)
(10123,8)
(10124,2)
(10127,25)
(10141,3)
(10142,30)
(10145,51)
(10146,55)
(10405,2)
(10406,17)
(10408,14)
(10409,8)
(10410,14)
(10128,16)
(10130,7)
(10131,18)
(10132,20)
(10133,29)
(10134,30)
(10135,23)
(10136,24)
(10140,32)
