(71,8)
(72,11)
(73,11)
(74,7)
(75,4)
(77,4)
(78,54)
(79,10)
(82,5)
(119,16)
(120,4)
(121,6)
(122,10)
(124,6)
(126,4)
(129,66)
(132,22)
(133,13)
(184,19)
(225,14)
(226,138)
(227,8)
(228,98)
(229,41)
(230,82)
(231,33)
(274,67)
(275,29)
(277,2)
(387,2)
(388,27)
(520,7)
(570,30)
(571,14)
(572,5)
(1093,8)
(1095,4)
(1097,22)
(1103,21)
(1104,29)
(1107,38)
(1108,12)
(1111,75)
(1112,1)
(1167,78)
(1168,34)
(1169,26)
(1170,21)
(1171,41)
(1173,54)
(1175,41)
(1176,28)
(1177,29)
(1180,131)
(1181,12)
(1182,28)
(1184,3)
(1186,13)
(1187,104)
(1302,4)
(1303,12)
(1413,40)
(10053,3)
(10056,80)
(10057,67)
(10058,19)
(10062,25)
(10064,42)
(10065,28)
(10066,30)
(61,2)
(62,3)
(63,8)
(64,5)
(65,7)
(66,6)
(67,13)
(68,22)
(69,25)
(104,13)
(106,24)
(107,16)
(110,50)
(111,42)
(112,26)
(115,2)
(116,29)
(118,1)
(169,2)
(170,75)
(171,11)
(172,7)
(173,2)
(176,29)
(179,1)
(181,37)
(182,20)
(263,157)
(264,5)
(265,47)
(266,11)
(267,38)
(268,122)
(269,24)
(270,90)
(272,39)
(1021,13)
(1022,17)
(1023,32)
(1024,12)
(1025,20)
(1026,7)
(1027,4)
(1028,3)
(1029,20)
(1031,11)
(1033,26)
(1034,20)
(1035,5)
(1036,67)
(1037,28)
(1038,7)
(1039,33)
(1040,13)
(1,8)
(2,72)
(5,62)
(9,9)
(52,6)
(53,16)
(56,15)
(57,2)
(59,4)
(83,5)
(84,21)
(85,17)
(86,1)
(87,12)
(88,11)
(91,16)
(92,27)
(93,36)
(1083,5)
(1084,15)
(1085,13)
(1087,47)
(1088,13)
(1089,5)
(1090,1)
(1091,18)
(1092,25)
(136,35)
(137,28)
(138,22)
(139,29)
(142,9)
(143,119)
(144,20)
(145,60)
(146,6)
(94,16)
(95,31)
(97,90)
(98,28)
(99,7)
(100,17)
(101,19)
(102,12)
(103,19)
(10068,5)
(10069,30)
(10070,29)
(10071,48)
(10072,6)
(10073,14)
(10075,9)
(10076,10)
(10077,7)
(149,64)
(151,63)
(156,23)
(160,10)
(161,5)
(163,5)
(164,4)
(166,11)
(168,9)
(10078,10)
(10079,16)
(10080,57)
(10081,24)
(10082,12)
(10085,12)
(10086,27)
(10087,46)
(10088,17)
(232,93)
(233,78)
(234,113)
(236,28)
(237,42)
(238,57)
(239,42)
(240,11)
(242,17)
(243,20)
(247,22)
(248,33)
(252,62)
(253,18)
(254,24)
(255,79)
(257,5)
(259,87)
(573,8)
(574,53)
(575,18)
(576,8)
(577,3)
(578,11)
(579,138)
(581,3)
(582,41)
(10111,8)
(10113,24)
(10114,7)
(10115,52)
(10116,3)
(10117,43)
(10118,32)
(10119,20)
(10120,9)
(10403,24)
(10405,8)
(10406,12)
(10408,6)
(10409,29)
(10410,69)
(10412,2)
(10414,13)
(10424,23)
(584,42)
(586,85)
(587,5)
(589,3)
(1001,82)
(1002,107)
(1004,8)
(1005,7)
(1006,8)
(1007,1)
(1008,2)
(1009,2)
(1014,143)
(1015,160)
(1016,115)
(1018,10)
(1019,22)
(1020,15)
(1050,5)
(1051,3)
(1052,8)
(1053,12)
(1054,4)
(1055,10)
(1056,4)
(1057,10)
(1059,3)
(1041,13)
(1042,16)
(1043,17)
(1045,3)
(1046,18)
(1047,4)
(1048,23)
(1049,9)
(1061,19)
(1062,15)
(1066,6)
(1067,9)
(1068,4)
(1069,12)
(1070,21)
(1072,8)
(1073,5)
(1113,53)
(1114,26)
(1115,134)
(1121,6)
(1122,41)
(1123,13)
(1164,71)
(1165,120)
(1166,143)
(1074,14)
(1075,11)
(1076,9)
(1077,6)
(1078,3)
(1079,2)
(1080,3)
(1081,10)
(1082,2)
(1414,198)
(1415,62)
(10002,36)
(10005,9)
(10006,25)
(10007,1)
(10013,72)
(10014,7)
(10017,5)
(10089,30)
(10090,5)
(10091,7)
(10092,6)
(10093,64)
(10094,10)
(10095,21)
(10096,25)
(10097,12)
(10098,15)
(10099,11)
(10101,6)
(10104,27)
(10105,2)
(10106,10)
(10107,2)
(10108,24)
(10109,50)
(10133,36)
(10134,40)
(10135,19)
(10136,48)
(10140,16)
(10141,1)
(10142,26)
(10145,84)
(10146,83)
(10121,15)
(10122,11)
(10123,12)
(10124,6)
(10127,78)
(10128,21)
(10130,19)
(10131,11)
(10132,3)
(10568,54)
(10569,10)
(10570,1)
(10575,5)
(10576,1)
(10580,10)
(10582,2)
(10638,58)
