(61,1)
(62,8)
(63,5)
(64,11)
(65,4)
(66,19)
(67,22)
(68,13)
(69,40)
(104,8)
(106,14)
(107,25)
(108,4)
(110,29)
(111,28)
(112,21)
(115,20)
(116,4)
(164,11)
(166,25)
(168,15)
(169,4)
(170,78)
(171,20)
(172,22)
(173,15)
(176,32)
(259,75)
(263,94)
(264,7)
(265,14)
(266,16)
(267,2)
(268,25)
(269,36)
(270,122)
(581,14)
(582,64)
(584,16)
(586,63)
(587,8)
(589,12)
(1001,54)
(1002,70)
(1003,8)
(1016,93)
(1018,7)
(1019,2)
(1020,7)
(1021,9)
(1022,36)
(1023,13)
(1024,13)
(1025,26)
(1026,39)
(1027,11)
(1028,33)
(1029,5)
(1031,6)
(1033,4)
(1034,24)
(1035,8)
(1036,25)
(10069,12)
(10070,10)
(10071,24)
(10072,25)
(10073,15)
(10075,18)
(10076,62)
(10077,50)
(10078,23)
(10079,40)
(10080,36)
(10081,5)
(10082,34)
(10085,77)
(10086,22)
(10087,33)
(10088,10)
(10089,17)
(10099,3)
(10101,12)
(10104,30)
(10105,20)
(10106,13)
(10107,6)
(10108,35)
(10109,57)
(10111,9)
(71,13)
(72,17)
(73,33)
(74,9)
(75,24)
(77,5)
(78,43)
(79,7)
(82,29)
(1,40)
(2,49)
(5,20)
(9,10)
(52,10)
(53,18)
(56,17)
(57,17)
(59,6)
(60,7)
(118,4)
(119,4)
(120,8)
(121,6)
(122,16)
(124,41)
(126,17)
(127,17)
(128,4)
(94,23)
(95,25)
(97,78)
(98,6)
(99,4)
(100,9)
(101,15)
(102,16)
(103,32)
(83,6)
(84,6)
(85,16)
(86,2)
(87,29)
(88,17)
(91,4)
(92,17)
(93,27)
(179,42)
(181,85)
(182,34)
(225,40)
(226,39)
(227,15)
(228,44)
(229,15)
(230,41)
(231,6)
(144,24)
(145,44)
(146,6)
(149,113)
(151,32)
(156,9)
(160,1)
(161,4)
(163,11)
(129,61)
(132,17)
(133,7)
(136,41)
(137,30)
(138,21)
(139,29)
(142,3)
(143,59)
(272,13)
(274,57)
(275,50)
(277,2)
(387,7)
(388,19)
(520,4)
(522,3)
(570,47)
(242,19)
(243,9)
(247,36)
(248,24)
(252,72)
(253,40)
(254,39)
(255,38)
(257,21)
(1059,1)
(1061,16)
(1062,18)
(1066,10)
(1067,7)
(1068,2)
(1069,10)
(1070,9)
(1072,6)
(232,42)
(233,11)
(234,11)
(236,18)
(237,5)
(238,22)
(239,21)
(240,51)
(241,2)
(1004,4)
(1005,21)
(1006,20)
(1007,6)
(1008,1)
(1009,1)
(1010,1)
(1014,113)
(1015,141)
(571,19)
(572,7)
(573,17)
(574,48)
(575,28)
(576,14)
(577,5)
(578,9)
(579,31)
(1166,123)
(1167,59)
(1168,22)
(1169,32)
(1170,29)
(1171,74)
(1173,44)
(1175,22)
(1176,12)
(1037,22)
(1038,4)
(1039,17)
(1040,6)
(1041,8)
(1042,13)
(1043,12)
(1046,18)
(1047,4)
(1048,6)
(1049,4)
(1050,1)
(1051,4)
(1052,11)
(1053,6)
(1054,5)
(1055,5)
(1056,9)
(1057,7)
(1303,7)
(1413,81)
(1414,164)
(1415,26)
(10002,59)
(10006,38)
(10007,75)
(10013,8)
(10014,36)
(1073,7)
(1074,2)
(1075,13)
(1076,11)
(1077,3)
(1078,4)
(1079,6)
(1080,9)
(1081,12)
(1082,27)
(1083,4)
(1084,16)
(1085,5)
(1087,10)
(1088,14)
(1089,12)
(1090,2)
(1091,12)
(10017,6)
(10053,13)
(10056,38)
(10057,39)
(10058,9)
(10062,25)
(10064,40)
(10065,9)
(10066,13)
(10068,28)
(1112,1)
(1113,35)
(1114,2)
(1115,35)
(1121,28)
(1122,24)
(1123,28)
(1164,10)
(1165,124)
(1092,5)
(1095,2)
(1096,1)
(1097,15)
(1103,16)
(1104,3)
(1107,43)
(1108,7)
(1111,18)
(10569,8)
(10570,3)
(10578,1)
(10579,3)
(10580,2)
(10582,19)
(10583,5)
(10586,1)
(10638,70)
(10090,4)
(10091,47)
(10092,14)
(10093,37)
(10094,23)
(10095,24)
(10096,32)
(10097,53)
(10098,53)
(10134,59)
(10135,41)
(10136,39)
(10140,48)
(10141,3)
(10142,32)
(10145,76)
(10146,50)
(10403,5)
(1177,10)
(1180,66)
(1181,117)
(1182,71)
(1184,25)
(1186,15)
(1187,22)
(1301,46)
(1302,7)
(10113,27)
(10114,3)
(10115,37)
(10116,17)
(10117,28)
(10118,26)
(10119,11)
(10120,32)
(10121,21)
(10405,1)
(10406,16)
(10408,15)
(10409,32)
(10410,14)
(10412,4)
(10414,15)
(10424,31)
(10568,39)
(10122,5)
(10123,10)
(10124,6)
(10127,31)
(10128,12)
(10130,18)
(10131,25)
(10132,18)
(10133,56)
