(69,56)
(71,9)
(72,10)
(73,23)
(74,18)
(75,20)
(77,9)
(78,44)
(79,13)
(118,10)
(119,15)
(120,17)
(121,7)
(122,20)
(124,74)
(126,26)
(127,24)
(129,81)
(182,53)
(225,28)
(226,39)
(227,16)
(228,29)
(229,26)
(230,89)
(231,2)
(232,70)
(274,88)
(275,40)
(277,4)
(387,3)
(388,15)
(520,4)
(522,4)
(570,72)
(571,19)
(572,13)
(584,21)
(586,53)
(587,2)
(589,11)
(590,17)
(591,25)
(1001,173)
(1002,79)
(1003,20)
(1027,21)
(1028,21)
(1029,12)
(1031,9)
(1032,2)
(1033,6)
(1034,57)
(1035,21)
(1036,77)
(1180,77)
(1181,118)
(1182,98)
(1184,36)
(1186,15)
(1187,29)
(1301,42)
(1302,14)
(1303,9)
(10071,90)
(10072,52)
(10073,17)
(10075,19)
(10076,73)
(10077,49)
(10078,32)
(10079,65)
(10080,61)
(10081,11)
(10082,59)
(10084,10)
(10085,50)
(10086,42)
(10087,93)
(10088,38)
(10089,22)
(10090,11)
(10114,2)
(10115,50)
(10116,31)
(10117,58)
(10118,36)
(10119,36)
(10120,68)
(10121,42)
(10122,11)
(10123,27)
(1,62)
(2,85)
(5,88)
(9,12)
(11,34)
(52,4)
(53,30)
(56,41)
(57,20)
(59,12)
(93,34)
(94,43)
(95,38)
(97,86)
(98,7)
(99,4)
(100,13)
(101,23)
(102,43)
(103,18)
(60,6)
(61,2)
(62,3)
(63,11)
(64,16)
(65,6)
(66,8)
(67,39)
(68,32)
(145,127)
(146,3)
(149,208)
(151,64)
(156,19)
(160,1)
(161,16)
(163,11)
(164,13)
(82,51)
(83,15)
(84,22)
(85,20)
(86,2)
(87,44)
(88,31)
(91,9)
(92,36)
(104,9)
(106,19)
(107,28)
(108,9)
(110,37)
(111,43)
(112,51)
(115,26)
(116,29)
(243,9)
(247,37)
(248,16)
(252,71)
(253,58)
(254,69)
(255,100)
(257,31)
(259,74)
(132,29)
(133,20)
(136,58)
(137,60)
(138,31)
(139,42)
(142,6)
(143,139)
(144,24)
(1018,14)
(1019,5)
(1020,7)
(1021,14)
(1022,87)
(1023,31)
(1024,7)
(1025,18)
(1026,45)
(166,40)
(168,24)
(169,8)
(170,135)
(171,21)
(172,6)
(173,24)
(176,25)
(179,84)
(181,107)
(233,9)
(234,8)
(236,62)
(237,15)
(238,24)
(239,37)
(240,67)
(241,17)
(242,45)
(1037,35)
(1038,8)
(1039,13)
(1040,8)
(1041,25)
(1042,26)
(1043,8)
(1046,38)
(1047,5)
(1048,5)
(573,16)
(574,50)
(575,41)
(576,33)
(577,6)
(578,16)
(579,41)
(581,45)
(582,80)
(263,111)
(264,6)
(265,23)
(266,15)
(267,18)
(268,35)
(269,19)
(270,96)
(272,21)
(1059,5)
(1061,14)
(1062,21)
(1066,9)
(1067,13)
(1068,9)
(1069,15)
(1070,15)
(1072,12)
(1004,4)
(1005,4)
(1006,27)
(1007,11)
(1009,4)
(1010,3)
(1014,148)
(1015,211)
(1016,117)
(1073,5)
(1074,5)
(1075,7)
(1076,11)
(1077,8)
(1078,8)
(1079,17)
(1080,9)
(1081,54)
(1413,59)
(1414,201)
(1415,21)
(10002,47)
(10005,1)
(10007,59)
(10014,55)
(10017,22)
(10053,32)
(1049,19)
(1050,8)
(1051,16)
(1052,14)
(1053,10)
(1054,7)
(1055,10)
(1056,9)
(1057,17)
(1082,25)
(1083,10)
(1084,14)
(1085,14)
(1087,41)
(1088,21)
(1089,20)
(1090,2)
(1091,12)
(10408,39)
(10409,59)
(10410,50)
(10412,7)
(10414,24)
(10424,59)
(10568,54)
(10569,14)
(10571,1)
(1092,8)
(1095,1)
(1096,6)
(1097,25)
(1103,28)
(1104,11)
(1107,77)
(1108,12)
(1111,26)
(1112,8)
(1113,43)
(1114,6)
(1115,116)
(1121,26)
(1122,45)
(1123,36)
(1164,14)
(1165,184)
(1166,101)
(10056,82)
(10057,80)
(10058,14)
(10062,46)
(10064,68)
(10065,20)
(10066,24)
(10068,41)
(10069,30)
(10070,21)
(1167,75)
(1168,26)
(1169,37)
(1170,38)
(1171,124)
(1173,34)
(1175,51)
(1176,13)
(1177,15)
(10091,87)
(10092,20)
(10093,39)
(10094,60)
(10095,31)
(10096,111)
(10097,70)
(10098,116)
(10099,20)
(10101,16)
(10104,41)
(10105,33)
(10106,28)
(10107,10)
(10108,46)
(10109,100)
(10111,28)
(10113,40)
(10136,104)
(10140,48)
(10141,6)
(10142,77)
(10145,66)
(10146,68)
(10403,19)
(10405,2)
(10406,26)
(10124,4)
(10127,51)
(10128,28)
(10130,22)
(10131,43)
(10132,60)
(10133,102)
(10134,66)
(10135,43)
(10574,3)
(10575,4)
(10580,3)
(10581,1)
(10582,40)
(10583,2)
(10584,2)
(10585,1)
(10638,84)
