(1,5)
(2,89)
(5,85)
(9,10)
(11,3)
(52,4)
(53,18)
(56,14)
(57,6)
(93,26)
(94,21)
(95,47)
(97,141)
(98,16)
(99,11)
(100,22)
(101,28)
(102,1)
(144,12)
(145,43)
(146,10)
(149,79)
(151,40)
(156,23)
(160,32)
(161,2)
(163,2)
(241,21)
(242,19)
(243,11)
(247,26)
(248,40)
(252,53)
(253,22)
(254,32)
(255,78)
(1005,7)
(1006,48)
(1007,4)
(1008,4)
(1009,14)
(1014,112)
(1015,179)
(1016,104)
(1018,20)
(1019,31)
(1020,18)
(1021,11)
(1022,14)
(1023,17)
(1024,13)
(1025,48)
(1026,15)
(1027,17)
(1028,16)
(1029,18)
(1031,15)
(1032,2)
(1033,32)
(1034,14)
(1035,7)
(1036,45)
(1057,7)
(1059,3)
(1061,22)
(1062,17)
(1066,11)
(1067,11)
(1068,4)
(1069,14)
(1070,20)
(10092,10)
(10093,52)
(10094,42)
(10095,30)
(10096,64)
(10097,102)
(10098,51)
(10099,11)
(10101,64)
(10104,24)
(10105,30)
(10106,19)
(10107,7)
(10108,25)
(10109,69)
(10111,8)
(10113,32)
(10114,17)
(10115,54)
(10116,9)
(10117,39)
(10118,31)
(10119,15)
(10120,23)
(10121,23)
(10122,8)
(10123,39)
(10124,11)
(10127,57)
(10128,38)
(10130,29)
(10131,20)
(10132,23)
(10133,95)
(10134,28)
(10135,39)
(59,2)
(61,5)
(62,4)
(63,10)
(64,9)
(65,9)
(66,6)
(67,16)
(68,18)
(69,52)
(71,12)
(72,13)
(73,37)
(74,10)
(75,19)
(77,16)
(78,31)
(79,14)
(82,17)
(83,4)
(84,8)
(85,12)
(86,1)
(87,15)
(88,10)
(91,15)
(92,24)
(116,30)
(118,2)
(119,14)
(120,4)
(121,16)
(122,12)
(124,33)
(126,6)
(127,6)
(129,56)
(132,16)
(133,18)
(136,43)
(137,32)
(138,15)
(139,24)
(142,9)
(143,93)
(103,6)
(104,23)
(106,16)
(107,29)
(108,5)
(110,34)
(111,38)
(112,18)
(115,7)
(231,63)
(232,68)
(233,60)
(234,132)
(236,44)
(237,40)
(238,54)
(239,65)
(240,32)
(164,10)
(166,21)
(168,13)
(169,4)
(170,33)
(171,2)
(172,14)
(173,7)
(176,23)
(179,2)
(181,34)
(182,22)
(225,24)
(226,164)
(227,18)
(228,89)
(229,42)
(230,72)
(270,144)
(272,18)
(274,87)
(275,43)
(277,3)
(388,26)
(570,48)
(571,15)
(572,12)
(257,6)
(259,98)
(263,197)
(264,7)
(265,43)
(266,11)
(267,25)
(268,152)
(269,28)
(573,7)
(574,47)
(575,29)
(576,3)
(577,4)
(578,15)
(579,135)
(581,7)
(582,24)
(1037,24)
(1038,3)
(1039,30)
(1040,8)
(1041,17)
(1042,18)
(1043,16)
(1046,19)
(1047,4)
(1072,4)
(1073,1)
(1074,13)
(1075,7)
(1076,11)
(1077,6)
(1078,5)
(1079,3)
(1080,5)
(584,31)
(586,55)
(589,3)
(590,1)
(591,23)
(1001,55)
(1002,130)
(1003,1)
(1004,3)
(1181,11)
(1182,33)
(1184,1)
(1186,31)
(1187,97)
(1301,1)
(1302,4)
(1303,16)
(1413,47)
(1092,35)
(1093,12)
(1097,22)
(1103,31)
(1104,16)
(1107,29)
(1108,9)
(1111,93)
(1113,75)
(1414,185)
(1415,74)
(10002,26)
(10005,7)
(10013,75)
(10014,11)
(10017,1)
(10056,52)
(10057,48)
(1048,19)
(1049,6)
(1050,7)
(1051,6)
(1052,8)
(1053,9)
(1054,4)
(1055,9)
(1056,5)
(10072,10)
(10073,13)
(10075,11)
(10076,32)
(10077,21)
(10078,15)
(10079,47)
(10080,46)
(10081,16)
(1114,28)
(1115,116)
(1121,2)
(1122,28)
(1123,17)
(1164,78)
(1165,174)
(1166,138)
(1167,90)
(1081,5)
(1082,6)
(1083,2)
(1084,7)
(1085,15)
(1087,29)
(1088,18)
(1089,19)
(1091,24)
(1168,34)
(1169,32)
(1170,7)
(1171,36)
(1173,57)
(1175,57)
(1176,50)
(1177,44)
(1180,226)
(10058,15)
(10062,26)
(10064,33)
(10065,20)
(10066,11)
(10068,45)
(10069,44)
(10070,49)
(10071,57)
(10408,14)
(10409,38)
(10410,64)
(10412,3)
(10414,20)
(10424,33)
(10568,36)
(10569,7)
(10570,3)
(10082,61)
(10084,57)
(10085,30)
(10086,35)
(10087,31)
(10088,3)
(10089,22)
(10090,20)
(10091,35)
(10136,45)
(10140,52)
(10141,6)
(10142,38)
(10145,138)
(10146,84)
(10403,32)
(10405,27)
(10406,32)
(10571,18)
(10572,1)
(10573,3)
(10574,2)
(10575,2)
(10578,3)
(10582,1)
(10586,2)
