(59,2)
(61,1)
(67,1)
(68,6)
(69,4)
(71,3)
(72,4)
(108,1)
(110,9)
(111,4)
(112,10)
(116,1)
(119,2)
(120,1)
(170,8)
(172,1)
(173,1)
(176,7)
(181,3)
(182,2)
(184,1)
(255,21)
(257,2)
(259,17)
(263,29)
(265,16)
(266,2)
(267,8)
(1001,11)
(1002,21)
(1004,1)
(1014,24)
(1015,36)
(1016,14)
(1018,3)
(1186,2)
(1187,34)
(1302,1)
(1303,1)
(1413,21)
(1414,44)
(1415,3)
(10002,5)
(10005,3)
(10006,3)
(10013,17)
(10053,1)
(10056,12)
(10057,3)
(10070,1)
(10071,3)
(10072,2)
(10073,9)
(10076,3)
(10077,2)
(10078,1)
(10131,3)
(10133,11)
(10134,8)
(10135,6)
(10136,2)
(10140,3)
(10141,1)
(73,5)
(77,1)
(78,8)
(82,3)
(84,1)
(85,3)
(87,10)
(121,1)
(124,1)
(127,3)
(128,1)
(129,9)
(132,7)
(133,1)
(88,3)
(93,3)
(94,2)
(95,8)
(97,13)
(98,6)
(99,1)
(136,3)
(137,4)
(138,2)
(139,3)
(142,2)
(143,24)
(145,6)
(1,27)
(2,32)
(5,9)
(52,1)
(53,5)
(56,1)
(57,2)
(226,48)
(227,1)
(228,13)
(229,5)
(230,12)
(231,7)
(232,5)
(100,6)
(101,4)
(102,3)
(103,3)
(104,4)
(106,6)
(107,3)
(268,22)
(269,11)
(270,29)
(272,11)
(274,17)
(275,4)
(388,3)
(233,21)
(234,20)
(236,9)
(237,6)
(238,4)
(239,3)
(240,1)
(1026,1)
(1027,1)
(1029,1)
(1031,1)
(1033,1)
(1034,2)
(1035,5)
(570,4)
(573,2)
(574,6)
(575,3)
(576,1)
(577,6)
(578,2)
(149,8)
(151,2)
(156,8)
(160,2)
(163,1)
(164,2)
(169,2)
(241,4)
(242,4)
(247,5)
(248,7)
(252,10)
(253,4)
(254,7)
(1089,7)
(1090,1)
(1092,5)
(1093,3)
(1103,4)
(1104,5)
(1107,7)
(579,14)
(581,3)
(582,9)
(584,3)
(586,9)
(587,1)
(589,1)
(1036,14)
(1037,3)
(1038,1)
(1039,3)
(1040,1)
(1041,1)
(1166,16)
(1167,16)
(1168,3)
(1169,4)
(1170,4)
(1171,7)
(1173,11)
(1019,1)
(1020,3)
(1021,1)
(1022,5)
(1023,4)
(1024,4)
(1025,1)
(1066,4)
(1067,1)
(1069,4)
(1070,7)
(1073,2)
(1074,9)
(1076,2)
(1175,4)
(1176,4)
(1177,5)
(1180,31)
(1181,1)
(1182,9)
(1184,2)
(1111,10)
(1113,2)
(1114,3)
(1115,8)
(1122,9)
(1123,4)
(1165,27)
(1042,2)
(1045,1)
(1046,1)
(1048,7)
(1049,3)
(1051,1)
(1053,2)
(10089,6)
(10090,3)
(10091,6)
(10093,6)
(10094,8)
(10095,1)
(10096,2)
(10058,3)
(10062,2)
(10064,5)
(10065,2)
(10066,5)
(10068,2)
(10069,2)
(1077,8)
(1078,2)
(1079,4)
(1080,5)
(1084,2)
(1087,2)
(1088,3)
(10097,12)
(10098,7)
(10099,1)
(10101,3)
(10104,3)
(10107,3)
(10108,3)
(10079,5)
(10080,5)
(10081,3)
(10082,1)
(10086,1)
(10087,6)
(10088,1)
(10109,5)
(10113,3)
(10114,3)
(10115,3)
(10116,5)
(10117,7)
(10118,5)
(10120,3)
(10121,5)
(10123,7)
(10124,3)
(10127,7)
(10128,4)
(10130,2)
(10142,10)
(10145,46)
(10146,53)
(10403,1)
(10405,4)
(10406,2)
(10408,2)
(10409,3)
(10410,10)
(10414,7)
(10424,11)
(10568,4)
(10569,3)
