(95,8)
(97,8)
(98,3)
(99,2)
(100,3)
(101,3)
(143,6)
(145,3)
(149,6)
(151,3)
(156,3)
(160,1)
(163,1)
(239,3)
(242,2)
(243,3)
(247,2)
(248,4)
(252,2)
(581,1)
(582,2)
(584,3)
(586,3)
(587,1)
(1001,9)
(1002,14)
(1070,2)
(1072,1)
(1073,4)
(1074,2)
(1075,1)
(1077,3)
(1078,1)
(1167,19)
(1168,3)
(1169,3)
(1170,1)
(1171,2)
(1173,13)
(10056,7)
(10057,1)
(10058,1)
(10062,1)
(10064,2)
(10065,2)
(10066,3)
(10076,2)
(10077,2)
(10078,2)
(10079,1)
(10080,1)
(10081,2)
(10082,2)
(68,5)
(69,6)
(72,3)
(73,1)
(77,3)
(78,9)
(1,19)
(2,12)
(5,7)
(53,1)
(59,1)
(64,1)
(67,1)
(111,4)
(112,5)
(116,3)
(119,1)
(121,1)
(127,3)
(129,4)
(82,6)
(85,2)
(88,4)
(91,2)
(92,1)
(93,2)
(94,3)
(132,2)
(136,6)
(137,2)
(138,4)
(139,2)
(142,1)
(102,3)
(103,1)
(104,2)
(106,1)
(107,2)
(108,1)
(184,1)
(225,2)
(226,34)
(228,9)
(229,4)
(230,7)
(164,1)
(168,1)
(170,2)
(176,3)
(181,3)
(182,4)
(231,4)
(232,9)
(233,14)
(234,15)
(236,1)
(237,8)
(238,3)
(266,1)
(267,10)
(268,11)
(269,8)
(270,11)
(272,5)
(274,11)
(275,3)
(570,1)
(571,2)
(574,2)
(575,2)
(579,12)
(253,2)
(254,7)
(255,6)
(259,8)
(263,27)
(265,18)
(1003,1)
(1004,1)
(1006,1)
(1009,1)
(1014,15)
(1015,22)
(1040,2)
(1042,1)
(1046,1)
(1048,6)
(1049,1)
(1051,1)
(1016,6)
(1019,1)
(1020,2)
(1022,1)
(1023,1)
(1024,2)
(1025,3)
(1026,3)
(1029,2)
(1033,1)
(1034,3)
(1035,1)
(1036,2)
(1053,3)
(1057,1)
(1059,1)
(1066,1)
(1067,1)
(1069,4)
(1079,1)
(1080,3)
(1082,1)
(1084,1)
(1085,1)
(1087,2)
(1186,2)
(1187,5)
(1303,1)
(1413,14)
(1414,21)
(1415,1)
(1113,4)
(1114,2)
(1115,11)
(1123,2)
(1165,5)
(1166,15)
(1089,2)
(1092,4)
(1093,1)
(1097,1)
(1104,2)
(1107,5)
(1111,3)
(10002,7)
(10005,3)
(10006,2)
(10013,10)
(10014,4)
(10053,2)
(1175,3)
(1176,5)
(1177,2)
(1180,13)
(1181,2)
(1182,7)
(1184,2)
(10068,4)
(10069,2)
(10070,1)
(10071,4)
(10073,2)
(10075,1)
(10113,4)
(10114,1)
(10116,1)
(10117,3)
(10118,3)
(10119,1)
(10104,1)
(10105,4)
(10106,2)
(10107,3)
(10108,1)
(10109,6)
(10111,1)
(10086,2)
(10087,2)
(10088,2)
(10089,5)
(10090,1)
(10091,4)
(10120,6)
(10123,3)
(10124,1)
(10127,3)
(10128,5)
(10130,1)
(10093,3)
(10094,5)
(10096,4)
(10097,5)
(10098,5)
(10099,1)
(10131,1)
(10133,7)
(10134,1)
(10135,1)
(10136,1)
(10140,2)
(10142,8)
(10410,4)
(10414,4)
(10424,2)
(10568,2)
(10569,2)
(10638,13)
(10145,17)
(10146,17)
(10403,2)
(10405,1)
(10406,8)
(10409,5)
