(60,1)
(61,3)
(62,3)
(63,3)
(64,3)
(65,8)
(66,9)
(67,11)
(68,21)
(106,21)
(107,25)
(108,5)
(110,21)
(111,23)
(112,11)
(115,8)
(116,31)
(118,3)
(169,7)
(170,38)
(171,4)
(172,16)
(173,16)
(176,29)
(179,1)
(181,27)
(182,27)
(264,13)
(265,43)
(266,20)
(267,41)
(268,151)
(269,35)
(270,142)
(272,31)
(274,94)
(275,41)
(1032,3)
(1033,18)
(1034,22)
(1035,4)
(1036,17)
(1037,30)
(1038,4)
(1039,18)
(1040,10)
(1041,18)
(1052,1)
(1053,18)
(1054,2)
(1055,3)
(1056,6)
(1057,4)
(1061,12)
(1062,11)
(1066,2)
(1121,7)
(1122,30)
(1123,15)
(1164,62)
(1165,160)
(1166,113)
(1167,72)
(1168,18)
(1169,20)
(1170,7)
(10058,16)
(10062,18)
(10064,35)
(10065,15)
(10066,8)
(10068,40)
(10069,33)
(10070,44)
(10071,45)
(10127,44)
(10128,40)
(10130,24)
(10131,19)
(10132,15)
(10133,76)
(10134,38)
(10135,38)
(10136,39)
(10140,27)
(10142,23)
(10145,148)
(10146,80)
(10403,25)
(10405,18)
(10406,17)
(10408,10)
(10409,25)
(83,7)
(84,9)
(85,15)
(87,10)
(88,20)
(91,15)
(92,18)
(93,44)
(94,24)
(136,38)
(137,22)
(138,9)
(139,20)
(142,12)
(143,69)
(144,13)
(145,48)
(146,2)
(69,51)
(71,12)
(72,15)
(73,40)
(74,8)
(75,16)
(77,6)
(79,10)
(82,19)
(234,126)
(236,36)
(237,34)
(238,41)
(239,85)
(240,30)
(241,12)
(242,14)
(243,15)
(119,9)
(120,4)
(121,13)
(122,11)
(124,40)
(126,2)
(127,9)
(129,40)
(132,15)
(133,19)
(575,18)
(576,6)
(577,3)
(578,15)
(579,120)
(581,10)
(582,46)
(584,33)
(586,64)
(1008,1)
(1009,6)
(1014,155)
(1015,147)
(1016,120)
(1018,15)
(1019,29)
(1020,14)
(1021,12)
(225,27)
(226,70)
(227,25)
(228,76)
(229,45)
(230,61)
(231,51)
(232,62)
(233,47)
(277,7)
(387,2)
(388,36)
(520,7)
(570,61)
(571,17)
(572,11)
(573,6)
(574,52)
(1,1)
(2,68)
(5,75)
(9,8)
(11,7)
(52,2)
(53,11)
(56,20)
(57,4)
(59,3)
(1022,14)
(1023,25)
(1024,11)
(1025,48)
(1026,10)
(1027,13)
(1028,9)
(1029,29)
(1031,2)
(1067,2)
(1068,5)
(1069,10)
(1070,19)
(1072,10)
(1073,6)
(1074,8)
(1075,10)
(1076,9)
(95,39)
(97,87)
(98,4)
(99,4)
(100,19)
(101,11)
(102,9)
(103,3)
(104,20)
(1042,11)
(1043,14)
(1045,2)
(1046,15)
(1047,5)
(1048,27)
(1049,8)
(1050,2)
(1051,5)
(1087,35)
(1088,10)
(1089,12)
(1090,3)
(1091,23)
(1092,39)
(1093,22)
(1095,1)
(1097,19)
(149,47)
(151,53)
(156,18)
(160,15)
(161,2)
(163,4)
(164,9)
(166,12)
(168,19)
(10072,16)
(10073,11)
(10075,12)
(10076,34)
(10077,25)
(10078,10)
(10079,32)
(10080,57)
(10081,12)
(1186,23)
(1187,104)
(1301,2)
(1302,2)
(1303,6)
(1413,54)
(1414,193)
(1415,126)
(10002,28)
(10005,10)
(10006,20)
(10007,1)
(10013,71)
(10014,6)
(10017,5)
(10053,3)
(10056,44)
(10057,41)
(10082,30)
(10084,18)
(10085,28)
(10086,22)
(10087,24)
(10088,7)
(10089,28)
(10090,26)
(10091,32)
(247,16)
(248,22)
(252,46)
(253,30)
(254,24)
(255,60)
(257,8)
(259,83)
(263,119)
(10116,10)
(10117,32)
(10118,40)
(10119,13)
(10120,15)
(10121,17)
(10122,4)
(10123,25)
(10124,43)
(10092,5)
(10093,51)
(10094,54)
(10095,40)
(10096,50)
(10097,56)
(10098,32)
(10099,7)
(10101,20)
(10104,21)
(10410,64)
(10412,8)
(10414,30)
(10424,44)
(10568,34)
(10569,8)
(10570,2)
(10571,22)
(10573,1)
(589,4)
(591,19)
(1001,84)
(1002,133)
(1003,6)
(1004,10)
(1005,9)
(1006,70)
(1007,2)
(1077,7)
(1078,8)
(1079,6)
(1080,10)
(1081,6)
(1082,7)
(1083,1)
(1084,9)
(1085,13)
(1103,19)
(1104,19)
(1107,37)
(1108,15)
(1111,89)
(1112,1)
(1113,51)
(1114,26)
(1115,146)
(10574,2)
(10575,1)
(10578,1)
(10579,1)
(10580,1)
(10581,2)
(10582,4)
(10584,1)
(10586,10)
(1171,34)
(1173,46)
(1175,51)
(1176,35)
(1177,42)
(1180,224)
(1181,10)
(1182,29)
(1184,5)
(10105,20)
(10106,11)
(10107,9)
(10108,18)
(10109,54)
(10111,8)
(10113,41)
(10114,20)
(10115,46)
