(82,33)
(83,14)
(84,12)
(85,30)
(87,35)
(88,13)
(91,8)
(92,19)
(93,30)
(133,8)
(136,39)
(137,61)
(138,20)
(139,33)
(142,7)
(143,135)
(144,24)
(145,140)
(232,87)
(233,16)
(234,8)
(236,30)
(237,11)
(238,13)
(239,25)
(240,24)
(241,13)
(573,14)
(574,43)
(575,25)
(576,18)
(577,1)
(578,21)
(579,40)
(581,21)
(582,42)
(1004,5)
(1005,4)
(1006,28)
(1007,4)
(1009,4)
(1010,1)
(1014,109)
(1015,173)
(1016,98)
(1027,19)
(1028,19)
(1029,13)
(1031,4)
(1032,1)
(1033,4)
(1034,43)
(1035,15)
(1036,54)
(1037,31)
(10017,13)
(10053,31)
(10056,67)
(10057,31)
(10058,10)
(10062,36)
(10064,55)
(10065,19)
(10066,29)
(10068,56)
(10069,31)
(10070,14)
(10071,61)
(10072,35)
(10073,34)
(10075,15)
(10076,85)
(10077,45)
(10111,10)
(10113,24)
(10114,10)
(10115,36)
(10116,23)
(10117,54)
(10118,26)
(10119,39)
(10120,67)
(10403,20)
(10405,3)
(10406,20)
(10408,28)
(10409,46)
(10410,13)
(10412,4)
(10414,29)
(10424,33)
(60,5)
(61,1)
(62,8)
(63,11)
(64,16)
(65,7)
(66,28)
(67,31)
(68,22)
(1,51)
(2,68)
(5,55)
(9,4)
(11,23)
(52,6)
(53,14)
(56,33)
(57,15)
(59,5)
(69,58)
(71,23)
(72,17)
(73,20)
(74,13)
(75,17)
(77,3)
(78,57)
(79,7)
(104,13)
(106,17)
(107,47)
(108,2)
(110,45)
(111,38)
(112,54)
(115,27)
(116,23)
(94,35)
(95,25)
(97,50)
(98,11)
(99,4)
(100,25)
(101,26)
(102,24)
(103,11)
(168,15)
(169,3)
(170,169)
(171,29)
(172,25)
(173,13)
(176,24)
(179,59)
(181,113)
(146,5)
(149,167)
(151,53)
(156,16)
(160,1)
(161,13)
(163,6)
(164,12)
(166,19)
(118,3)
(119,17)
(120,10)
(121,5)
(122,33)
(124,87)
(126,18)
(127,33)
(129,63)
(132,13)
(259,57)
(263,79)
(264,6)
(265,13)
(266,10)
(267,14)
(268,46)
(269,16)
(270,98)
(272,17)
(182,33)
(202,1)
(225,17)
(226,53)
(227,7)
(228,31)
(229,15)
(230,53)
(231,1)
(242,22)
(243,12)
(247,21)
(248,22)
(252,74)
(253,53)
(254,56)
(255,82)
(257,33)
(584,24)
(586,24)
(587,3)
(589,8)
(590,5)
(591,21)
(1001,83)
(1002,59)
(1003,9)
(1018,15)
(1019,5)
(1020,10)
(1021,13)
(1022,68)
(1023,44)
(1024,10)
(1025,15)
(1026,51)
(274,57)
(275,35)
(387,4)
(388,9)
(520,5)
(522,3)
(570,72)
(571,20)
(572,11)
(1038,17)
(1039,15)
(1040,2)
(1041,18)
(1042,22)
(1043,7)
(1045,1)
(1046,41)
(1047,5)
(1048,5)
(1049,11)
(1050,7)
(1051,5)
(1052,5)
(1053,5)
(1054,4)
(1055,10)
(1056,13)
(1072,18)
(1073,7)
(1074,8)
(1075,11)
(1076,9)
(1077,12)
(1078,2)
(1079,11)
(1080,10)
(1057,10)
(1059,3)
(1061,13)
(1062,29)
(1066,7)
(1067,14)
(1068,6)
(1069,23)
(1070,10)
(1091,14)
(1092,6)
(1093,1)
(1095,1)
(1096,3)
(1097,24)
(1103,24)
(1104,9)
(1107,54)
(1081,32)
(1082,21)
(1083,10)
(1084,15)
(1085,6)
(1087,29)
(1088,10)
(1089,10)
(1090,6)
(1108,8)
(1111,18)
(1112,8)
(1113,27)
(1114,6)
(1115,116)
(1121,24)
(1122,45)
(1123,30)
(1164,17)
(1165,127)
(1166,161)
(1167,39)
(1168,20)
(1169,45)
(1170,51)
(1171,104)
(1173,26)
(1175,42)
(1176,15)
(1177,11)
(1180,66)
(1181,59)
(1182,91)
(1184,39)
(1186,11)
(1187,31)
(1301,47)
(10088,24)
(10089,16)
(10090,14)
(10091,92)
(10092,21)
(10093,36)
(10094,50)
(10095,40)
(10096,81)
(10097,76)
(1302,13)
(1303,7)
(1413,71)
(1414,132)
(1415,15)
(10002,56)
(10007,43)
(10013,2)
(10014,61)
(10078,18)
(10079,49)
(10080,40)
(10081,16)
(10082,37)
(10084,10)
(10085,46)
(10086,24)
(10087,74)
(10133,87)
(10134,70)
(10135,38)
(10136,99)
(10140,66)
(10141,8)
(10142,51)
(10145,16)
(10146,74)
(10098,89)
(10099,9)
(10101,9)
(10104,32)
(10105,20)
(10106,10)
(10107,6)
(10108,40)
(10109,59)
(10121,40)
(10122,19)
(10123,13)
(10124,3)
(10127,40)
(10128,19)
(10130,13)
(10131,29)
(10132,41)
(10568,74)
(10569,19)
(10573,1)
(10580,1)
(10581,3)
(10582,24)
(10583,1)
(10585,2)
(10638,99)
