(83,4)
(84,4)
(85,9)
(86,1)
(87,21)
(88,9)
(91,6)
(92,16)
(93,16)
(132,12)
(133,9)
(136,29)
(137,30)
(138,22)
(139,17)
(142,8)
(143,33)
(144,13)
(234,73)
(236,30)
(237,33)
(238,39)
(239,48)
(240,14)
(241,1)
(242,10)
(243,11)
(574,36)
(575,8)
(576,4)
(577,2)
(578,6)
(579,81)
(581,15)
(582,29)
(584,38)
(1097,8)
(1103,12)
(1104,12)
(1107,28)
(1108,13)
(1111,55)
(1113,46)
(1114,13)
(1115,120)
(1121,2)
(1122,19)
(1123,12)
(1164,71)
(1165,93)
(1166,74)
(1167,51)
(1168,23)
(1169,13)
(1170,6)
(1171,25)
(1173,37)
(1175,28)
(1176,18)
(1177,26)
(1180,94)
(1181,10)
(1182,28)
(10058,7)
(10062,15)
(10064,33)
(10065,15)
(10066,9)
(10068,20)
(10069,24)
(10070,31)
(10071,30)
(10127,39)
(10128,15)
(10130,21)
(10131,7)
(10132,18)
(10133,74)
(10134,16)
(10135,31)
(10136,29)
(71,22)
(72,11)
(73,33)
(74,12)
(75,3)
(77,4)
(78,29)
(79,9)
(82,16)
(61,2)
(62,2)
(63,8)
(64,7)
(65,14)
(66,3)
(67,11)
(68,13)
(69,37)
(118,4)
(119,6)
(120,2)
(121,5)
(122,15)
(124,18)
(126,1)
(127,7)
(129,37)
(104,19)
(106,13)
(107,16)
(108,1)
(110,14)
(111,16)
(112,12)
(115,3)
(116,12)
(1,4)
(2,75)
(5,38)
(9,7)
(52,3)
(53,12)
(56,8)
(57,3)
(59,7)
(225,18)
(226,45)
(227,14)
(228,56)
(229,51)
(230,41)
(231,14)
(232,54)
(233,30)
(94,16)
(95,39)
(97,98)
(98,2)
(99,4)
(100,13)
(101,13)
(102,7)
(103,18)
(168,12)
(169,2)
(170,39)
(172,10)
(173,7)
(176,16)
(179,2)
(181,21)
(182,12)
(275,22)
(277,6)
(387,3)
(388,24)
(520,3)
(570,24)
(571,5)
(572,2)
(573,2)
(264,3)
(265,35)
(266,15)
(267,27)
(268,80)
(269,16)
(270,80)
(272,13)
(274,45)
(145,28)
(146,3)
(149,34)
(151,45)
(156,13)
(160,11)
(163,3)
(164,9)
(166,10)
(247,26)
(248,19)
(252,37)
(253,22)
(254,24)
(255,82)
(257,1)
(259,66)
(263,130)
(1074,10)
(1075,3)
(1076,4)
(1077,3)
(1078,4)
(1079,8)
(1080,4)
(1081,2)
(1082,1)
(1021,15)
(1022,12)
(1023,10)
(1024,11)
(1025,27)
(1026,12)
(1027,7)
(1028,5)
(1029,30)
(1083,3)
(1084,5)
(1085,8)
(1087,15)
(1088,10)
(1089,7)
(1091,7)
(1092,26)
(1093,5)
(1031,12)
(1033,19)
(1034,13)
(1035,1)
(1036,22)
(1037,32)
(1038,1)
(1039,15)
(586,51)
(587,4)
(589,1)
(1001,50)
(1002,62)
(1003,2)
(1004,10)
(1005,12)
(1006,16)
(1184,2)
(1186,12)
(1187,69)
(1302,3)
(1303,4)
(1413,60)
(1414,135)
(1415,29)
(10002,9)
(1007,2)
(1008,4)
(1009,6)
(1014,105)
(1015,78)
(1016,85)
(1018,11)
(1019,18)
(1020,10)
(1050,2)
(1051,1)
(1052,2)
(1053,3)
(1054,2)
(1055,2)
(1056,6)
(1057,3)
(1059,3)
(1040,4)
(1041,9)
(1042,9)
(1043,8)
(1045,4)
(1046,17)
(1047,5)
(1048,20)
(1049,6)
(10005,9)
(10006,17)
(10007,1)
(10013,50)
(10014,8)
(10017,2)
(10053,5)
(10056,44)
(10057,36)
(10072,11)
(10073,17)
(10075,5)
(10076,37)
(10077,16)
(10078,9)
(10079,34)
(10080,25)
(10081,8)
(1061,10)
(1062,7)
(1066,6)
(1067,1)
(1068,4)
(1069,5)
(1070,22)
(1072,4)
(1073,4)
(10409,25)
(10410,63)
(10412,4)
(10414,10)
(10424,24)
(10568,31)
(10569,6)
(10571,5)
(10572,1)
(10082,47)
(10085,16)
(10086,22)
(10087,23)
(10088,8)
(10089,15)
(10090,19)
(10091,21)
(10092,6)
(10105,16)
(10106,3)
(10107,9)
(10108,20)
(10109,34)
(10111,8)
(10113,21)
(10114,9)
(10115,32)
(10574,1)
(10578,2)
(10579,1)
(10582,3)
(10584,1)
(10585,3)
(10586,3)
(10638,68)
(10093,42)
(10094,33)
(10095,12)
(10096,21)
(10097,38)
(10098,30)
(10099,8)
(10101,14)
(10104,20)
(10140,47)
(10141,5)
(10142,29)
(10145,77)
(10146,40)
(10403,23)
(10405,14)
(10406,28)
(10408,9)
(10116,3)
(10117,26)
(10118,29)
(10119,8)
(10120,19)
(10121,14)
(10122,1)
(10123,26)
(10124,11)
