(94,3)
(95,5)
(97,5)
(98,1)
(102,1)
(145,2)
(149,8)
(151,1)
(156,1)
(163,1)
(166,1)
(233,4)
(234,2)
(236,4)
(237,1)
(238,1)
(239,4)
(274,11)
(275,1)
(570,3)
(571,2)
(572,1)
(579,3)
(582,3)
(584,1)
(586,2)
(587,2)
(1001,5)
(1069,1)
(1075,2)
(1076,1)
(1077,3)
(1078,1)
(1079,2)
(1176,2)
(1177,2)
(1180,4)
(1181,15)
(1182,6)
(10075,1)
(10077,1)
(10078,2)
(10079,2)
(10081,1)
(10140,3)
(10142,4)
(10145,7)
(10146,7)
(10403,1)
(62,2)
(67,1)
(69,3)
(71,1)
(72,2)
(1,2)
(2,22)
(52,2)
(53,1)
(56,1)
(57,1)
(119,1)
(122,1)
(127,5)
(129,2)
(132,5)
(104,1)
(106,1)
(107,5)
(111,1)
(112,3)
(115,3)
(176,3)
(179,3)
(181,5)
(182,2)
(226,22)
(227,2)
(73,4)
(78,7)
(82,2)
(84,2)
(87,2)
(93,4)
(253,4)
(254,6)
(255,3)
(259,11)
(263,22)
(168,1)
(170,5)
(171,8)
(172,2)
(173,1)
(136,2)
(137,4)
(138,3)
(142,1)
(143,1)
(1002,5)
(1006,2)
(1014,13)
(1015,13)
(1016,5)
(228,2)
(229,4)
(230,3)
(231,1)
(232,4)
(1039,1)
(1046,1)
(1048,1)
(1049,1)
(1066,2)
(240,8)
(242,3)
(247,1)
(248,3)
(252,2)
(1029,1)
(1034,2)
(1035,1)
(1036,1)
(1037,1)
(265,1)
(266,1)
(268,2)
(269,4)
(270,13)
(272,2)
(1080,5)
(1082,1)
(1083,1)
(1084,1)
(1087,4)
(1018,3)
(1019,2)
(1022,1)
(1023,2)
(1026,2)
(1028,1)
(10002,12)
(10005,7)
(10006,9)
(10007,3)
(10014,11)
(10053,3)
(10065,1)
(10066,6)
(10068,1)
(10070,2)
(10071,2)
(10073,3)
(1088,1)
(1089,3)
(1090,1)
(1107,1)
(1108,1)
(1113,1)
(1167,9)
(1169,1)
(1170,5)
(1171,5)
(1173,4)
(1175,5)
(10130,1)
(10131,1)
(10133,1)
(10134,5)
(10135,1)
(10136,1)
(1184,1)
(1187,10)
(1413,16)
(1414,21)
(1415,3)
(1121,1)
(1122,1)
(1123,2)
(1165,4)
(1166,21)
(10406,1)
(10410,1)
(10414,2)
(10424,4)
(10638,4)
(10056,3)
(10057,5)
(10058,1)
(10062,2)
(10064,2)
(10091,6)
(10092,2)
(10093,2)
(10094,1)
(10095,1)
(10096,1)
(10097,5)
(10098,2)
(10104,4)
(10105,1)
(10082,6)
(10085,1)
(10086,1)
(10087,1)
(10088,2)
(10089,2)
(10106,1)
(10107,2)
(10108,3)
(10109,1)
(10113,1)
(10114,1)
(10115,3)
(10116,1)
(10119,3)
(10120,2)
(10121,2)
