(85,18)
(86,1)
(87,27)
(88,17)
(91,10)
(92,14)
(93,29)
(94,39)
(95,28)
(136,27)
(137,32)
(138,25)
(139,30)
(142,3)
(143,60)
(144,35)
(145,35)
(146,3)
(233,12)
(234,5)
(236,29)
(237,14)
(238,15)
(239,36)
(240,66)
(241,1)
(242,19)
(573,10)
(574,50)
(575,22)
(576,20)
(577,6)
(578,5)
(579,26)
(581,21)
(582,51)
(584,19)
(586,83)
(587,16)
(589,23)
(1001,60)
(1002,82)
(1003,11)
(1004,7)
(1005,24)
(1006,20)
(1007,2)
(1008,1)
(1009,6)
(1010,1)
(1014,151)
(1015,125)
(1016,126)
(1018,7)
(1028,22)
(1029,14)
(1031,4)
(1033,6)
(1034,28)
(1035,6)
(1036,25)
(1037,36)
(1038,3)
(1061,11)
(1062,12)
(1066,1)
(1067,4)
(1068,2)
(1069,12)
(1070,10)
(1072,13)
(1073,8)
(10081,3)
(10082,38)
(10085,72)
(10086,25)
(10087,38)
(10088,19)
(10089,21)
(10090,6)
(10091,61)
(10092,11)
(10093,44)
(10094,28)
(10095,23)
(10096,49)
(10097,34)
(10098,58)
(10099,6)
(10101,10)
(10124,7)
(10127,33)
(10128,25)
(10130,19)
(10131,23)
(10132,15)
(10133,83)
(10134,41)
(10135,28)
(73,20)
(74,10)
(75,16)
(77,1)
(78,40)
(79,8)
(82,26)
(83,11)
(84,9)
(120,6)
(121,6)
(122,15)
(124,36)
(126,14)
(127,21)
(129,40)
(132,35)
(133,9)
(62,4)
(63,5)
(64,12)
(66,20)
(67,21)
(68,10)
(69,33)
(71,11)
(72,12)
(184,13)
(225,25)
(226,43)
(227,14)
(228,45)
(229,11)
(230,42)
(231,4)
(232,62)
(275,34)
(277,1)
(387,6)
(388,17)
(520,3)
(522,6)
(570,41)
(571,13)
(572,14)
(1,62)
(2,82)
(5,19)
(9,17)
(52,7)
(53,18)
(56,21)
(57,22)
(59,2)
(60,7)
(107,32)
(108,2)
(110,22)
(111,25)
(112,28)
(115,15)
(116,5)
(118,8)
(119,14)
(97,103)
(98,6)
(99,2)
(100,16)
(101,23)
(102,17)
(103,18)
(104,8)
(106,10)
(149,132)
(151,40)
(156,18)
(160,1)
(161,5)
(163,9)
(164,8)
(166,12)
(168,12)
(169,7)
(170,73)
(171,26)
(172,22)
(173,21)
(176,19)
(179,42)
(181,83)
(182,29)
(243,9)
(247,32)
(248,26)
(252,54)
(253,47)
(254,54)
(255,37)
(257,12)
(259,61)
(1050,1)
(1051,2)
(1052,11)
(1053,6)
(1054,2)
(1055,5)
(1056,5)
(1057,1)
(1059,1)
(1019,7)
(1020,9)
(1021,11)
(1022,20)
(1023,13)
(1024,10)
(1025,34)
(1026,42)
(1027,15)
(1114,8)
(1115,68)
(1121,25)
(1122,23)
(1123,34)
(1164,18)
(1165,140)
(1166,139)
(1167,68)
(1168,18)
(263,97)
(264,5)
(265,21)
(266,16)
(267,3)
(268,29)
(269,28)
(270,122)
(272,24)
(274,7)
(1039,18)
(1040,11)
(1041,10)
(1042,16)
(1043,11)
(1046,28)
(1047,6)
(1048,7)
(1049,7)
(1182,75)
(1184,40)
(1186,8)
(1187,40)
(1301,35)
(1302,11)
(1303,3)
(1413,121)
(1414,155)
(1074,8)
(1075,13)
(1076,9)
(1077,9)
(1078,5)
(1079,12)
(1080,3)
(1081,18)
(1082,20)
(1415,47)
(10002,53)
(10006,27)
(10007,79)
(10013,1)
(10014,68)
(10017,6)
(10053,11)
(10056,43)
(10071,34)
(10072,20)
(10073,24)
(10075,14)
(10076,64)
(10077,41)
(10078,14)
(10079,31)
(10080,27)
(10057,50)
(10058,3)
(10062,24)
(10064,39)
(10065,15)
(10066,20)
(10068,18)
(10069,13)
(10070,20)
(1083,3)
(1084,8)
(1085,4)
(1087,27)
(1088,18)
(1089,17)
(1090,3)
(1091,2)
(1092,17)
(1095,1)
(1097,17)
(1103,18)
(1104,7)
(1107,39)
(1108,10)
(1111,20)
(1112,3)
(1113,33)
(10104,36)
(10105,21)
(10106,4)
(10107,12)
(10108,31)
(10109,55)
(10111,14)
(10113,27)
(10114,4)
(10115,33)
(10116,12)
(10117,31)
(10118,32)
(10119,20)
(10120,20)
(10121,16)
(10122,6)
(10123,7)
(1169,22)
(1170,30)
(1171,137)
(1173,51)
(1175,43)
(1176,24)
(1177,16)
(1180,97)
(1181,154)
(10136,28)
(10140,37)
(10141,4)
(10142,24)
(10145,127)
(10146,67)
(10403,8)
(10405,2)
(10406,24)
(10408,15)
(10409,28)
(10410,12)
(10412,2)
(10414,23)
(10424,37)
(10568,47)
(10569,8)
(10570,1)
(10574,2)
(10575,1)
(10580,2)
(10581,2)
(10582,27)
(10583,3)
(10584,1)
(10585,13)
(10638,88)
