(1,2)
(2,72)
(5,36)
(9,5)
(52,1)
(53,6)
(56,9)
(57,4)
(59,5)
(95,17)
(97,95)
(98,8)
(99,5)
(100,9)
(101,14)
(102,8)
(103,14)
(104,11)
(146,5)
(149,44)
(151,44)
(156,7)
(160,11)
(161,1)
(163,1)
(164,13)
(166,11)
(243,7)
(247,14)
(248,20)
(252,35)
(253,21)
(254,33)
(255,57)
(257,8)
(259,32)
(1023,15)
(1024,7)
(1025,37)
(1026,14)
(1027,12)
(1028,10)
(1029,37)
(1031,2)
(1033,17)
(1043,7)
(1045,1)
(1046,11)
(1047,3)
(1048,14)
(1049,3)
(1050,3)
(1051,4)
(1052,3)
(1053,4)
(1054,2)
(1055,4)
(1056,4)
(1057,5)
(1059,2)
(1061,13)
(1062,9)
(1087,25)
(1088,7)
(1089,8)
(1090,1)
(1091,6)
(1092,18)
(1093,6)
(1095,1)
(1097,13)
(10081,8)
(10082,27)
(10085,32)
(10086,15)
(10087,19)
(10088,4)
(10089,21)
(10090,12)
(10091,22)
(10104,25)
(10105,10)
(10106,6)
(10107,2)
(10108,18)
(10109,48)
(10111,4)
(10113,19)
(10114,9)
(10408,6)
(10409,31)
(10410,53)
(10412,5)
(10414,16)
(10424,36)
(10568,22)
(10569,7)
(10570,1)
(62,3)
(63,2)
(64,3)
(65,7)
(66,4)
(67,17)
(68,26)
(69,50)
(71,16)
(84,4)
(85,8)
(86,1)
(87,16)
(88,18)
(91,12)
(92,10)
(93,19)
(94,14)
(133,14)
(136,22)
(137,14)
(138,8)
(139,15)
(142,8)
(143,42)
(144,11)
(145,24)
(106,18)
(107,21)
(108,3)
(110,28)
(111,20)
(112,21)
(115,8)
(116,13)
(118,4)
(168,9)
(169,1)
(170,30)
(171,1)
(172,11)
(173,7)
(176,26)
(179,1)
(181,32)
(232,68)
(233,46)
(234,85)
(236,22)
(237,20)
(238,43)
(239,42)
(240,19)
(242,8)
(263,112)
(264,4)
(265,47)
(266,11)
(267,31)
(268,76)
(269,13)
(270,72)
(272,18)
(574,45)
(575,14)
(576,2)
(577,4)
(578,7)
(579,88)
(581,11)
(582,40)
(584,23)
(586,47)
(587,5)
(589,3)
(1001,56)
(1002,100)
(1003,2)
(1004,8)
(1005,2)
(1006,18)
(1171,33)
(1173,40)
(1175,34)
(1176,17)
(1177,22)
(1180,80)
(1181,15)
(1182,41)
(1184,3)
(72,16)
(73,33)
(74,7)
(75,18)
(77,8)
(78,21)
(79,4)
(82,9)
(83,10)
(119,9)
(120,6)
(121,9)
(122,11)
(124,19)
(126,1)
(127,2)
(129,30)
(132,10)
(1077,6)
(1078,6)
(1079,5)
(1080,7)
(1081,4)
(1082,2)
(1083,1)
(1084,7)
(1085,4)
(1186,11)
(1187,48)
(1301,1)
(1302,1)
(1303,3)
(1413,41)
(1414,138)
(1415,30)
(10002,23)
(182,20)
(225,14)
(226,56)
(227,32)
(228,52)
(229,36)
(230,43)
(231,21)
(1103,13)
(1104,16)
(1107,33)
(1108,11)
(1111,51)
(1113,42)
(1114,23)
(1115,106)
(1121,5)
(274,83)
(275,24)
(277,5)
(388,22)
(520,2)
(570,28)
(571,10)
(572,3)
(573,3)
(10005,3)
(10006,14)
(10007,4)
(10013,72)
(10014,5)
(10017,2)
(10053,7)
(10056,45)
(10057,33)
(1122,26)
(1123,10)
(1164,75)
(1165,103)
(1166,77)
(1167,62)
(1168,19)
(1169,15)
(1170,4)
(10071,23)
(10072,8)
(10073,8)
(10075,10)
(10076,26)
(10077,15)
(10078,1)
(10079,19)
(10080,35)
(1009,5)
(1014,92)
(1015,100)
(1016,77)
(1018,12)
(1019,19)
(1020,13)
(1021,18)
(1022,11)
(10092,4)
(10093,39)
(10094,31)
(10095,14)
(10096,26)
(10097,32)
(10098,19)
(10099,9)
(10101,12)
(1034,21)
(1035,3)
(1036,22)
(1037,20)
(1038,1)
(1039,18)
(1040,9)
(1041,9)
(1042,8)
(1066,5)
(1067,5)
(1069,5)
(1070,19)
(1072,6)
(1073,1)
(1074,11)
(1075,6)
(1076,4)
(10124,18)
(10127,55)
(10128,22)
(10130,24)
(10131,13)
(10132,9)
(10133,72)
(10134,20)
(10135,32)
(10058,11)
(10062,15)
(10064,19)
(10065,4)
(10066,8)
(10068,18)
(10069,28)
(10070,31)
(10115,34)
(10116,10)
(10117,22)
(10118,25)
(10119,10)
(10120,15)
(10121,13)
(10122,5)
(10123,16)
(10136,30)
(10140,39)
(10141,1)
(10142,18)
(10145,60)
(10146,56)
(10403,20)
(10405,13)
(10406,21)
(10571,2)
(10574,1)
(10575,2)
(10578,1)
(10585,2)
(10586,3)
(10587,1)
(10638,74)
