(59,2)
(60,1)
(64,1)
(69,3)
(71,2)
(72,1)
(111,1)
(115,2)
(119,2)
(124,3)
(127,1)
(129,2)
(176,1)
(181,6)
(182,3)
(226,6)
(228,4)
(229,1)
(254,5)
(255,7)
(257,1)
(259,4)
(263,9)
(264,1)
(576,1)
(579,1)
(582,2)
(584,1)
(589,2)
(1026,3)
(1028,2)
(1034,3)
(1035,2)
(1036,2)
(1042,1)
(1087,1)
(1090,1)
(1091,1)
(1097,2)
(1103,2)
(1182,7)
(1186,1)
(1187,7)
(1301,3)
(1413,17)
(10145,11)
(10146,6)
(10403,1)
(10405,1)
(10406,4)
(10408,5)
(94,1)
(95,2)
(97,2)
(98,3)
(99,1)
(100,2)
(144,6)
(145,2)
(146,1)
(149,10)
(156,1)
(163,1)
(236,4)
(237,2)
(238,1)
(239,3)
(240,2)
(242,6)
(274,1)
(275,4)
(570,1)
(571,2)
(574,1)
(575,3)
(73,1)
(78,4)
(82,4)
(87,1)
(91,3)
(136,3)
(137,3)
(139,5)
(142,1)
(143,7)
(1067,1)
(1069,1)
(1073,1)
(1074,1)
(1076,2)
(1166,9)
(1167,7)
(1168,2)
(1169,1)
(1170,1)
(230,4)
(231,1)
(232,4)
(233,1)
(234,3)
(265,1)
(267,3)
(268,7)
(270,15)
(272,1)
(1,4)
(2,19)
(5,1)
(52,2)
(56,1)
(57,2)
(1171,3)
(1175,4)
(1176,3)
(1177,2)
(1180,4)
(1181,8)
(10073,2)
(10076,4)
(10077,2)
(10078,3)
(10080,4)
(103,2)
(104,1)
(106,4)
(107,2)
(110,3)
(1077,2)
(1079,1)
(1080,2)
(1081,3)
(1082,1)
(1084,3)
(10082,2)
(10085,2)
(10086,3)
(10087,2)
(10088,3)
(10090,1)
(164,1)
(166,1)
(170,6)
(171,4)
(172,1)
(1414,14)
(1415,1)
(10002,8)
(10005,1)
(10006,5)
(10013,1)
(243,1)
(247,5)
(248,5)
(252,4)
(253,3)
(10414,2)
(10424,7)
(10568,2)
(10569,1)
(10638,11)
(10014,5)
(10053,1)
(10056,4)
(10057,3)
(10058,2)
(1001,3)
(1002,4)
(1003,1)
(1014,3)
(1015,10)
(1016,8)
(10114,2)
(10115,3)
(10117,1)
(10118,2)
(10119,2)
(1018,2)
(1022,4)
(1023,3)
(1024,1)
(1025,1)
(10133,4)
(10134,1)
(10135,1)
(10136,1)
(10142,3)
(1046,2)
(1047,1)
(1053,2)
(1056,1)
(1061,1)
(1066,4)
(1107,5)
(1113,1)
(1115,4)
(1121,1)
(1123,1)
(1165,8)
(10064,1)
(10066,2)
(10068,1)
(10069,3)
(10070,1)
(10072,2)
(10091,7)
(10093,2)
(10094,2)
(10095,1)
(10096,2)
(10097,4)
(10099,1)
(10104,2)
(10105,1)
(10106,1)
(10108,3)
(10120,2)
(10121,2)
(10122,1)
(10123,1)
(10128,2)
(10132,3)
