(1,127)
(2,87)
(5,81)
(9,11)
(52,2)
(53,29)
(56,32)
(57,1)
(59,10)
(61,5)
(97,180)
(98,36)
(99,10)
(100,29)
(101,34)
(102,21)
(103,24)
(104,14)
(106,58)
(146,6)
(149,110)
(151,74)
(156,27)
(160,6)
(163,5)
(164,5)
(166,9)
(168,5)
(243,22)
(247,41)
(248,22)
(252,84)
(253,27)
(254,21)
(255,110)
(257,11)
(259,66)
(1006,9)
(1007,4)
(1008,1)
(1009,3)
(1014,142)
(1015,235)
(1016,128)
(1018,11)
(1019,18)
(1040,7)
(1041,16)
(1042,36)
(1043,22)
(1045,3)
(1046,37)
(1047,11)
(1048,26)
(1049,30)
(1170,25)
(1171,62)
(1173,15)
(1175,34)
(1176,16)
(1177,10)
(1180,142)
(1181,8)
(1182,28)
(10002,25)
(10005,22)
(10006,50)
(10007,1)
(10013,47)
(10014,6)
(10017,8)
(10053,9)
(10056,55)
(10081,36)
(10082,17)
(10085,6)
(10086,26)
(10087,80)
(10088,18)
(10089,20)
(10090,7)
(10091,14)
(10136,66)
(10140,31)
(10141,9)
(10142,57)
(10145,163)
(10146,75)
(10403,36)
(10405,17)
(10406,19)
(62,6)
(63,14)
(64,6)
(65,8)
(66,6)
(67,24)
(68,37)
(69,58)
(71,2)
(107,34)
(108,4)
(110,83)
(111,82)
(112,17)
(115,4)
(116,37)
(118,5)
(119,60)
(169,9)
(170,122)
(171,2)
(172,1)
(173,7)
(176,25)
(179,4)
(181,40)
(182,44)
(72,14)
(73,15)
(74,10)
(75,6)
(77,3)
(78,52)
(79,11)
(82,17)
(83,14)
(84,9)
(85,22)
(87,26)
(88,43)
(91,16)
(92,29)
(93,37)
(94,17)
(95,37)
(120,14)
(121,8)
(122,52)
(124,14)
(126,7)
(127,8)
(128,1)
(129,83)
(132,18)
(263,69)
(264,5)
(265,61)
(266,5)
(267,43)
(268,173)
(269,25)
(270,86)
(272,30)
(133,25)
(136,42)
(137,66)
(138,33)
(139,63)
(142,10)
(143,259)
(144,23)
(145,118)
(584,73)
(586,31)
(587,6)
(589,1)
(1001,112)
(1002,90)
(1003,2)
(1004,14)
(1005,5)
(184,32)
(225,10)
(226,136)
(227,7)
(228,89)
(229,35)
(230,68)
(231,27)
(232,66)
(274,94)
(275,44)
(277,7)
(387,2)
(388,1)
(520,8)
(570,46)
(571,8)
(572,10)
(233,34)
(234,84)
(236,34)
(237,51)
(238,53)
(239,5)
(240,14)
(241,5)
(242,11)
(1083,6)
(1084,39)
(1085,11)
(1087,32)
(1088,15)
(1089,22)
(1091,13)
(1092,41)
(1093,8)
(573,9)
(574,43)
(575,13)
(576,10)
(577,11)
(578,25)
(579,219)
(581,11)
(582,54)
(1050,6)
(1051,16)
(1052,14)
(1053,11)
(1054,4)
(1055,6)
(1056,6)
(1057,15)
(1059,6)
(1097,11)
(1103,24)
(1104,64)
(1107,66)
(1108,11)
(1111,121)
(1112,2)
(1113,109)
(1114,58)
(1020,19)
(1021,24)
(1022,53)
(1023,89)
(1024,8)
(1025,33)
(1026,15)
(1027,7)
(1028,5)
(1061,9)
(1062,16)
(1066,9)
(1067,12)
(1068,7)
(1069,21)
(1070,29)
(1072,11)
(1073,12)
(10071,60)
(10072,21)
(10073,9)
(10075,10)
(10076,11)
(10077,14)
(10078,16)
(10079,43)
(10080,67)
(1029,52)
(1031,15)
(1033,27)
(1034,16)
(1035,3)
(1036,85)
(1037,34)
(1038,4)
(1039,33)
(1184,12)
(1186,10)
(1187,104)
(1301,4)
(1302,10)
(1303,10)
(1413,86)
(1414,252)
(1415,19)
(10057,68)
(10058,15)
(10062,45)
(10064,39)
(10065,48)
(10066,41)
(10068,5)
(10069,39)
(10070,13)
(10115,53)
(10116,4)
(10117,98)
(10118,27)
(10119,28)
(10120,30)
(10121,32)
(10122,9)
(10123,8)
(1074,15)
(1075,10)
(1076,7)
(1077,5)
(1078,8)
(1079,7)
(1080,6)
(1081,9)
(1082,4)
(1115,210)
(1121,8)
(1122,72)
(1123,14)
(1165,205)
(1166,107)
(1167,76)
(1168,21)
(1169,42)
(10124,7)
(10127,129)
(10128,30)
(10130,31)
(10131,16)
(10132,17)
(10133,56)
(10134,59)
(10135,13)
(10092,11)
(10093,99)
(10094,32)
(10095,18)
(10096,32)
(10097,38)
(10098,41)
(10099,29)
(10101,15)
(10104,19)
(10105,5)
(10106,16)
(10107,3)
(10108,21)
(10109,104)
(10111,21)
(10113,57)
(10114,9)
(10408,11)
(10409,72)
(10410,120)
(10412,4)
(10414,18)
(10424,35)
(10568,61)
(10569,17)
(10570,1)
(10572,1)
(10574,5)
(10575,13)
(10580,2)
(10581,6)
(10582,1)
(10584,1)
(10638,96)
