(61,1)
(62,3)
(63,2)
(64,7)
(65,2)
(66,20)
(67,16)
(68,14)
(69,37)
(104,8)
(106,3)
(107,23)
(108,3)
(110,25)
(111,27)
(112,28)
(115,17)
(116,3)
(168,6)
(170,56)
(171,16)
(172,21)
(173,21)
(176,17)
(179,35)
(181,76)
(182,20)
(264,3)
(265,22)
(266,10)
(267,8)
(268,34)
(269,45)
(270,119)
(272,39)
(274,48)
(275,17)
(586,70)
(587,14)
(589,11)
(591,27)
(1001,58)
(1002,82)
(1003,11)
(1004,5)
(1005,9)
(1028,22)
(1029,8)
(1033,7)
(1034,31)
(1035,6)
(1036,34)
(1037,32)
(1038,4)
(1039,23)
(1040,5)
(1062,13)
(1066,4)
(1067,1)
(1068,1)
(1069,11)
(1070,10)
(1072,13)
(1073,2)
(1074,5)
(1415,34)
(10002,32)
(10005,3)
(10006,35)
(10007,58)
(10013,1)
(10014,64)
(10017,8)
(10053,8)
(10104,11)
(10105,9)
(10106,14)
(10107,7)
(10108,39)
(10109,50)
(10111,9)
(10113,18)
(10114,6)
(10578,4)
(10579,2)
(10580,1)
(10581,1)
(10582,17)
(10583,4)
(10585,1)
(10587,1)
(10638,89)
(71,10)
(72,14)
(73,16)
(74,5)
(75,17)
(77,5)
(78,20)
(79,9)
(82,25)
(118,5)
(119,2)
(120,7)
(121,1)
(122,9)
(124,47)
(126,11)
(127,17)
(129,34)
(132,22)
(1,58)
(2,64)
(5,16)
(9,14)
(52,8)
(53,11)
(56,29)
(57,17)
(59,5)
(60,6)
(83,15)
(84,9)
(85,14)
(86,2)
(87,29)
(88,10)
(91,4)
(92,16)
(93,25)
(94,30)
(95,21)
(97,78)
(98,8)
(99,2)
(100,15)
(101,20)
(102,16)
(103,25)
(146,2)
(149,115)
(151,35)
(156,9)
(160,4)
(161,2)
(163,4)
(164,13)
(166,19)
(225,25)
(226,47)
(227,16)
(228,38)
(229,14)
(230,49)
(231,3)
(232,67)
(233,5)
(133,7)
(136,32)
(137,27)
(138,21)
(139,23)
(142,7)
(143,61)
(144,39)
(145,34)
(247,29)
(248,31)
(252,43)
(253,35)
(254,59)
(255,29)
(257,11)
(259,85)
(263,101)
(277,3)
(387,6)
(388,15)
(520,4)
(522,6)
(570,39)
(571,10)
(572,13)
(573,11)
(234,6)
(236,21)
(237,7)
(238,14)
(239,18)
(240,50)
(241,9)
(242,21)
(243,10)
(1019,9)
(1020,8)
(1021,9)
(1022,18)
(1023,6)
(1024,10)
(1025,18)
(1026,28)
(1027,14)
(1075,8)
(1076,7)
(1077,7)
(1078,7)
(1079,5)
(1080,4)
(1081,19)
(1082,19)
(1083,2)
(574,49)
(575,23)
(576,24)
(577,8)
(578,8)
(579,28)
(581,15)
(582,50)
(584,15)
(1095,1)
(1097,14)
(1103,19)
(1104,2)
(1107,34)
(1108,16)
(1111,16)
(1112,4)
(1113,26)
(1041,7)
(1042,12)
(1043,2)
(1045,4)
(1046,23)
(1047,1)
(1048,8)
(1049,6)
(1050,3)
(1006,14)
(1007,5)
(1008,1)
(1009,2)
(1010,3)
(1014,129)
(1015,175)
(1016,81)
(1018,12)
(1084,9)
(1085,6)
(1087,11)
(1088,13)
(1089,8)
(1090,4)
(1091,11)
(1092,11)
(1093,3)
(1114,3)
(1115,53)
(1121,25)
(1122,22)
(1123,14)
(1164,17)
(1165,121)
(1166,133)
(1167,60)
(1168,16)
(1051,5)
(1052,10)
(1053,6)
(1054,4)
(1055,4)
(1056,3)
(1057,5)
(1059,3)
(1061,13)
(10056,44)
(10057,37)
(10058,5)
(10062,35)
(10064,45)
(10065,8)
(10066,22)
(10068,33)
(10069,17)
(10070,17)
(10071,34)
(10072,28)
(10073,18)
(10075,12)
(10076,53)
(10077,50)
(10078,15)
(10079,39)
(10136,47)
(10140,47)
(10141,1)
(10142,24)
(10145,115)
(10146,40)
(10403,11)
(10405,1)
(10406,25)
(1169,25)
(1170,40)
(1171,135)
(1173,44)
(1175,42)
(1176,18)
(1177,13)
(1180,98)
(1181,161)
(10091,60)
(10092,11)
(10093,41)
(10094,26)
(10095,19)
(10096,36)
(10097,47)
(10098,79)
(10099,6)
(10101,19)
(1182,67)
(1184,24)
(1186,12)
(1187,38)
(1301,50)
(1302,12)
(1303,4)
(1413,89)
(1414,130)
(10124,7)
(10127,26)
(10128,15)
(10130,10)
(10131,15)
(10132,9)
(10133,69)
(10134,44)
(10135,37)
(10080,29)
(10081,4)
(10082,39)
(10085,48)
(10086,26)
(10087,38)
(10088,10)
(10089,19)
(10090,3)
(10115,33)
(10116,18)
(10117,34)
(10118,23)
(10119,14)
(10120,34)
(10121,27)
(10122,4)
(10123,11)
(10408,14)
(10409,28)
(10410,14)
(10412,3)
(10414,16)
(10424,39)
(10568,40)
(10569,4)
(10571,1)
