(61,1)
(62,4)
(63,4)
(64,5)
(65,9)
(66,5)
(67,15)
(68,17)
(69,25)
(106,33)
(107,21)
(108,2)
(110,55)
(111,39)
(112,26)
(116,31)
(118,6)
(119,13)
(169,2)
(170,64)
(171,18)
(172,8)
(173,9)
(176,14)
(179,5)
(181,39)
(182,18)
(263,112)
(264,1)
(265,54)
(266,15)
(267,23)
(268,88)
(269,26)
(270,116)
(272,35)
(1061,20)
(1062,11)
(1066,6)
(1067,3)
(1068,4)
(1069,15)
(1070,16)
(1072,10)
(1073,12)
(1084,17)
(1085,14)
(1087,29)
(1088,10)
(1089,16)
(1090,3)
(1091,16)
(1092,30)
(1093,13)
(10002,25)
(10005,12)
(10006,16)
(10007,2)
(10013,73)
(10014,8)
(10017,6)
(10053,10)
(10056,70)
(10057,69)
(10058,12)
(10062,20)
(10064,40)
(10065,17)
(10066,20)
(10068,5)
(10069,23)
(10070,27)
(10104,29)
(10105,5)
(10106,7)
(10107,2)
(10108,14)
(10109,55)
(10111,4)
(10113,37)
(10114,4)
(10136,56)
(10140,11)
(10141,5)
(10142,17)
(10145,79)
(10146,83)
(10403,24)
(10405,9)
(10406,12)
(83,8)
(84,12)
(85,20)
(87,25)
(88,25)
(91,18)
(92,28)
(93,24)
(94,24)
(136,48)
(137,27)
(138,21)
(139,36)
(142,8)
(143,120)
(144,13)
(145,52)
(146,4)
(233,65)
(234,104)
(236,21)
(237,61)
(238,35)
(239,24)
(240,16)
(241,2)
(242,13)
(573,2)
(574,42)
(575,4)
(576,4)
(577,11)
(578,18)
(579,115)
(581,12)
(582,59)
(584,41)
(586,88)
(587,4)
(589,2)
(1001,93)
(1002,111)
(1004,11)
(1005,7)
(1006,11)
(1,7)
(2,100)
(5,83)
(9,7)
(52,5)
(53,19)
(56,15)
(57,1)
(59,3)
(1021,15)
(1022,21)
(1023,34)
(1024,13)
(1025,21)
(1026,16)
(1027,1)
(1028,6)
(1029,31)
(95,36)
(97,105)
(98,14)
(99,13)
(100,17)
(101,21)
(102,18)
(103,17)
(104,28)
(1097,33)
(1103,19)
(1104,33)
(1107,54)
(1108,15)
(1111,61)
(1113,73)
(1114,30)
(1115,127)
(149,80)
(151,72)
(156,16)
(160,10)
(161,1)
(163,3)
(164,12)
(166,18)
(168,7)
(243,24)
(247,41)
(248,40)
(252,91)
(253,23)
(254,21)
(255,87)
(257,4)
(259,85)
(1170,33)
(1171,50)
(1173,52)
(1175,64)
(1176,29)
(1177,33)
(1180,141)
(1181,16)
(1182,46)
(10081,19)
(10082,14)
(10085,6)
(10086,31)
(10087,39)
(10088,16)
(10089,27)
(10090,7)
(10091,15)
(1050,7)
(1051,10)
(1052,9)
(1053,8)
(1054,4)
(1055,8)
(1056,4)
(1057,13)
(1059,3)
(10115,45)
(10116,2)
(10117,67)
(10118,44)
(10119,21)
(10120,6)
(10121,20)
(10122,14)
(10123,16)
(1074,12)
(1075,11)
(1076,7)
(1077,10)
(1078,10)
(1079,6)
(1080,7)
(1081,1)
(1082,3)
(1121,7)
(1122,41)
(1123,10)
(1164,92)
(1165,120)
(1166,148)
(1167,69)
(1168,31)
(1169,28)
(10071,68)
(10072,10)
(10073,12)
(10075,9)
(10076,11)
(10077,15)
(10078,21)
(10079,14)
(10080,56)
(71,6)
(72,7)
(73,28)
(74,9)
(75,10)
(77,10)
(78,53)
(79,13)
(82,20)
(10408,2)
(10409,26)
(10410,98)
(10412,6)
(10414,10)
(10424,27)
(10568,55)
(10569,10)
(10570,1)
(120,7)
(121,6)
(122,21)
(124,16)
(126,3)
(127,2)
(129,62)
(132,16)
(133,11)
(184,20)
(225,16)
(226,92)
(227,18)
(228,93)
(229,44)
(230,90)
(231,17)
(232,88)
(274,62)
(275,35)
(277,2)
(387,3)
(388,22)
(520,4)
(570,34)
(571,8)
(572,5)
(1007,1)
(1008,5)
(1009,1)
(1014,163)
(1015,164)
(1016,119)
(1018,8)
(1019,30)
(1020,13)
(1031,10)
(1033,25)
(1034,17)
(1035,3)
(1036,45)
(1037,34)
(1038,7)
(1039,26)
(1040,13)
(1041,23)
(1042,14)
(1043,13)
(1045,1)
(1046,20)
(1047,2)
(1048,28)
(1049,9)
(1184,6)
(1186,12)
(1187,94)
(1301,1)
(1302,2)
(1303,3)
(1413,58)
(1414,179)
(1415,60)
(10092,2)
(10093,66)
(10094,16)
(10095,28)
(10096,25)
(10097,15)
(10098,18)
(10099,18)
(10101,11)
(10124,5)
(10127,72)
(10128,25)
(10130,6)
(10131,7)
(10132,10)
(10133,32)
(10134,41)
(10135,13)
(10573,2)
(10574,1)
(10575,2)
(10580,9)
(10581,2)
(10582,4)
(10585,1)
(10638,57)
