(1,5)
(2,111)
(5,68)
(9,9)
(11,5)
(52,2)
(53,17)
(56,13)
(57,2)
(59,9)
(94,30)
(95,65)
(97,99)
(98,7)
(99,5)
(100,12)
(101,10)
(102,7)
(103,8)
(146,4)
(149,126)
(151,94)
(156,18)
(160,18)
(161,2)
(163,2)
(164,6)
(166,22)
(243,4)
(247,28)
(248,20)
(252,32)
(253,20)
(254,34)
(255,64)
(257,9)
(259,89)
(589,7)
(590,8)
(591,33)
(1001,84)
(1002,225)
(1003,1)
(1004,8)
(1005,11)
(1006,75)
(1075,5)
(1076,8)
(1077,18)
(1078,3)
(1079,9)
(1080,16)
(1081,37)
(1082,14)
(1083,3)
(1084,13)
(1096,1)
(1097,28)
(1103,16)
(1104,14)
(1107,27)
(1108,13)
(1111,83)
(1112,6)
(1113,82)
(1114,38)
(1115,117)
(1121,5)
(1122,53)
(1123,12)
(1164,79)
(1165,196)
(1166,165)
(1167,81)
(10091,32)
(10092,8)
(10093,75)
(10094,63)
(10095,18)
(10096,99)
(10097,80)
(10098,28)
(10099,6)
(10570,1)
(10571,5)
(10572,3)
(10573,1)
(10574,6)
(10575,14)
(10580,1)
(10581,8)
(10638,118)
(83,5)
(84,10)
(85,23)
(86,1)
(87,15)
(88,16)
(91,8)
(92,24)
(93,28)
(132,10)
(133,10)
(136,53)
(137,39)
(138,21)
(139,20)
(142,17)
(143,72)
(144,19)
(145,70)
(71,13)
(72,7)
(73,30)
(74,9)
(75,21)
(77,8)
(78,30)
(79,9)
(82,31)
(118,3)
(119,13)
(120,8)
(121,9)
(122,10)
(124,36)
(126,2)
(127,3)
(129,49)
(61,9)
(62,6)
(63,12)
(64,13)
(65,8)
(66,4)
(67,13)
(68,22)
(69,65)
(233,43)
(234,146)
(236,55)
(237,43)
(238,70)
(239,83)
(240,26)
(241,20)
(242,21)
(104,22)
(106,16)
(107,43)
(108,3)
(110,27)
(111,20)
(112,17)
(115,8)
(116,42)
(574,66)
(575,17)
(576,7)
(577,4)
(578,7)
(579,131)
(581,8)
(582,20)
(584,44)
(586,47)
(182,32)
(225,61)
(226,103)
(227,29)
(228,62)
(229,70)
(230,65)
(231,12)
(232,80)
(168,24)
(169,4)
(170,36)
(171,1)
(172,19)
(173,15)
(176,36)
(179,1)
(181,39)
(1007,5)
(1008,1)
(1009,4)
(1014,183)
(1015,177)
(1016,140)
(1018,18)
(1019,33)
(1020,18)
(274,119)
(275,27)
(277,3)
(387,3)
(388,14)
(570,78)
(571,19)
(572,15)
(573,2)
(263,171)
(264,6)
(265,46)
(266,13)
(267,38)
(268,129)
(269,25)
(270,87)
(272,25)
(1168,54)
(1169,27)
(1170,9)
(1171,38)
(1173,33)
(1175,52)
(1176,31)
(1177,17)
(1180,163)
(1051,3)
(1052,2)
(1053,6)
(1054,3)
(1055,7)
(1056,11)
(1057,9)
(1059,2)
(1061,21)
(1181,5)
(1182,37)
(1184,3)
(1186,21)
(1187,92)
(1301,6)
(1302,14)
(1303,49)
(1413,52)
(1021,11)
(1022,12)
(1023,16)
(1024,9)
(1025,57)
(1026,23)
(1027,20)
(1028,13)
(1029,20)
(1062,26)
(1066,6)
(1067,10)
(1068,5)
(1069,13)
(1070,26)
(1072,8)
(1073,5)
(1074,12)
(1031,12)
(1032,3)
(1033,26)
(1034,30)
(1035,12)
(1036,23)
(1037,26)
(1038,6)
(1039,42)
(1085,19)
(1087,48)
(1088,14)
(1089,19)
(1090,1)
(1091,35)
(1092,32)
(1093,9)
(1095,2)
(1414,128)
(1415,48)
(10002,18)
(10005,11)
(10007,1)
(10013,82)
(10014,8)
(10017,7)
(10053,4)
(1040,13)
(1041,12)
(1042,5)
(1043,7)
(1046,21)
(1047,10)
(1048,17)
(1049,9)
(1050,2)
(10081,25)
(10082,47)
(10084,36)
(10085,40)
(10086,23)
(10087,36)
(10088,11)
(10089,19)
(10090,18)
(10056,48)
(10057,61)
(10058,4)
(10062,25)
(10064,58)
(10065,14)
(10066,19)
(10068,65)
(10069,45)
(10070,33)
(10071,50)
(10072,14)
(10073,11)
(10075,14)
(10076,46)
(10077,27)
(10078,14)
(10079,65)
(10080,47)
(10123,51)
(10124,10)
(10127,58)
(10128,35)
(10130,29)
(10131,17)
(10132,23)
(10133,106)
(10134,25)
(10101,48)
(10104,59)
(10105,22)
(10106,10)
(10107,8)
(10108,31)
(10109,74)
(10111,5)
(10113,29)
(10114,11)
(10115,44)
(10116,14)
(10117,39)
(10118,46)
(10119,10)
(10120,28)
(10121,27)
(10122,12)
(10135,53)
(10136,48)
(10140,71)
(10141,6)
(10142,28)
(10145,116)
(10146,74)
(10403,20)
(10405,41)
(10406,35)
(10408,10)
(10409,29)
(10410,55)
(10412,2)
(10414,28)
(10424,29)
(10568,35)
(10569,6)
